Cell Index,Cell X,Cell Y,Height,Azimuth,Electrical Downtilt,Mechanical Downtilt,Frequency Band,RS Power,Cell Altitude,Cell Building Height,Cell Clutter Index,X,Y,Altitude,Building Height,Clutter Index,RSRP
513801,408960.0,3389910.0,29,190,9,3,2585.0,9.2,497,15,13,408630,3389180,494,0,13,-89.0
513801,408960.0,3389910.0,29,190,9,3,2585.0,9.2,497,15,13,409010,3389805,495,0,5,-87.0
513801,408960.0,3389910.0,29,190,9,3,2585.0,9.2,497,15,13,409125,3389940,497,0,5,-106.0
513801,408960.0,3389910.0,29,190,9,3,2585.0,9.2,497,15,13,409030,3389825,495,0,5,-104.5
513801,408960.0,3389910.0,29,190,9,3,2585.0,9.2,497,15,13,409015,3389810,495,0,5,-79.0
513801,408960.0,3389910.0,29,190,9,3,2585.0,9.2,497,15,13,408960,3389775,496,0,5,-79.1
513801,408960.0,3389910.0,29,190,9,3,2585.0,9.2,497,15,13,408995,3389790,495,0,6,-80.38
513801,408960.0,3389910.0,29,190,9,3,2585.0,9.2,497,15,13,409025,3389840,495,21,13,-79.25
513801,408960.0,3389910.0,29,190,9,3,2585.0,9.2,497,15,13,408970,3389765,496,0,5,-75.98
513801,408960.0,3389910.0,29,190,9,3,2585.0,9.2,497,15,13,408975,3389770,496,0,5,-72.8
513801,408960.0,3389910.0,29,190,9,3,2585.0,9.2,497,15,13,409055,3389850,495,0,13,-92.7
513801,408960.0,3389910.0,29,190,9,3,2585.0,9.2,497,15,13,408965,3389780,496,0,6,-81.34
513801,408960.0,3389910.0,29,190,9,3,2585.0,9.2,497,15,13,409070,3389865,495,0,5,-97.5
513801,408960.0,3389910.0,29,190,9,3,2585.0,9.2,497,15,13,409000,3389815,495,0,5,-71.92
513801,408960.0,3389910.0,29,190,9,3,2585.0,9.2,497,15,13,408985,3389800,496,0,6,-76.19
513801,408960.0,3389910.0,29,190,9,3,2585.0,9.2,497,15,13,409005,3389820,495,6,5,-77.29
513801,408960.0,3389910.0,29,190,9,3,2585.0,9.2,497,15,13,408990,3389785,495,0,6,-80.89
513801,408960.0,3389910.0,29,190,9,3,2585.0,9.2,497,15,13,408980,3389795,496,0,6,-78.19
513801,408960.0,3389910.0,29,190,9,3,2585.0,9.2,497,15,13,409065,3389880,496,0,13,-93.29
513801,408960.0,3389910.0,29,190,9,3,2585.0,9.2,497,15,13,409050,3389845,495,18,5,-94.0
513801,408960.0,3389910.0,29,190,9,3,2585.0,9.2,497,15,13,409135,3389930,497,0,5,-79.0
513801,408960.0,3389910.0,29,190,9,3,2585.0,9.2,497,15,13,409075,3389870,496,0,5,-102.0
513801,408960.0,3389910.0,29,190,9,3,2585.0,9.2,497,15,13,409060,3389875,495,21,5,-87.67
513801,408960.0,3389910.0,29,190,9,3,2585.0,9.2,497,15,13,409020,3389835,495,0,13,-70.75
513801,408960.0,3389910.0,29,190,9,3,2585.0,9.2,497,15,13,409595,3390865,500,0,5,-83.0
513801,408960.0,3389910.0,29,190,9,3,2585.0,9.2,497,15,13,409040,3389840,495,21,5,-82.0
513801,408960.0,3389910.0,29,190,9,3,2585.0,9.2,497,15,13,408965,3389915,497,15,13,-85.0
513801,408960.0,3389910.0,29,190,9,3,2585.0,9.2,497,15,13,409050,3389830,495,0,13,-98.75
513801,408960.0,3389910.0,29,190,9,3,2585.0,9.2,497,15,13,409145,3390055,497,0,5,-92.45
513801,408960.0,3389910.0,29,190,9,3,2585.0,9.2,497,15,13,409025,3389855,495,0,5,-71.74
513801,408960.0,3389910.0,29,190,9,3,2585.0,9.2,497,15,13,409150,3390050,497,21,5,-92.0
513801,408960.0,3389910.0,29,190,9,3,2585.0,9.2,497,15,13,409140,3390060,497,0,5,-94.27
513801,408960.0,3389910.0,29,190,9,3,2585.0,9.2,497,15,13,408990,3389890,496,6,6,-82.24
513801,408960.0,3389910.0,29,190,9,3,2585.0,9.2,497,15,13,408995,3389885,496,0,6,-82.45
513801,408960.0,3389910.0,29,190,9,3,2585.0,9.2,497,15,13,409010,3389870,495,0,13,-77.96
513801,408960.0,3389910.0,29,190,9,3,2585.0,9.2,497,15,13,408980,3389900,497,0,5,-96.47
513801,408960.0,3389910.0,29,190,9,3,2585.0,9.2,497,15,13,408970,3389910,497,0,5,-82.73
513801,408960.0,3389910.0,29,190,9,3,2585.0,9.2,497,15,13,409130,3390070,497,0,13,-94.02
513801,408960.0,3389910.0,29,190,9,3,2585.0,9.2,497,15,13,409135,3390065,497,0,5,-93.7
513801,408960.0,3389910.0,29,190,9,3,2585.0,9.2,497,15,13,409120,3390080,497,0,13,-94.84
513801,408960.0,3389910.0,29,190,9,3,2585.0,9.2,497,15,13,409125,3390075,497,0,5,-96.07
513801,408960.0,3389910.0,29,190,9,3,2585.0,9.2,497,15,13,409020,3389860,495,0,5,-68.79
513801,408960.0,3389910.0,29,190,9,3,2585.0,9.2,497,15,13,409005,3389875,496,0,13,-77.54
513801,408960.0,3389910.0,29,190,9,3,2585.0,9.2,497,15,13,409015,3389865,495,0,13,-72.68
513801,408960.0,3389910.0,29,190,9,3,2585.0,9.2,497,15,13,409000,3389880,496,0,5,-81.5
513801,408960.0,3389910.0,29,190,9,3,2585.0,9.2,497,15,13,409055,3389825,495,0,5,-91.19
513801,408960.0,3389910.0,29,190,9,3,2585.0,9.2,497,15,13,409035,3389845,495,21,5,-85.5
513801,408960.0,3389910.0,29,190,9,3,2585.0,9.2,497,15,13,408985,3389895,496,6,6,-87.86
513801,408960.0,3389910.0,29,190,9,3,2585.0,9.2,497,15,13,408975,3389905,497,0,5,-95.57
513801,408960.0,3389910.0,29,190,9,3,2585.0,9.2,497,15,13,409060,3389820,495,0,5,-89.5
513801,408960.0,3389910.0,29,190,9,3,2585.0,9.2,497,15,13,408960,3389920,497,0,5,-88.8
513801,408960.0,3389910.0,29,190,9,3,2585.0,9.2,497,15,13,409030,3389850,495,21,5,-79.1
513801,408960.0,3389910.0,29,190,9,3,2585.0,9.2,497,15,13,409025,3389685,497,0,13,-92.38
513801,408960.0,3389910.0,29,190,9,3,2585.0,9.2,497,15,13,408985,3389725,497,0,5,-84.54
513801,408960.0,3389910.0,29,190,9,3,2585.0,9.2,497,15,13,409055,3389675,497,0,5,-101.91
513801,408960.0,3389910.0,29,190,9,3,2585.0,9.2,497,15,13,409035,3389695,497,0,5,-92.45
513801,408960.0,3389910.0,29,190,9,3,2585.0,9.2,497,15,13,408995,3389735,496,0,13,-84.68
513801,408960.0,3389910.0,29,190,9,3,2585.0,9.2,497,15,13,409095,3389635,498,0,13,-95.25
513801,408960.0,3389910.0,29,190,9,3,2585.0,9.2,497,15,13,409065,3389645,498,21,5,-100.0
513801,408960.0,3389910.0,29,190,9,3,2585.0,9.2,497,15,13,409015,3389715,497,0,13,-90.3
513801,408960.0,3389910.0,29,190,9,3,2585.0,9.2,497,15,13,409085,3389625,498,0,5,-123.25
513801,408960.0,3389910.0,29,190,9,3,2585.0,9.2,497,15,13,408980,3389730,497,0,5,-81.79
513801,408960.0,3389910.0,29,190,9,3,2585.0,9.2,497,15,13,409040,3389670,497,21,5,-98.1
513801,408960.0,3389910.0,29,190,9,3,2585.0,9.2,497,15,13,409020,3389690,497,0,13,-88.19
513801,408960.0,3389910.0,29,190,9,3,2585.0,9.2,497,15,13,409030,3389700,497,0,5,-92.1
513801,408960.0,3389910.0,29,190,9,3,2585.0,9.2,497,15,13,409005,3389705,497,0,5,-88.98
513801,408960.0,3389910.0,29,190,9,3,2585.0,9.2,497,15,13,408975,3389755,496,0,13,-73.47
513801,408960.0,3389910.0,29,190,9,3,2585.0,9.2,497,15,13,409090,3389640,498,0,13,-106.38
513801,408960.0,3389910.0,29,190,9,3,2585.0,9.2,497,15,13,409050,3389680,497,0,13,-97.13
513801,408960.0,3389910.0,29,190,9,3,2585.0,9.2,497,15,13,408990,3389740,496,0,13,-79.56
513801,408960.0,3389910.0,29,190,9,3,2585.0,9.2,497,15,13,409045,3389665,497,21,5,-105.17
513801,408960.0,3389910.0,29,190,9,3,2585.0,9.2,497,15,13,408965,3389745,496,0,13,-79.22
513801,408960.0,3389910.0,29,190,9,3,2585.0,9.2,497,15,13,409000,3389710,497,0,5,-84.9
513801,408960.0,3389910.0,29,190,9,3,2585.0,9.2,497,15,13,408960,3389750,496,0,5,-78.32
513801,408960.0,3389910.0,29,190,9,3,2585.0,9.2,497,15,13,409010,3389720,497,0,13,-90.16
513801,408960.0,3389910.0,29,190,9,3,2585.0,9.2,497,15,13,409060,3389650,498,21,13,-109.06
513801,408960.0,3389910.0,29,190,9,3,2585.0,9.2,497,15,13,408970,3389760,496,0,13,-77.68
513801,408960.0,3389910.0,29,190,9,3,2585.0,9.2,497,15,13,409070,3389660,498,0,5,-101.06
513801,408960.0,3389910.0,29,190,9,3,2585.0,9.2,497,15,13,409075,3389655,498,0,5,-112.1
513801,408960.0,3389910.0,29,190,9,3,2585.0,9.2,497,15,13,409105,3390110,497,51,6,-98.0
513801,408960.0,3389910.0,29,190,9,3,2585.0,9.2,497,15,13,408940,3389945,498,15,5,-91.0
513801,408960.0,3389910.0,29,190,9,3,2585.0,9.2,497,15,13,409090,3390095,497,0,6,-96.0
513801,408960.0,3389910.0,29,190,9,3,2585.0,9.2,497,15,13,409180,3390345,496,0,5,-104.33
513801,408960.0,3389910.0,29,190,9,3,2585.0,9.2,497,15,13,409160,3390325,497,0,5,-99.5
513801,408960.0,3389910.0,29,190,9,3,2585.0,9.2,497,15,13,409080,3390085,498,0,5,-99.5
513801,408960.0,3389910.0,29,190,9,3,2585.0,9.2,497,15,13,409085,3390090,498,0,5,-98.25
513801,408960.0,3389910.0,29,190,9,3,2585.0,9.2,497,15,13,409005,3389745,496,0,13,-85.75
513801,408960.0,3389910.0,29,190,9,3,2585.0,9.2,497,15,13,409020,3389730,496,0,13,-82.25
513801,408960.0,3389910.0,29,190,9,3,2585.0,9.2,497,15,13,408995,3389695,497,15,13,-79.71
513801,408960.0,3389910.0,29,190,9,3,2585.0,9.2,497,15,13,409110,3389660,498,0,13,-122.75
513801,408960.0,3389910.0,29,190,9,3,2585.0,9.2,497,15,13,408980,3389690,498,15,5,-81.0
513801,408960.0,3389910.0,29,190,9,3,2585.0,9.2,497,15,13,409090,3389680,497,0,5,-109.17
513801,408960.0,3389910.0,29,190,9,3,2585.0,9.2,497,15,13,409095,3389675,497,0,6,-108.0
513801,408960.0,3389910.0,29,190,9,3,2585.0,9.2,497,15,13,409080,3389670,497,0,5,-98.44
513801,408960.0,3389910.0,29,190,9,3,2585.0,9.2,497,15,13,409105,3389645,498,0,5,-118.0
513801,408960.0,3389910.0,29,190,9,3,2585.0,9.2,497,15,13,408960,3389710,497,0,5,-76.14
513801,408960.0,3389910.0,29,190,9,3,2585.0,9.2,497,15,13,408970,3389720,497,0,13,-77.69
513801,408960.0,3389910.0,29,190,9,3,2585.0,9.2,497,15,13,409085,3389665,497,0,6,-105.11
513801,408960.0,3389910.0,29,190,9,3,2585.0,9.2,497,15,13,408975,3389715,497,0,13,-76.11
513801,408960.0,3389910.0,29,190,9,3,2585.0,9.2,497,15,13,409115,3389655,498,0,13,-95.13
513801,408960.0,3389910.0,29,190,9,3,2585.0,9.2,497,15,13,408990,3389700,497,0,5,-80.26
513801,408960.0,3389910.0,29,190,9,3,2585.0,9.2,497,15,13,409100,3389650,498,0,5,-117.15
513801,408960.0,3389910.0,29,190,9,3,2585.0,9.2,497,15,13,408965,3389705,497,0,5,-75.61
513801,408960.0,3389910.0,29,190,9,3,2585.0,9.2,497,15,13,409025,3389725,496,0,5,-84.0
513801,408960.0,3389910.0,29,190,9,3,2585.0,9.2,497,15,13,409000,3389750,496,0,13,-87.2
513801,408960.0,3389910.0,29,190,9,3,2585.0,9.2,497,15,13,409050,3389640,498,21,5,-103.0
513801,408960.0,3389910.0,29,190,9,3,2585.0,9.2,497,15,13,409075,3389615,498,0,13,-104.0
513801,408960.0,3389910.0,29,190,9,3,2585.0,9.2,497,15,13,408985,3389685,497,15,5,-88.8
513801,408960.0,3389910.0,29,190,9,3,2585.0,9.2,497,15,13,408735,3389355,495,0,13,-84.0
513801,408960.0,3389910.0,29,190,9,3,2585.0,9.2,497,15,13,408730,3389360,495,0,13,-91.0
513801,408960.0,3389910.0,29,190,9,3,2585.0,9.2,497,15,13,408500,3388930,494,0,12,-101.0
513801,408960.0,3389910.0,29,190,9,3,2585.0,9.2,497,15,13,408720,3389350,495,0,5,-84.5
513801,408960.0,3389910.0,29,190,9,3,2585.0,9.2,497,15,13,409195,3389685,501,0,6,-111.67
513801,408960.0,3389910.0,29,190,9,3,2585.0,9.2,497,15,13,409200,3389680,501,0,6,-103.71
513801,408960.0,3389910.0,29,190,9,3,2585.0,9.2,497,15,13,409120,3390100,496,0,6,-97.33
513801,408960.0,3389910.0,29,190,9,3,2585.0,9.2,497,15,13,409130,3390090,497,0,5,-97.37
513801,408960.0,3389910.0,29,190,9,3,2585.0,9.2,497,15,13,409190,3390150,496,0,10,-98.82
513801,408960.0,3389910.0,29,190,9,3,2585.0,9.2,497,15,13,409175,3390125,495,0,5,-92.88
513801,408960.0,3389910.0,29,190,9,3,2585.0,9.2,497,15,13,409160,3390140,496,0,5,-101.74
513801,408960.0,3389910.0,29,190,9,3,2585.0,9.2,497,15,13,409200,3390180,498,0,5,-101.38
513801,408960.0,3389910.0,29,190,9,3,2585.0,9.2,497,15,13,408955,3389905,497,0,5,-89.67
513801,408960.0,3389910.0,29,190,9,3,2585.0,9.2,497,15,13,409185,3390155,496,0,10,-101.88
513801,408960.0,3389910.0,29,190,9,3,2585.0,9.2,497,15,13,409155,3390105,496,0,12,-94.63
513801,408960.0,3389910.0,29,190,9,3,2585.0,9.2,497,15,13,409215,3390165,497,0,5,-94.0
513801,408960.0,3389910.0,29,190,9,3,2585.0,9.2,497,15,13,409140,3390120,496,0,5,-101.25
513801,408960.0,3389910.0,29,190,9,3,2585.0,9.2,497,15,13,409135,3390085,497,0,5,-95.35
513801,408960.0,3389910.0,29,190,9,3,2585.0,9.2,497,15,13,409125,3390095,497,0,5,-98.02
513801,408960.0,3389910.0,29,190,9,3,2585.0,9.2,497,15,13,409205,3390175,497,0,5,-99.71
513801,408960.0,3389910.0,29,190,9,3,2585.0,9.2,497,15,13,409150,3390110,496,0,5,-98.53
513801,408960.0,3389910.0,29,190,9,3,2585.0,9.2,497,15,13,409170,3390130,496,0,5,-96.95
513801,408960.0,3389910.0,29,190,9,3,2585.0,9.2,497,15,13,409180,3390160,496,0,5,-102.78
513801,408960.0,3389910.0,29,190,9,3,2585.0,9.2,497,15,13,409145,3390115,496,0,5,-100.3
513801,408960.0,3389910.0,29,190,9,3,2585.0,9.2,497,15,13,409165,3390135,496,0,5,-101.49
513801,408960.0,3389910.0,29,190,9,3,2585.0,9.2,497,15,13,409195,3390145,496,0,10,-98.63
513801,408960.0,3389910.0,29,190,9,3,2585.0,9.2,497,15,13,409210,3390170,497,0,5,-98.25
513801,408960.0,3389910.0,29,190,9,3,2585.0,9.2,497,15,13,409200,3390170,497,0,5,-100.44
513801,408960.0,3389910.0,29,190,9,3,2585.0,9.2,497,15,13,408955,3389915,497,15,13,-96.0
513801,408960.0,3389910.0,29,190,9,3,2585.0,9.2,497,15,13,409180,3390150,496,0,5,-101.27
513801,408960.0,3389910.0,29,190,9,3,2585.0,9.2,497,15,13,409185,3390145,496,0,10,-97.41
513801,408960.0,3389910.0,29,190,9,3,2585.0,9.2,497,15,13,409175,3390135,496,0,10,-97.48
513801,408960.0,3389910.0,29,190,9,3,2585.0,9.2,497,15,13,409135,3390095,496,0,12,-97.35
513801,408960.0,3389910.0,29,190,9,3,2585.0,9.2,497,15,13,409170,3390140,496,0,5,-100.42
513801,408960.0,3389910.0,29,190,9,3,2585.0,9.2,497,15,13,409140,3390110,496,0,5,-98.25
513801,408960.0,3389910.0,29,190,9,3,2585.0,9.2,497,15,13,409125,3390085,497,0,13,-97.87
513801,408960.0,3389910.0,29,190,9,3,2585.0,9.2,497,15,13,409130,3390100,496,0,5,-99.92
513801,408960.0,3389910.0,29,190,9,3,2585.0,9.2,497,15,13,409165,3390125,495,0,5,-97.53
513801,408960.0,3389910.0,29,190,9,3,2585.0,9.2,497,15,13,409160,3390130,496,0,5,-101.26
513801,408960.0,3389910.0,29,190,9,3,2585.0,9.2,497,15,13,409145,3390105,496,0,12,-97.54
513801,408960.0,3389910.0,29,190,9,3,2585.0,9.2,497,15,13,409155,3390115,496,0,6,-97.28
513801,408960.0,3389910.0,29,190,9,3,2585.0,9.2,497,15,13,409205,3390165,497,0,10,-98.9
513801,408960.0,3389910.0,29,190,9,3,2585.0,9.2,497,15,13,409120,3390090,497,0,5,-97.37
513801,408960.0,3389910.0,29,190,9,3,2585.0,9.2,497,15,13,409190,3390160,497,0,10,-100.11
513801,408960.0,3389910.0,29,190,9,3,2585.0,9.2,497,15,13,409210,3390180,498,0,5,-102.0
513801,408960.0,3389910.0,29,190,9,3,2585.0,9.2,497,15,13,409150,3390120,496,0,6,-99.77
513801,408960.0,3389910.0,29,190,9,3,2585.0,9.2,497,15,13,409215,3390175,497,0,5,-97.2
513801,408960.0,3389910.0,29,190,9,3,2585.0,9.2,497,15,13,409195,3390155,496,0,10,-98.0
513801,408960.0,3389910.0,29,190,9,3,2585.0,9.2,497,15,13,409055,3389645,498,0,13,-115.0
513801,408960.0,3389910.0,29,190,9,3,2585.0,9.2,497,15,13,409025,3389715,496,0,5,-90.74
513801,408960.0,3389910.0,29,190,9,3,2585.0,9.2,497,15,13,408995,3389745,496,0,13,-85.5
513801,408960.0,3389910.0,29,190,9,3,2585.0,9.2,497,15,13,409035,3389705,497,0,5,-89.06
513801,408960.0,3389910.0,29,190,9,3,2585.0,9.2,497,15,13,408960,3389740,497,0,5,-79.91
513801,408960.0,3389910.0,29,190,9,3,2585.0,9.2,497,15,13,409020,3389720,496,0,13,-86.43
513801,408960.0,3389910.0,29,190,9,3,2585.0,9.2,497,15,13,408985,3389755,496,0,13,-75.28
513801,408960.0,3389910.0,29,190,9,3,2585.0,9.2,497,15,13,409110,3389630,498,0,13,-109.5
513801,408960.0,3389910.0,29,190,9,3,2585.0,9.2,497,15,13,409010,3389690,497,0,13,-82.83
513801,408960.0,3389910.0,29,190,9,3,2585.0,9.2,497,15,13,409050,3389650,498,21,13,-105.17
513801,408960.0,3389910.0,29,190,9,3,2585.0,9.2,497,15,13,409000,3389700,497,0,13,-80.6
513801,408960.0,3389910.0,29,190,9,3,2585.0,9.2,497,15,13,408965,3389735,497,0,5,-80.12
513801,408960.0,3389910.0,29,190,9,3,2585.0,9.2,497,15,13,409065,3389675,497,0,5,-107.83
513801,408960.0,3389910.0,29,190,9,3,2585.0,9.2,497,15,13,409075,3389665,497,0,5,-104.14
513801,408960.0,3389910.0,29,190,9,3,2585.0,9.2,497,15,13,409005,3389695,497,0,13,-82.77
513801,408960.0,3389910.0,29,190,9,3,2585.0,9.2,497,15,13,409060,3389680,497,0,13,-106.94
513801,408960.0,3389910.0,29,190,9,3,2585.0,9.2,497,15,13,409070,3389670,497,0,5,-100.7
513801,408960.0,3389910.0,29,190,9,3,2585.0,9.2,497,15,13,408975,3389725,497,0,5,-80.38
513801,408960.0,3389910.0,29,190,9,3,2585.0,9.2,497,15,13,408980,3389760,496,0,13,-72.41
513801,408960.0,3389910.0,29,190,9,3,2585.0,9.2,497,15,13,408970,3389730,497,0,5,-79.89
513801,408960.0,3389910.0,29,190,9,3,2585.0,9.2,497,15,13,409105,3389635,498,0,13,-115.14
513801,408960.0,3389910.0,29,190,9,3,2585.0,9.2,497,15,13,409045,3389655,497,21,13,-125.33
513801,408960.0,3389910.0,29,190,9,3,2585.0,9.2,497,15,13,409040,3389660,497,21,5,-100.67
513801,408960.0,3389910.0,29,190,9,3,2585.0,9.2,497,15,13,409100,3389640,498,0,5,-110.75
513801,408960.0,3389910.0,29,190,9,3,2585.0,9.2,497,15,13,409015,3389685,497,15,5,-87.81
513801,408960.0,3389910.0,29,190,9,3,2585.0,9.2,497,15,13,408990,3389750,496,0,13,-76.56
513801,408960.0,3389910.0,29,190,9,3,2585.0,9.2,497,15,13,409030,3389710,497,0,5,-89.61
513801,408960.0,3389910.0,29,190,9,3,2585.0,9.2,497,15,13,409005,3389940,496,24,6,-76.5
513801,408960.0,3389910.0,29,190,9,3,2585.0,9.2,497,15,13,409000,3389935,496,0,5,-83.0
513801,408960.0,3389910.0,29,190,9,3,2585.0,9.2,497,15,13,409030,3389945,496,0,6,-75.53
513801,408960.0,3389910.0,29,190,9,3,2585.0,9.2,497,15,13,409110,3390025,498,0,5,-89.09
513801,408960.0,3389910.0,29,190,9,3,2585.0,9.2,497,15,13,409095,3390010,498,0,13,-83.88
513801,408960.0,3389910.0,29,190,9,3,2585.0,9.2,497,15,13,409080,3390015,498,0,5,-83.73
513801,408960.0,3389910.0,29,190,9,3,2585.0,9.2,497,15,13,409020,3389955,496,24,6,-74.5
513801,408960.0,3389910.0,29,190,9,3,2585.0,9.2,497,15,13,409115,3390030,498,12,5,-92.19
513801,408960.0,3389910.0,29,190,9,3,2585.0,9.2,497,15,13,409025,3389960,496,24,6,-76.67
513801,408960.0,3389910.0,29,190,9,3,2585.0,9.2,497,15,13,409015,3389930,496,24,6,-77.81
513801,408960.0,3389910.0,29,190,9,3,2585.0,9.2,497,15,13,409010,3389925,496,24,6,-75.35
513801,408960.0,3389910.0,29,190,9,3,2585.0,9.2,497,15,13,409100,3390035,498,0,13,-90.98
513801,408960.0,3389910.0,29,190,9,3,2585.0,9.2,497,15,13,409090,3390005,498,0,13,-83.93
513801,408960.0,3389910.0,29,190,9,3,2585.0,9.2,497,15,13,409085,3390020,498,0,13,-85.56
513801,408960.0,3389910.0,29,190,9,3,2585.0,9.2,497,15,13,409105,3390040,498,0,13,-94.23
513801,408960.0,3389910.0,29,190,9,3,2585.0,9.2,497,15,13,409035,3389950,496,0,6,-78.53
513801,408960.0,3389910.0,29,190,9,3,2585.0,9.2,497,15,13,409240,3389855,501,0,5,-111.67
513801,408960.0,3389910.0,29,190,9,3,2585.0,9.2,497,15,13,409035,3389835,495,21,13,-81.33
513801,408960.0,3389910.0,29,190,9,3,2585.0,9.2,497,15,13,409050,3389860,495,21,13,-89.2
513801,408960.0,3389910.0,29,190,9,3,2585.0,9.2,497,15,13,409005,3389805,495,6,5,-83.67
513801,408960.0,3389910.0,29,190,9,3,2585.0,9.2,497,15,13,409190,3390000,497,0,5,-106.0
513801,408960.0,3389910.0,29,190,9,3,2585.0,9.2,497,15,13,409015,3389815,495,0,5,-83.0
513801,408960.0,3389910.0,29,190,9,3,2585.0,9.2,497,15,13,409020,3389830,495,0,5,-80.0
513801,408960.0,3389910.0,29,190,9,3,2585.0,9.2,497,15,13,409010,3389820,495,6,5,-72.67
513801,408960.0,3389910.0,29,190,9,3,2585.0,9.2,497,15,13,408965,3389765,496,0,5,-84.0
513801,408960.0,3389910.0,29,190,9,3,2585.0,9.2,497,15,13,408960,3389770,496,0,5,-82.22
513801,408960.0,3389910.0,29,190,9,3,2585.0,9.2,497,15,13,408995,3389795,495,0,6,-80.11
513801,408960.0,3389910.0,29,190,9,3,2585.0,9.2,497,15,13,408975,3389775,496,0,6,-74.77
513801,408960.0,3389910.0,29,190,9,3,2585.0,9.2,497,15,13,408990,3389800,496,0,6,-79.34
513801,408960.0,3389910.0,29,190,9,3,2585.0,9.2,497,15,13,408985,3389785,496,0,6,-75.15
513801,408960.0,3389910.0,29,190,9,3,2585.0,9.2,497,15,13,408970,3389780,496,0,6,-82.53
513801,408960.0,3389910.0,29,190,9,3,2585.0,9.2,497,15,13,408980,3389790,496,0,6,-75.42
513801,408960.0,3389910.0,29,190,9,3,2585.0,9.2,497,15,13,409065,3389865,495,0,5,-100.5
513801,408960.0,3389910.0,29,190,9,3,2585.0,9.2,497,15,13,409070,3389880,496,21,13,-97.11
513801,408960.0,3389910.0,29,190,9,3,2585.0,9.2,497,15,13,409075,3389875,496,0,13,-87.0
513801,408960.0,3389910.0,29,190,9,3,2585.0,9.2,497,15,13,409040,3389850,495,21,5,-85.5
513801,408960.0,3389910.0,29,190,9,3,2585.0,9.2,497,15,13,409030,3389840,495,21,13,-75.0
513801,408960.0,3389910.0,29,190,9,3,2585.0,9.2,497,15,13,409055,3389855,495,0,13,-91.33
513801,408960.0,3389910.0,29,190,9,3,2585.0,9.2,497,15,13,409060,3389870,495,0,5,-98.43
513801,408960.0,3389910.0,29,190,9,3,2585.0,9.2,497,15,13,409000,3389810,495,6,5,-77.12
513801,408960.0,3389910.0,29,190,9,3,2585.0,9.2,497,15,13,409080,3389890,496,0,5,-93.0
513801,408960.0,3389910.0,29,190,9,3,2585.0,9.2,497,15,13,409065,3389925,496,0,5,-75.29
513801,408960.0,3389910.0,29,190,9,3,2585.0,9.2,497,15,13,409075,3389935,496,6,12,-70.0
513801,408960.0,3389910.0,29,190,9,3,2585.0,9.2,497,15,13,409090,3390000,498,0,13,-83.83
513801,408960.0,3389910.0,29,190,9,3,2585.0,9.2,497,15,13,409055,3389955,496,0,5,-77.09
513801,408960.0,3389910.0,29,190,9,3,2585.0,9.2,497,15,13,409040,3389950,496,0,5,-78.78
513801,408960.0,3389910.0,29,190,9,3,2585.0,9.2,497,15,13,409070,3389940,496,0,12,-76.82
513801,408960.0,3389910.0,29,190,9,3,2585.0,9.2,497,15,13,409050,3389960,497,0,5,-77.0
513801,408960.0,3389910.0,29,190,9,3,2585.0,9.2,497,15,13,409080,3389990,497,0,13,-77.13
513801,408960.0,3389910.0,29,190,9,3,2585.0,9.2,497,15,13,409060,3389930,496,0,5,-72.82
513801,408960.0,3389910.0,29,190,9,3,2585.0,9.2,497,15,13,409045,3389945,496,0,12,-76.88
513801,408960.0,3389910.0,29,190,9,3,2585.0,9.2,497,15,13,409240,3389830,501,21,12,-112.0
513801,408960.0,3389910.0,29,190,9,3,2585.0,9.2,497,15,13,409095,3389995,498,0,13,-78.67
513801,408960.0,3389910.0,29,190,9,3,2585.0,9.2,497,15,13,409100,3389970,497,6,5,-75.0
513801,408960.0,3389910.0,29,190,9,3,2585.0,9.2,497,15,13,409210,3389800,500,0,12,-126.0
513801,408960.0,3389910.0,29,190,9,3,2585.0,9.2,497,15,13,409085,3389985,497,0,5,-81.57
513801,408960.0,3389910.0,29,190,9,3,2585.0,9.2,497,15,13,408930,3389590,496,0,13,-79.5
513801,408960.0,3389910.0,29,190,9,3,2585.0,9.2,497,15,13,408800,3389480,495,0,13,-88.47
513801,408960.0,3389910.0,29,190,9,3,2585.0,9.2,497,15,13,408805,3389475,495,0,13,-87.88
513801,408960.0,3389910.0,29,190,9,3,2585.0,9.2,497,15,13,408840,3389520,494,12,5,-82.67
513801,408960.0,3389910.0,29,190,9,3,2585.0,9.2,497,15,13,409045,3389840,495,0,5,-69.33
513801,408960.0,3389910.0,29,190,9,3,2585.0,9.2,497,15,13,408960,3389915,497,15,5,-87.33
513801,408960.0,3389910.0,29,190,9,3,2585.0,9.2,497,15,13,409145,3390060,497,0,5,-95.67
513801,408960.0,3389910.0,29,190,9,3,2585.0,9.2,497,15,13,409140,3390055,497,0,5,-95.5
513801,408960.0,3389910.0,29,190,9,3,2585.0,9.2,497,15,13,409015,3389870,495,0,5,-77.97
513801,408960.0,3389910.0,29,190,9,3,2585.0,9.2,497,15,13,409025,3389860,495,0,5,-73.32
513801,408960.0,3389910.0,29,190,9,3,2585.0,9.2,497,15,13,409010,3389865,495,0,13,-76.11
513801,408960.0,3389910.0,29,190,9,3,2585.0,9.2,497,15,13,409060,3389815,495,0,13,-103.0
513801,408960.0,3389910.0,29,190,9,3,2585.0,9.2,497,15,13,409000,3389875,496,0,5,-76.93
513801,408960.0,3389910.0,29,190,9,3,2585.0,9.2,497,15,13,409125,3390080,497,0,13,-97.11
513801,408960.0,3389910.0,29,190,9,3,2585.0,9.2,497,15,13,408990,3389885,496,0,6,-81.0
513801,408960.0,3389910.0,29,190,9,3,2585.0,9.2,497,15,13,409120,3390075,497,0,13,-96.0
513801,408960.0,3389910.0,29,190,9,3,2585.0,9.2,497,15,13,409130,3390065,497,0,13,-95.4
513801,408960.0,3389910.0,29,190,9,3,2585.0,9.2,497,15,13,408975,3389910,497,0,5,-86.0
513801,408960.0,3389910.0,29,190,9,3,2585.0,9.2,497,15,13,409135,3390070,497,0,13,-93.91
513801,408960.0,3389910.0,29,190,9,3,2585.0,9.2,497,15,13,409020,3389855,495,0,5,-68.71
513801,408960.0,3389910.0,29,190,9,3,2585.0,9.2,497,15,13,409005,3389880,496,0,5,-78.28
513801,408960.0,3389910.0,29,190,9,3,2585.0,9.2,497,15,13,408970,3389905,497,5,5,-89.44
513801,408960.0,3389910.0,29,190,9,3,2585.0,9.2,497,15,13,409055,3389830,495,18,5,-89.86
513801,408960.0,3389910.0,29,190,9,3,2585.0,9.2,497,15,13,409070,3389805,495,0,5,-96.5
513801,408960.0,3389910.0,29,190,9,3,2585.0,9.2,497,15,13,409050,3389825,495,0,5,-98.33
513801,408960.0,3389910.0,29,190,9,3,2585.0,9.2,497,15,13,408995,3389890,496,0,6,-83.0
513801,408960.0,3389910.0,29,190,9,3,2585.0,9.2,497,15,13,409035,3389850,495,21,5,-70.33
513801,408960.0,3389910.0,29,190,9,3,2585.0,9.2,497,15,13,409030,3389845,495,21,5,-77.8
513801,408960.0,3389910.0,29,190,9,3,2585.0,9.2,497,15,13,408980,3389895,496,0,6,-95.65
513801,408960.0,3389910.0,29,190,9,3,2585.0,9.2,497,15,13,409195,3390010,497,0,13,-108.0
513801,408960.0,3389910.0,29,190,9,3,2585.0,9.2,497,15,13,409150,3390045,497,21,5,-97.33
513801,408960.0,3389910.0,29,190,9,3,2585.0,9.2,497,15,13,408965,3389920,497,0,13,-89.0
513801,408960.0,3389910.0,29,190,9,3,2585.0,9.2,497,15,13,408985,3389900,496,0,6,-100.53
513801,408960.0,3389910.0,29,190,9,3,2585.0,9.2,497,15,13,408845,3389555,495,0,5,-81.91
513801,408960.0,3389910.0,29,190,9,3,2585.0,9.2,497,15,13,408840,3389560,495,0,5,-83.98
513801,408960.0,3389910.0,29,190,9,3,2585.0,9.2,497,15,13,408835,3389565,495,0,5,-84.07
513801,408960.0,3389910.0,29,190,9,3,2585.0,9.2,497,15,13,408850,3389550,494,12,5,-82.38
513801,408960.0,3389910.0,29,190,9,3,2585.0,9.2,497,15,13,408830,3389570,495,0,13,-84.48
513801,408960.0,3389910.0,29,190,9,3,2585.0,9.2,497,15,13,408820,3389580,495,0,6,-86.75
513801,408960.0,3389910.0,29,190,9,3,2585.0,9.2,497,15,13,408825,3389575,495,0,5,-84.33
513801,408960.0,3389910.0,29,190,9,3,2585.0,9.2,497,15,13,408855,3389545,494,12,12,-78.33
513801,408960.0,3389910.0,29,190,9,3,2585.0,9.2,497,15,13,408815,3389585,496,18,6,-85.5
513801,408960.0,3389910.0,29,190,9,3,2585.0,9.2,497,15,13,408945,3389720,497,0,5,-80.14
513801,408960.0,3389910.0,29,190,9,3,2585.0,9.2,497,15,13,408865,3389640,496,0,5,-86.51
513801,408960.0,3389910.0,29,190,9,3,2585.0,9.2,497,15,13,408915,3389750,496,0,6,-97.5
513801,408960.0,3389910.0,29,190,9,3,2585.0,9.2,497,15,13,408895,3389730,496,21,6,-89.7
513801,408960.0,3389910.0,29,190,9,3,2585.0,9.2,497,15,13,408875,3389630,496,0,5,-85.45
513801,408960.0,3389910.0,29,190,9,3,2585.0,9.2,497,15,13,408840,3389615,495,0,6,-88.0
513801,408960.0,3389910.0,29,190,9,3,2585.0,9.2,497,15,13,408795,3389550,495,18,6,-88.5
513801,408960.0,3389910.0,29,190,9,3,2585.0,9.2,497,15,13,408920,3389695,497,0,13,-85.33
513801,408960.0,3389910.0,29,190,9,3,2585.0,9.2,497,15,13,408935,3389690,498,0,12,-84.51
513801,408960.0,3389910.0,29,190,9,3,2585.0,9.2,497,15,13,408905,3389760,496,0,6,-82.5
513801,408960.0,3389910.0,29,190,9,3,2585.0,9.2,497,15,13,408870,3389625,495,0,13,-83.79
513801,408960.0,3389910.0,29,190,9,3,2585.0,9.2,497,15,13,408955,3389710,497,0,13,-77.22
513801,408960.0,3389910.0,29,190,9,3,2585.0,9.2,497,15,13,408940,3389715,497,0,5,-81.76
513801,408960.0,3389910.0,29,190,9,3,2585.0,9.2,497,15,13,408930,3389685,498,0,5,-84.73
513801,408960.0,3389910.0,29,190,9,3,2585.0,9.2,497,15,13,408950,3389705,498,0,13,-75.3
513801,408960.0,3389910.0,29,190,9,3,2585.0,9.2,497,15,13,408845,3389620,495,0,6,-87.63
513801,408960.0,3389910.0,29,190,9,3,2585.0,9.2,497,15,13,408860,3389635,495,0,13,-83.55
513801,408960.0,3389910.0,29,190,9,3,2585.0,9.2,497,15,13,408925,3389700,497,0,5,-83.3
513801,408960.0,3389910.0,29,190,9,3,2585.0,9.2,497,15,13,408890,3389725,496,21,6,-91.35
513801,408960.0,3389910.0,29,190,9,3,2585.0,9.2,497,15,13,408850,3389605,495,0,13,-86.44
513801,408960.0,3389910.0,29,190,9,3,2585.0,9.2,497,15,13,408855,3389610,495,0,13,-84.9
513801,408960.0,3389910.0,29,190,9,3,2585.0,9.2,497,15,13,408910,3389745,496,0,6,-86.83
513801,408960.0,3389910.0,29,190,9,3,2585.0,9.2,497,15,13,408880,3389735,496,0,5,-91.5
513801,408960.0,3389910.0,29,190,9,3,2585.0,9.2,497,15,13,408410,3388705,495,0,5,-100.5
513801,408960.0,3389910.0,29,190,9,3,2585.0,9.2,497,15,13,408550,3389030,493,0,13,-94.0
513801,408960.0,3389910.0,29,190,9,3,2585.0,9.2,497,15,13,408545,3389035,494,0,13,-83.0
513801,408960.0,3389910.0,29,190,9,3,2585.0,9.2,497,15,13,408580,3389080,494,0,13,-87.67
513801,408960.0,3389910.0,29,190,9,3,2585.0,9.2,497,15,13,408495,3388965,495,0,5,-98.0
513801,408960.0,3389910.0,29,190,9,3,2585.0,9.2,497,15,13,408515,3388985,494,0,5,-97.0
513801,408960.0,3389910.0,29,190,9,3,2585.0,9.2,497,15,13,409015,3389800,495,6,5,-88.67
513801,408960.0,3389910.0,29,190,9,3,2585.0,9.2,497,15,13,409080,3389865,496,0,5,-105.33
513801,408960.0,3389910.0,29,190,9,3,2585.0,9.2,497,15,13,409005,3389790,495,0,6,-72.33
513801,408960.0,3389910.0,29,190,9,3,2585.0,9.2,497,15,13,409010,3389795,495,0,6,-78.0
513801,408960.0,3389910.0,29,190,9,3,2585.0,9.2,497,15,13,409055,3389920,496,0,5,-68.62
513801,408960.0,3389910.0,29,190,9,3,2585.0,9.2,497,15,13,408990,3389815,496,0,6,-76.72
513801,408960.0,3389910.0,29,190,9,3,2585.0,9.2,497,15,13,408960,3389825,496,0,6,-84.16
513801,408960.0,3389910.0,29,190,9,3,2585.0,9.2,497,15,13,408975,3389840,496,0,6,-81.04
513801,408960.0,3389910.0,29,190,9,3,2585.0,9.2,497,15,13,408980,3389805,496,0,6,-78.4
513801,408960.0,3389910.0,29,190,9,3,2585.0,9.2,497,15,13,409040,3389905,496,0,12,-70.72
513801,408960.0,3389910.0,29,190,9,3,2585.0,9.2,497,15,13,408970,3389835,496,0,6,-80.92
513801,408960.0,3389910.0,29,190,9,3,2585.0,9.2,497,15,13,409050,3389915,496,0,12,-71.26
513801,408960.0,3389910.0,29,190,9,3,2585.0,9.2,497,15,13,408985,3389810,496,0,6,-78.27
513801,408960.0,3389910.0,29,190,9,3,2585.0,9.2,497,15,13,408995,3389820,496,0,5,-74.17
513801,408960.0,3389910.0,29,190,9,3,2585.0,9.2,497,15,13,408965,3389830,496,0,6,-82.38
513801,408960.0,3389910.0,29,190,9,3,2585.0,9.2,497,15,13,409045,3389910,496,0,12,-70.24
513801,408960.0,3389910.0,29,190,9,3,2585.0,9.2,497,15,13,409060,3389885,496,21,13,-90.0
513801,408960.0,3389910.0,29,190,9,3,2585.0,9.2,497,15,13,409065,3389890,496,0,13,-79.0
513801,408960.0,3389910.0,29,190,9,3,2585.0,9.2,497,15,13,409120,3389985,497,0,13,-84.0
513801,408960.0,3389910.0,29,190,9,3,2585.0,9.2,497,15,13,409070,3389895,496,0,5,-72.67
513801,408960.0,3389910.0,29,190,9,3,2585.0,9.2,497,15,13,409075,3389900,496,0,5,-70.0
513801,408960.0,3389910.0,29,190,9,3,2585.0,9.2,497,15,13,409000,3389785,495,0,6,-77.0
513801,408960.0,3389910.0,29,190,9,3,2585.0,9.2,497,15,13,408845,3389530,494,12,5,-84.83
513801,408960.0,3389910.0,29,190,9,3,2585.0,9.2,497,15,13,408800,3389565,496,0,6,-89.2
513801,408960.0,3389910.0,29,190,9,3,2585.0,9.2,497,15,13,408820,3389585,495,0,6,-83.33
513801,408960.0,3389910.0,29,190,9,3,2585.0,9.2,497,15,13,408840,3389525,494,12,5,-83.75
513801,408960.0,3389910.0,29,190,9,3,2585.0,9.2,497,15,13,409280,3390365,495,0,5,-105.0
513801,408960.0,3389910.0,29,190,9,3,2585.0,9.2,497,15,13,408855,3389540,494,0,12,-90.0
513801,408960.0,3389910.0,29,190,9,3,2585.0,9.2,497,15,13,408825,3389590,495,0,6,-81.25
513801,408960.0,3389910.0,29,190,9,3,2585.0,9.2,497,15,13,408835,3389600,495,0,6,-82.5
513801,408960.0,3389910.0,29,190,9,3,2585.0,9.2,497,15,13,408805,3389570,496,0,6,-93.5
513801,408960.0,3389910.0,29,190,9,3,2585.0,9.2,497,15,13,409060,3389890,496,21,13,-74.33
513801,408960.0,3389910.0,29,190,9,3,2585.0,9.2,497,15,13,409085,3389865,496,0,5,-105.5
513801,408960.0,3389910.0,29,190,9,3,2585.0,9.2,497,15,13,409010,3389800,495,0,5,-79.33
513801,408960.0,3389910.0,29,190,9,3,2585.0,9.2,497,15,13,409000,3389790,495,0,6,-72.0
513801,408960.0,3389910.0,29,190,9,3,2585.0,9.2,497,15,13,408960,3389830,496,15,6,-82.55
513801,408960.0,3389910.0,29,190,9,3,2585.0,9.2,497,15,13,408995,3389815,496,0,5,-73.88
513801,408960.0,3389910.0,29,190,9,3,2585.0,9.2,497,15,13,409070,3389900,496,0,5,-91.0
513801,408960.0,3389910.0,29,190,9,3,2585.0,9.2,497,15,13,409215,3390075,496,0,5,-104.5
513801,408960.0,3389910.0,29,190,9,3,2585.0,9.2,497,15,13,408965,3389825,496,0,6,-83.5
513801,408960.0,3389910.0,29,190,9,3,2585.0,9.2,497,15,13,408970,3389840,496,0,6,-81.83
513801,408960.0,3389910.0,29,190,9,3,2585.0,9.2,497,15,13,408985,3389805,496,0,6,-77.69
513801,408960.0,3389910.0,29,190,9,3,2585.0,9.2,497,15,13,409050,3389920,496,0,12,-71.0
513801,408960.0,3389910.0,29,190,9,3,2585.0,9.2,497,15,13,409045,3389905,496,0,12,-68.33
513801,408960.0,3389910.0,29,190,9,3,2585.0,9.2,497,15,13,408975,3389835,496,0,6,-80.87
513801,408960.0,3389910.0,29,190,9,3,2585.0,9.2,497,15,13,409040,3389910,496,0,12,-73.66
513801,408960.0,3389910.0,29,190,9,3,2585.0,9.2,497,15,13,408990,3389820,496,0,6,-76.33
513801,408960.0,3389910.0,29,190,9,3,2585.0,9.2,497,15,13,408980,3389810,496,0,6,-76.8
513801,408960.0,3389910.0,29,190,9,3,2585.0,9.2,497,15,13,409055,3389915,496,0,5,-73.41
513801,408960.0,3389910.0,29,190,9,3,2585.0,9.2,497,15,13,409135,3389995,498,0,13,-92.0
513801,408960.0,3389910.0,29,190,9,3,2585.0,9.2,497,15,13,409080,3389870,496,0,5,-107.5
513801,408960.0,3389910.0,29,190,9,3,2585.0,9.2,497,15,13,408785,3389440,496,0,13,-91.0
513801,408960.0,3389910.0,29,190,9,3,2585.0,9.2,497,15,13,408765,3389420,496,0,5,-90.65
513801,408960.0,3389910.0,29,190,9,3,2585.0,9.2,497,15,13,408790,3389425,496,15,5,-90.0
513801,408960.0,3389910.0,29,190,9,3,2585.0,9.2,497,15,13,408740,3389395,496,0,5,-90.3
513801,408960.0,3389910.0,29,190,9,3,2585.0,9.2,497,15,13,408720,3389375,496,0,13,-93.0
513801,408960.0,3389910.0,29,190,9,3,2585.0,9.2,497,15,13,408755,3389390,496,0,13,-90.07
513801,408960.0,3389910.0,29,190,9,3,2585.0,9.2,497,15,13,408760,3389415,496,0,5,-90.55
513801,408960.0,3389910.0,29,190,9,3,2585.0,9.2,497,15,13,408730,3389365,496,0,13,-88.25
513801,408960.0,3389910.0,29,190,9,3,2585.0,9.2,497,15,13,408745,3389400,496,0,5,-91.58
513801,408960.0,3389910.0,29,190,9,3,2585.0,9.2,497,15,13,408780,3389435,496,0,5,-91.36
513801,408960.0,3389910.0,29,190,9,3,2585.0,9.2,497,15,13,408690,3389325,496,0,5,-90.0
513801,408960.0,3389910.0,29,190,9,3,2585.0,9.2,497,15,13,408725,3389380,496,0,13,-96.0
513801,408960.0,3389910.0,29,190,9,3,2585.0,9.2,497,15,13,408735,3389370,496,0,13,-87.33
513801,408960.0,3389910.0,29,190,9,3,2585.0,9.2,497,15,13,408770,3389405,495,12,5,-90.17
513801,408960.0,3389910.0,29,190,9,3,2585.0,9.2,497,15,13,408750,3389385,496,0,13,-87.67
513801,408960.0,3389910.0,29,190,9,3,2585.0,9.2,497,15,13,408910,3389740,496,0,6,-86.67
513801,408960.0,3389910.0,29,190,9,3,2585.0,9.2,497,15,13,408795,3389535,495,0,6,-88.88
513801,408960.0,3389910.0,29,190,9,3,2585.0,9.2,497,15,13,408915,3389735,496,0,6,-86.64
513801,408960.0,3389910.0,29,190,9,3,2585.0,9.2,497,15,13,408845,3389625,495,0,6,-80.33
513801,408960.0,3389910.0,29,190,9,3,2585.0,9.2,497,15,13,408860,3389610,495,0,13,-84.74
513801,408960.0,3389910.0,29,190,9,3,2585.0,9.2,497,15,13,408870,3389620,495,0,5,-85.47
513801,408960.0,3389910.0,29,190,9,3,2585.0,9.2,497,15,13,408925,3389705,497,0,5,-81.63
513801,408960.0,3389910.0,29,190,9,3,2585.0,9.2,497,15,13,408905,3389725,496,0,6,-90.25
513801,408960.0,3389910.0,29,190,9,3,2585.0,9.2,497,15,13,408855,3389635,495,0,6,-90.18
513801,408960.0,3389910.0,29,190,9,3,2585.0,9.2,497,15,13,408950,3389700,498,0,13,-76.82
513801,408960.0,3389910.0,29,190,9,3,2585.0,9.2,497,15,13,408955,3389695,498,0,5,-78.74
513801,408960.0,3389910.0,29,190,9,3,2585.0,9.2,497,15,13,408920,3389710,497,0,5,-82.14
513801,408960.0,3389910.0,29,190,9,3,2585.0,9.2,497,15,13,408865,3389605,495,0,5,-86.2
513801,408960.0,3389910.0,29,190,9,3,2585.0,9.2,497,15,13,408900,3389730,496,0,6,-87.96
513801,408960.0,3389910.0,29,190,9,3,2585.0,9.2,497,15,13,408940,3389690,498,0,12,-80.86
513801,408960.0,3389910.0,29,190,9,3,2585.0,9.2,497,15,13,408930,3389720,497,0,5,-82.65
513801,408960.0,3389910.0,29,190,9,3,2585.0,9.2,497,15,13,408945,3389685,498,0,12,-80.07
513801,408960.0,3389910.0,29,190,9,3,2585.0,9.2,497,15,13,408935,3389715,497,0,5,-83.5
513801,408960.0,3389910.0,29,190,9,3,2585.0,9.2,497,15,13,408850,3389640,495,0,6,-94.6
513801,408960.0,3389910.0,29,190,9,3,2585.0,9.2,497,15,13,408875,3389615,495,0,5,-85.26
513801,408960.0,3389910.0,29,190,9,3,2585.0,9.2,497,15,13,408790,3389540,495,0,6,-85.5
513801,408960.0,3389910.0,29,190,9,3,2585.0,9.2,497,15,13,408785,3389525,495,0,6,-93.0
513801,408960.0,3389910.0,29,190,9,3,2585.0,9.2,497,15,13,408890,3389760,495,0,5,-102.0
513801,408960.0,3389910.0,29,190,9,3,2585.0,9.2,497,15,13,408895,3389755,495,0,5,-93.33
513801,408960.0,3389910.0,29,190,9,3,2585.0,9.2,497,15,13,409250,3390340,495,0,6,-101.0
513801,408960.0,3389910.0,29,190,9,3,2585.0,9.2,497,15,13,409255,3390335,495,0,6,-96.5
513801,408960.0,3389910.0,29,190,9,3,2585.0,9.2,497,15,13,409160,3389615,499,0,13,-116.75
513801,408960.0,3389910.0,29,190,9,3,2585.0,9.2,497,15,13,409120,3389655,498,0,13,-92.0
513801,408960.0,3389910.0,29,190,9,3,2585.0,9.2,497,15,13,409125,3389660,498,0,5,-105.0
513801,408960.0,3389910.0,29,190,9,3,2585.0,9.2,497,15,13,408925,3389760,496,0,6,-94.81
513801,408960.0,3389910.0,29,190,9,3,2585.0,9.2,497,15,13,408835,3389610,495,0,6,-88.0
513801,408960.0,3389910.0,29,190,9,3,2585.0,9.2,497,15,13,408905,3389700,497,0,13,-85.59
513801,408960.0,3389910.0,29,190,9,3,2585.0,9.2,497,15,13,408825,3389620,496,0,6,-90.0
513801,408960.0,3389910.0,29,190,9,3,2585.0,9.2,497,15,13,408830,3389605,496,18,6,-87.0
513801,408960.0,3389910.0,29,190,9,3,2585.0,9.2,497,15,13,408950,3389725,497,0,13,-79.3
513801,408960.0,3389910.0,29,190,9,3,2585.0,9.2,497,15,13,408915,3389690,497,0,5,-82.23
513801,408960.0,3389910.0,29,190,9,3,2585.0,9.2,497,15,13,408900,3389695,497,0,13,-84.99
513801,408960.0,3389910.0,29,190,9,3,2585.0,9.2,497,15,13,408910,3389685,497,0,5,-84.38
513801,408960.0,3389910.0,29,190,9,3,2585.0,9.2,497,15,13,408955,3389730,497,0,13,-78.19
513801,408960.0,3389910.0,29,190,9,3,2585.0,9.2,497,15,13,408895,3389710,496,0,6,-91.11
513801,408960.0,3389910.0,29,190,9,3,2585.0,9.2,497,15,13,408885,3389720,496,21,6,-90.9
513801,408960.0,3389910.0,29,190,9,3,2585.0,9.2,497,15,13,408945,3389740,497,0,5,-86.65
513801,408960.0,3389910.0,29,190,9,3,2585.0,9.2,497,15,13,408940,3389735,497,0,5,-81.05
513801,408960.0,3389910.0,29,190,9,3,2585.0,9.2,497,15,13,408935,3389750,496,0,5,-82.27
513801,408960.0,3389910.0,29,190,9,3,2585.0,9.2,497,15,13,408875,3389650,496,0,13,-85.11
513801,408960.0,3389910.0,29,190,9,3,2585.0,9.2,497,15,13,408870,3389645,496,0,13,-86.19
513801,408960.0,3389910.0,29,190,9,3,2585.0,9.2,497,15,13,408860,3389655,496,0,6,-89.8
513801,408960.0,3389910.0,29,190,9,3,2585.0,9.2,497,15,13,408865,3389660,496,0,6,-87.69
513801,408960.0,3389910.0,29,190,9,3,2585.0,9.2,497,15,13,408930,3389745,496,0,5,-84.16
513801,408960.0,3389910.0,29,190,9,3,2585.0,9.2,497,15,13,408890,3389705,496,0,6,-89.0
513801,408960.0,3389910.0,29,190,9,3,2585.0,9.2,497,15,13,408880,3389715,496,21,6,-92.67
513801,408960.0,3389910.0,29,190,9,3,2585.0,9.2,497,15,13,408920,3389755,496,0,6,-100.17
513801,408960.0,3389910.0,29,190,9,3,2585.0,9.2,497,15,13,409065,3389775,495,0,5,-96.0
513801,408960.0,3389910.0,29,190,9,3,2585.0,9.2,497,15,13,409130,3390030,498,0,5,-91.0
513801,408960.0,3389910.0,29,190,9,3,2585.0,9.2,497,15,13,409015,3389905,496,0,5,-74.56
513801,408960.0,3389910.0,29,190,9,3,2585.0,9.2,497,15,13,409140,3390020,497,6,5,-90.0
513801,408960.0,3389910.0,29,190,9,3,2585.0,9.2,497,15,13,409035,3389885,495,0,12,-68.85
513801,408960.0,3389910.0,29,190,9,3,2585.0,9.2,497,15,13,408975,3389865,496,6,6,-82.0
513801,408960.0,3389910.0,29,190,9,3,2585.0,9.2,497,15,13,409120,3390040,498,0,5,-92.27
513801,408960.0,3389910.0,29,190,9,3,2585.0,9.2,497,15,13,409010,3389910,496,0,6,-74.66
513801,408960.0,3389910.0,29,190,9,3,2585.0,9.2,497,15,13,408990,3389850,496,0,5,-78.18
513801,408960.0,3389910.0,29,190,9,3,2585.0,9.2,497,15,13,409150,3390010,497,0,5,-96.4
513801,408960.0,3389910.0,29,190,9,3,2585.0,9.2,497,15,13,409025,3389895,495,0,12,-74.88
513801,408960.0,3389910.0,29,190,9,3,2585.0,9.2,497,15,13,408995,3389845,496,0,5,-75.94
513801,408960.0,3389910.0,29,190,9,3,2585.0,9.2,497,15,13,409030,3389890,495,0,12,-71.82
513801,408960.0,3389910.0,29,190,9,3,2585.0,9.2,497,15,13,409020,3389900,496,0,5,-75.63
513801,408960.0,3389910.0,29,190,9,3,2585.0,9.2,497,15,13,409125,3390035,498,0,5,-92.88
513801,408960.0,3389910.0,29,190,9,3,2585.0,9.2,497,15,13,409000,3389920,496,24,6,-80.8
513801,408960.0,3389910.0,29,190,9,3,2585.0,9.2,497,15,13,409005,3389915,496,24,6,-76.58
513801,408960.0,3389910.0,29,190,9,3,2585.0,9.2,497,15,13,408980,3389860,496,0,6,-79.58
513801,408960.0,3389910.0,29,190,9,3,2585.0,9.2,497,15,13,408985,3389855,496,0,6,-81.11
513801,408960.0,3389910.0,29,190,9,3,2585.0,9.2,497,15,13,408965,3389875,497,6,5,-83.0
513801,408960.0,3389910.0,29,190,9,3,2585.0,9.2,497,15,13,409160,3390080,496,0,5,-92.36
513801,408960.0,3389910.0,29,190,9,3,2585.0,9.2,497,15,13,409155,3390005,497,0,5,-99.33
513801,408960.0,3389910.0,29,190,9,3,2585.0,9.2,497,15,13,409145,3390015,497,0,5,-100.75
513801,408960.0,3389910.0,29,190,9,3,2585.0,9.2,497,15,13,408970,3389870,496,6,6,-80.57
513801,408960.0,3389910.0,29,190,9,3,2585.0,9.2,497,15,13,409055,3389785,495,0,13,-97.0
513801,408960.0,3389910.0,29,190,9,3,2585.0,9.2,497,15,13,409165,3390075,496,0,5,-95.4
513801,408960.0,3389910.0,29,190,9,3,2585.0,9.2,497,15,13,409220,3390175,497,0,5,-99.0
513801,408960.0,3389910.0,29,190,9,3,2585.0,9.2,497,15,13,409140,3390095,496,0,12,-96.55
513801,408960.0,3389910.0,29,190,9,3,2585.0,9.2,497,15,13,409155,3390090,496,0,5,-88.6
513801,408960.0,3389910.0,29,190,9,3,2585.0,9.2,497,15,13,409130,3390105,496,0,5,-98.97
513801,408960.0,3389910.0,29,190,9,3,2585.0,9.2,497,15,13,409215,3390190,498,0,5,-114.5
513801,408960.0,3389910.0,29,190,9,3,2585.0,9.2,497,15,13,409210,3390185,498,0,5,-104.0
513801,408960.0,3389910.0,29,190,9,3,2585.0,9.2,497,15,13,409190,3390125,495,0,5,-93.6
513801,408960.0,3389910.0,29,190,9,3,2585.0,9.2,497,15,13,409120,3390115,496,0,6,-99.0
513801,408960.0,3389910.0,29,190,9,3,2585.0,9.2,497,15,13,409200,3390195,498,0,5,-98.6
513801,408960.0,3389910.0,29,190,9,3,2585.0,9.2,497,15,13,409150,3390085,496,0,5,-92.41
513801,408960.0,3389910.0,29,190,9,3,2585.0,9.2,497,15,13,409175,3390150,496,0,5,-102.0
513801,408960.0,3389910.0,29,190,9,3,2585.0,9.2,497,15,13,409145,3390100,496,0,12,-97.36
513801,408960.0,3389910.0,29,190,9,3,2585.0,9.2,497,15,13,409125,3390120,496,0,6,-100.43
513801,408960.0,3389910.0,29,190,9,3,2585.0,9.2,497,15,13,409180,3390135,496,0,10,-94.64
513801,408960.0,3389910.0,29,190,9,3,2585.0,9.2,497,15,13,409205,3390200,498,0,5,-100.13
513801,408960.0,3389910.0,29,190,9,3,2585.0,9.2,497,15,13,409195,3390130,495,0,10,-92.17
513801,408960.0,3389910.0,29,190,9,3,2585.0,9.2,497,15,13,409135,3390110,496,0,5,-100.38
513801,408960.0,3389910.0,29,190,9,3,2585.0,9.2,497,15,13,409160,3390155,496,0,5,-103.6
513801,408960.0,3389910.0,29,190,9,3,2585.0,9.2,497,15,13,409170,3390145,496,0,5,-102.24
513801,408960.0,3389910.0,29,190,9,3,2585.0,9.2,497,15,13,409165,3390160,496,0,5,-103.97
513801,408960.0,3389910.0,29,190,9,3,2585.0,9.2,497,15,13,409185,3390140,496,0,10,-96.31
513801,408960.0,3389910.0,29,190,9,3,2585.0,9.2,497,15,13,409235,3390170,497,0,5,-93.33
513801,408960.0,3389910.0,29,190,9,3,2585.0,9.2,497,15,13,409230,3390165,497,0,5,-100.5
513801,408960.0,3389910.0,29,190,9,3,2585.0,9.2,497,15,13,408920,3389765,496,0,6,-88.67
513801,408960.0,3389910.0,29,190,9,3,2585.0,9.2,497,15,13,408925,3389770,496,0,6,-113.2
513801,408960.0,3389910.0,29,190,9,3,2585.0,9.2,497,15,13,409235,3390160,497,0,5,-102.0
513801,408960.0,3389910.0,29,190,9,3,2585.0,9.2,497,15,13,408930,3389775,496,0,6,-98.14
513801,408960.0,3389910.0,29,190,9,3,2585.0,9.2,497,15,13,409180,3390185,497,0,5,-102.22
513801,408960.0,3389910.0,29,190,9,3,2585.0,9.2,497,15,13,409225,3390150,496,0,5,-93.75
513801,408960.0,3389910.0,29,190,9,3,2585.0,9.2,497,15,13,408940,3389785,496,0,6,-92.8
513801,408960.0,3389910.0,29,190,9,3,2585.0,9.2,497,15,13,409210,3390135,496,0,10,-96.0
513801,408960.0,3389910.0,29,190,9,3,2585.0,9.2,497,15,13,409215,3390140,496,0,10,-94.33
513801,408960.0,3389910.0,29,190,9,3,2585.0,9.2,497,15,13,408950,3389795,496,0,6,-88.82
513801,408960.0,3389910.0,29,190,9,3,2585.0,9.2,497,15,13,409175,3390180,497,0,5,-106.33
513801,408960.0,3389910.0,29,190,9,3,2585.0,9.2,497,15,13,409190,3390195,498,0,5,-101.75
513801,408960.0,3389910.0,29,190,9,3,2585.0,9.2,497,15,13,408955,3389800,496,0,6,-85.25
513801,408960.0,3389910.0,29,190,9,3,2585.0,9.2,497,15,13,408945,3389790,496,0,6,-91.22
513801,408960.0,3389910.0,29,190,9,3,2585.0,9.2,497,15,13,409185,3390190,498,0,5,-101.07
513801,408960.0,3389910.0,29,190,9,3,2585.0,9.2,497,15,13,409200,3390125,495,0,10,-92.5
513801,408960.0,3389910.0,29,190,9,3,2585.0,9.2,497,15,13,409230,3390155,497,0,5,-98.0
513801,408960.0,3389910.0,29,190,9,3,2585.0,9.2,497,15,13,409170,3390175,497,0,5,-102.42
513801,408960.0,3389910.0,29,190,9,3,2585.0,9.2,497,15,13,408935,3389780,496,0,6,-96.92
513801,408960.0,3389910.0,29,190,9,3,2585.0,9.2,497,15,13,409195,3390200,498,0,5,-103.75
513801,408960.0,3389910.0,29,190,9,3,2585.0,9.2,497,15,13,409165,3390170,497,0,5,-105.74
513801,408960.0,3389910.0,29,190,9,3,2585.0,9.2,497,15,13,409160,3390165,496,0,5,-100.48
513801,408960.0,3389910.0,29,190,9,3,2585.0,9.2,497,15,13,409205,3390130,495,0,10,-98.67
513801,408960.0,3389910.0,29,190,9,3,2585.0,9.2,497,15,13,409160,3389625,499,0,13,-104.0
513801,408960.0,3389910.0,29,190,9,3,2585.0,9.2,497,15,13,409170,3389635,499,0,5,-140.0
513801,408960.0,3389910.0,29,190,9,3,2585.0,9.2,497,15,13,409000,3389760,496,0,5,-86.67
513801,408960.0,3389910.0,29,190,9,3,2585.0,9.2,497,15,13,409025,3389735,496,0,13,-77.0
513801,408960.0,3389910.0,29,190,9,3,2585.0,9.2,497,15,13,409085,3389675,497,0,5,-116.5
513801,408960.0,3389910.0,29,190,9,3,2585.0,9.2,497,15,13,409095,3389665,498,0,5,-97.6
513801,408960.0,3389910.0,29,190,9,3,2585.0,9.2,497,15,13,409105,3389655,498,0,5,-114.33
513801,408960.0,3389910.0,29,190,9,3,2585.0,9.2,497,15,13,408970,3389710,497,0,5,-74.5
513801,408960.0,3389910.0,29,190,9,3,2585.0,9.2,497,15,13,409175,3389585,500,0,5,-126.5
513801,408960.0,3389910.0,29,190,9,3,2585.0,9.2,497,15,13,409110,3389650,498,0,5,-97.8
513801,408960.0,3389910.0,29,190,9,3,2585.0,9.2,497,15,13,408960,3389720,497,0,13,-77.43
513801,408960.0,3389910.0,29,190,9,3,2585.0,9.2,497,15,13,408980,3389700,497,15,5,-78.23
513801,408960.0,3389910.0,29,190,9,3,2585.0,9.2,497,15,13,408965,3389715,497,0,13,-75.97
513801,408960.0,3389910.0,29,190,9,3,2585.0,9.2,497,15,13,409115,3389645,498,0,5,-107.0
513801,408960.0,3389910.0,29,190,9,3,2585.0,9.2,497,15,13,409100,3389660,498,0,5,-121.0
513801,408960.0,3389910.0,29,190,9,3,2585.0,9.2,497,15,13,409080,3389680,497,0,5,-103.83
513801,408960.0,3389910.0,29,190,9,3,2585.0,9.2,497,15,13,408975,3389705,497,15,5,-75.78
513801,408960.0,3389910.0,29,190,9,3,2585.0,9.2,497,15,13,409015,3389745,496,0,5,-87.5
513801,408960.0,3389910.0,29,190,9,3,2585.0,9.2,497,15,13,408995,3389685,497,15,13,-82.08
513801,408960.0,3389910.0,29,190,9,3,2585.0,9.2,497,15,13,409090,3389670,497,0,6,-96.75
513801,408960.0,3389910.0,29,190,9,3,2585.0,9.2,497,15,13,408990,3389690,497,15,13,-82.94
513801,408960.0,3389910.0,29,190,9,3,2585.0,9.2,497,15,13,408985,3389695,497,15,5,-78.11
513801,408960.0,3389910.0,29,190,9,3,2585.0,9.2,497,15,13,409035,3389725,496,0,5,-96.5
513801,408960.0,3389910.0,29,190,9,3,2585.0,9.2,497,15,13,408970,3389885,497,6,5,-84.0
513801,408960.0,3389910.0,29,190,9,3,2585.0,9.2,497,15,13,408965,3389900,497,5,5,-85.0
513801,408960.0,3389910.0,29,190,9,3,2585.0,9.2,497,15,13,408975,3389890,497,6,5,-91.57
513801,408960.0,3389910.0,29,190,9,3,2585.0,9.2,497,15,13,409130,3390045,497,0,5,-94.04
513801,408960.0,3389910.0,29,190,9,3,2585.0,9.2,497,15,13,409030,3389865,495,0,13,-68.23
513801,408960.0,3389910.0,29,190,9,3,2585.0,9.2,497,15,13,409150,3390065,497,0,5,-95.63
513801,408960.0,3389910.0,29,190,9,3,2585.0,9.2,497,15,13,409010,3389845,495,0,13,-71.09
513801,408960.0,3389910.0,29,190,9,3,2585.0,9.2,497,15,13,409025,3389880,495,0,5,-75.98
513801,408960.0,3389910.0,29,190,9,3,2585.0,9.2,497,15,13,409000,3389855,496,0,13,-76.27
513801,408960.0,3389910.0,29,190,9,3,2585.0,9.2,497,15,13,409005,3389860,496,0,13,-77.67
513801,408960.0,3389910.0,29,190,9,3,2585.0,9.2,497,15,13,409125,3390060,497,0,13,-94.08
513801,408960.0,3389910.0,29,190,9,3,2585.0,9.2,497,15,13,409155,3390070,497,0,5,-90.5
513801,408960.0,3389910.0,29,190,9,3,2585.0,9.2,497,15,13,409140,3390075,497,0,5,-93.69
513801,408960.0,3389910.0,29,190,9,3,2585.0,9.2,497,15,13,409120,3390055,497,0,5,-94.52
513801,408960.0,3389910.0,29,190,9,3,2585.0,9.2,497,15,13,409135,3390050,497,0,5,-94.41
513801,408960.0,3389910.0,29,190,9,3,2585.0,9.2,497,15,13,409035,3389870,495,0,13,-72.0
513801,408960.0,3389910.0,29,190,9,3,2585.0,9.2,497,15,13,409145,3390080,496,0,5,-94.25
513801,408960.0,3389910.0,29,190,9,3,2585.0,9.2,497,15,13,409020,3389875,495,0,5,-76.21
513801,408960.0,3389910.0,29,190,9,3,2585.0,9.2,497,15,13,409015,3389850,495,0,13,-69.52
513801,408960.0,3389910.0,29,190,9,3,2585.0,9.2,497,15,13,408985,3389920,497,21,5,-91.17
513801,408960.0,3389910.0,29,190,9,3,2585.0,9.2,497,15,13,408995,3389910,496,0,6,-79.56
513801,408960.0,3389910.0,29,190,9,3,2585.0,9.2,497,15,13,409065,3389840,495,0,5,-92.33
513801,408960.0,3389910.0,29,190,9,3,2585.0,9.2,497,15,13,408990,3389905,496,0,6,-86.69
513801,408960.0,3389910.0,29,190,9,3,2585.0,9.2,497,15,13,408980,3389915,497,0,5,-88.62
513801,408960.0,3389910.0,29,190,9,3,2585.0,9.2,497,15,13,409165,3390020,497,0,5,-93.5
513801,408960.0,3389910.0,29,190,9,3,2585.0,9.2,497,15,13,409060,3389835,495,18,5,-87.5
513801,408960.0,3389910.0,29,190,9,3,2585.0,9.2,497,15,13,409170,3390005,497,0,13,-100.0
513801,408960.0,3389910.0,29,190,9,3,2585.0,9.2,497,15,13,408720,3389455,498,0,5,-96.5
513801,408960.0,3389910.0,29,190,9,3,2585.0,9.2,497,15,13,408735,3389450,497,21,6,-95.5
513801,408960.0,3389910.0,29,190,9,3,2585.0,9.2,497,15,13,408780,3389515,495,0,6,-94.0
513801,408960.0,3389910.0,29,190,9,3,2585.0,9.2,497,15,13,408940,3389675,498,0,12,-84.07
513801,408960.0,3389910.0,29,190,9,3,2585.0,9.2,497,15,13,408770,3389485,495,0,5,-94.2
513801,408960.0,3389910.0,29,190,9,3,2585.0,9.2,497,15,13,408775,3389490,495,0,5,-93.29
513801,408960.0,3389910.0,29,190,9,3,2585.0,9.2,497,15,13,408925,3389660,497,0,5,-84.8
513801,408960.0,3389910.0,29,190,9,3,2585.0,9.2,497,15,13,408920,3389655,497,0,5,-84.59
513801,408960.0,3389910.0,29,190,9,3,2585.0,9.2,497,15,13,408790,3389505,495,0,5,-89.36
513801,408960.0,3389910.0,29,190,9,3,2585.0,9.2,497,15,13,408895,3389610,496,5,13,-88.17
513801,408960.0,3389910.0,29,190,9,3,2585.0,9.2,497,15,13,408880,3389615,495,0,13,-86.48
513801,408960.0,3389910.0,29,190,9,3,2585.0,9.2,497,15,13,408795,3389510,495,0,5,-88.0
513801,408960.0,3389910.0,29,190,9,3,2585.0,9.2,497,15,13,408905,3389640,496,0,5,-82.18
513801,408960.0,3389910.0,29,190,9,3,2585.0,9.2,497,15,13,408760,3389495,496,18,6,-91.33
513801,408960.0,3389910.0,29,190,9,3,2585.0,9.2,497,15,13,408755,3389470,496,18,6,-90.8
513801,408960.0,3389910.0,29,190,9,3,2585.0,9.2,497,15,13,408900,3389635,496,5,5,-83.79
513801,408960.0,3389910.0,29,190,9,3,2585.0,9.2,497,15,13,408885,3389620,496,5,5,-86.04
513801,408960.0,3389910.0,29,190,9,3,2585.0,9.2,497,15,13,408945,3389680,498,0,12,-80.67
513801,408960.0,3389910.0,29,190,9,3,2585.0,9.2,497,15,13,408750,3389465,497,0,6,-96.5
513801,408960.0,3389910.0,29,190,9,3,2585.0,9.2,497,15,13,408930,3389645,497,0,5,-92.75
513801,408960.0,3389910.0,29,190,9,3,2585.0,9.2,497,15,13,408950,3389665,497,15,5,-80.0
513801,408960.0,3389910.0,29,190,9,3,2585.0,9.2,497,15,13,408915,3389630,496,0,5,-86.0
513801,408960.0,3389910.0,29,190,9,3,2585.0,9.2,497,15,13,408785,3389520,495,0,6,-87.0
513801,408960.0,3389910.0,29,190,9,3,2585.0,9.2,497,15,13,408890,3389605,495,5,5,-84.71
513801,408960.0,3389910.0,29,190,9,3,2585.0,9.2,497,15,13,408910,3389625,496,0,5,-80.67
513801,408960.0,3389910.0,29,190,9,3,2585.0,9.2,497,15,13,408400,3388705,495,0,5,-97.0
513801,408960.0,3389910.0,29,190,9,3,2585.0,9.2,497,15,13,408870,3389575,495,5,5,-82.5
513801,408960.0,3389910.0,29,190,9,3,2585.0,9.2,497,15,13,408835,3389540,495,0,5,-85.21
513801,408960.0,3389910.0,29,190,9,3,2585.0,9.2,497,15,13,408810,3389555,495,0,5,-87.9
513801,408960.0,3389910.0,29,190,9,3,2585.0,9.2,497,15,13,408800,3389545,495,0,6,-88.4
513801,408960.0,3389910.0,29,190,9,3,2585.0,9.2,497,15,13,408845,3389590,495,0,13,-84.72
513801,408960.0,3389910.0,29,190,9,3,2585.0,9.2,497,15,13,408855,3389600,495,0,5,-85.98
513801,408960.0,3389910.0,29,190,9,3,2585.0,9.2,497,15,13,408830,3389535,495,0,5,-84.98
513801,408960.0,3389910.0,29,190,9,3,2585.0,9.2,497,15,13,408815,3389560,495,0,5,-87.0
513801,408960.0,3389910.0,29,190,9,3,2585.0,9.2,497,15,13,409285,3390350,495,0,5,-96.14
513801,408960.0,3389910.0,29,190,9,3,2585.0,9.2,497,15,13,409280,3390345,495,0,5,-102.67
513801,408960.0,3389910.0,29,190,9,3,2585.0,9.2,497,15,13,409290,3390355,495,0,5,-100.0
513801,408960.0,3389910.0,29,190,9,3,2585.0,9.2,497,15,13,408825,3389530,495,0,5,-85.06
513801,408960.0,3389910.0,29,190,9,3,2585.0,9.2,497,15,13,408860,3389565,495,0,5,-84.42
513801,408960.0,3389910.0,29,190,9,3,2585.0,9.2,497,15,13,408840,3389585,495,0,13,-84.3
513801,408960.0,3389910.0,29,190,9,3,2585.0,9.2,497,15,13,408850,3389595,495,0,13,-84.46
513801,408960.0,3389910.0,29,190,9,3,2585.0,9.2,497,15,13,408805,3389550,495,0,6,-85.6
513801,408960.0,3389910.0,29,190,9,3,2585.0,9.2,497,15,13,408865,3389570,495,5,5,-79.75
513801,408960.0,3389910.0,29,190,9,3,2585.0,9.2,497,15,13,408875,3389580,495,0,5,-85.5
513801,408960.0,3389910.0,29,190,9,3,2585.0,9.2,497,15,13,408820,3389525,495,0,13,-85.82
513801,408960.0,3389910.0,29,190,9,3,2585.0,9.2,497,15,13,409295,3390360,496,0,10,-102.6
513801,408960.0,3389910.0,29,190,9,3,2585.0,9.2,497,15,13,408995,3389730,496,0,13,-85.56
513801,408960.0,3389910.0,29,190,9,3,2585.0,9.2,497,15,13,408990,3389725,497,0,5,-84.56
513801,408960.0,3389910.0,29,190,9,3,2585.0,9.2,497,15,13,409000,3389715,497,0,5,-86.34
513801,408960.0,3389910.0,29,190,9,3,2585.0,9.2,497,15,13,408965,3389760,496,0,5,-81.26
513801,408960.0,3389910.0,29,190,9,3,2585.0,9.2,497,15,13,408975,3389750,496,0,13,-72.99
513801,408960.0,3389910.0,29,190,9,3,2585.0,9.2,497,15,13,409060,3389655,498,21,13,-107.22
513801,408960.0,3389910.0,29,190,9,3,2585.0,9.2,497,15,13,409010,3389705,497,0,5,-89.52
513801,408960.0,3389910.0,29,190,9,3,2585.0,9.2,497,15,13,409035,3389690,497,0,5,-93.59
513801,408960.0,3389910.0,29,190,9,3,2585.0,9.2,497,15,13,409065,3389660,498,0,5,-103.36
513801,408960.0,3389910.0,29,190,9,3,2585.0,9.2,497,15,13,408980,3389735,497,0,5,-82.79
513801,408960.0,3389910.0,29,190,9,3,2585.0,9.2,497,15,13,408960,3389755,496,0,5,-81.52
513801,408960.0,3389910.0,29,190,9,3,2585.0,9.2,497,15,13,409030,3389685,497,0,13,-88.73
513801,408960.0,3389910.0,29,190,9,3,2585.0,9.2,497,15,13,409020,3389695,497,0,5,-90.08
513801,408960.0,3389910.0,29,190,9,3,2585.0,9.2,497,15,13,408985,3389740,496,0,13,-79.28
513801,408960.0,3389910.0,29,190,9,3,2585.0,9.2,497,15,13,409085,3389640,498,9,13,-104.86
513801,408960.0,3389910.0,29,190,9,3,2585.0,9.2,497,15,13,409075,3389650,498,0,5,-103.48
513801,408960.0,3389910.0,29,190,9,3,2585.0,9.2,497,15,13,408970,3389745,496,0,13,-77.24
513801,408960.0,3389910.0,29,190,9,3,2585.0,9.2,497,15,13,409050,3389665,497,0,13,-102.32
513801,408960.0,3389910.0,29,190,9,3,2585.0,9.2,497,15,13,409045,3389680,497,0,5,-99.77
513801,408960.0,3389910.0,29,190,9,3,2585.0,9.2,497,15,13,409015,3389710,497,0,5,-92.04
513801,408960.0,3389910.0,29,190,9,3,2585.0,9.2,497,15,13,409040,3389675,497,0,5,-99.62
513801,408960.0,3389910.0,29,190,9,3,2585.0,9.2,497,15,13,409070,3389645,498,21,5,-97.5
513801,408960.0,3389910.0,29,190,9,3,2585.0,9.2,497,15,13,409055,3389670,497,0,13,-100.27
513801,408960.0,3389910.0,29,190,9,3,2585.0,9.2,497,15,13,409005,3389720,497,0,13,-88.46
513801,408960.0,3389910.0,29,190,9,3,2585.0,9.2,497,15,13,409025,3389700,497,0,5,-92.67
513801,408960.0,3389910.0,29,190,9,3,2585.0,9.2,497,15,13,409095,3389630,498,0,5,-96.33
513801,408960.0,3389910.0,29,190,9,3,2585.0,9.2,497,15,13,409080,3389635,498,21,5,-133.0
513801,408960.0,3389910.0,29,190,9,3,2585.0,9.2,497,15,13,408885,3389685,497,0,6,-87.8
513801,408960.0,3389910.0,29,190,9,3,2585.0,9.2,497,15,13,408855,3389655,496,0,6,-86.2
513801,408960.0,3389910.0,29,190,9,3,2585.0,9.2,497,15,13,408940,3389750,497,0,5,-82.63
513801,408960.0,3389910.0,29,190,9,3,2585.0,9.2,497,15,13,408915,3389715,497,0,13,-84.16
513801,408960.0,3389910.0,29,190,9,3,2585.0,9.2,497,15,13,408865,3389665,496,0,6,-86.11
513801,408960.0,3389910.0,29,190,9,3,2585.0,9.2,497,15,13,408860,3389670,496,24,6,-80.0
513801,408960.0,3389910.0,29,190,9,3,2585.0,9.2,497,15,13,408925,3389725,497,0,5,-83.91
513801,408960.0,3389910.0,29,190,9,3,2585.0,9.2,497,15,13,408950,3389760,496,0,5,-79.94
513801,408960.0,3389910.0,29,190,9,3,2585.0,9.2,497,15,13,408945,3389745,497,0,5,-82.92
513801,408960.0,3389910.0,29,190,9,3,2585.0,9.2,497,15,13,408920,3389730,497,0,5,-85.15
513801,408960.0,3389910.0,29,190,9,3,2585.0,9.2,497,15,13,408930,3389740,497,0,5,-85.22
513801,408960.0,3389910.0,29,190,9,3,2585.0,9.2,497,15,13,408905,3389705,497,0,13,-87.27
513801,408960.0,3389910.0,29,190,9,3,2585.0,9.2,497,15,13,408900,3389710,497,0,6,-90.26
513801,408960.0,3389910.0,29,190,9,3,2585.0,9.2,497,15,13,408850,3389660,496,24,6,-90.0
513801,408960.0,3389910.0,29,190,9,3,2585.0,9.2,497,15,13,408845,3389645,495,24,6,-79.75
513801,408960.0,3389910.0,29,190,9,3,2585.0,9.2,497,15,13,408875,3389675,496,0,6,-85.9
513801,408960.0,3389910.0,29,190,9,3,2585.0,9.2,497,15,13,408880,3389690,497,0,6,-91.22
513801,408960.0,3389910.0,29,190,9,3,2585.0,9.2,497,15,13,408895,3389695,497,0,13,-88.13
513801,408960.0,3389910.0,29,190,9,3,2585.0,9.2,497,15,13,408955,3389755,496,0,5,-83.89
513801,408960.0,3389910.0,29,190,9,3,2585.0,9.2,497,15,13,408910,3389720,497,0,5,-87.47
513801,408960.0,3389910.0,29,190,9,3,2585.0,9.2,497,15,13,408835,3389635,495,24,6,-89.0
513801,408960.0,3389910.0,29,190,9,3,2585.0,9.2,497,15,13,408935,3389735,497,0,5,-83.15
513801,408960.0,3389910.0,29,190,9,3,2585.0,9.2,497,15,13,408890,3389700,497,0,6,-91.46
513801,408960.0,3389910.0,29,190,9,3,2585.0,9.2,497,15,13,408870,3389680,496,0,6,-85.0
513801,408960.0,3389910.0,29,190,9,3,2585.0,9.2,497,15,13,409220,3390105,495,0,13,-100.0
513801,408960.0,3389910.0,29,190,9,3,2585.0,9.2,497,15,13,408895,3389780,495,0,12,-85.67
513801,408960.0,3389910.0,29,190,9,3,2585.0,9.2,497,15,13,408925,3389810,496,0,6,-99.75
513801,408960.0,3389910.0,29,190,9,3,2585.0,9.2,497,15,13,408920,3389805,496,0,6,-84.67
513801,408960.0,3389910.0,29,190,9,3,2585.0,9.2,497,15,13,408935,3389820,496,0,6,-87.2
513801,408960.0,3389910.0,29,190,9,3,2585.0,9.2,497,15,13,409165,3390210,498,0,6,-100.5
513801,408960.0,3389910.0,29,190,9,3,2585.0,9.2,497,15,13,408940,3389825,497,0,6,-93.3
513801,408960.0,3389910.0,29,190,9,3,2585.0,9.2,497,15,13,409170,3390215,498,18,6,-100.5
513801,408960.0,3389910.0,29,190,9,3,2585.0,9.2,497,15,13,408910,3389795,496,0,6,-103.83
513801,408960.0,3389910.0,29,190,9,3,2585.0,9.2,497,15,13,408900,3389785,495,0,5,-109.0
513801,408960.0,3389910.0,29,190,9,3,2585.0,9.2,497,15,13,408955,3389840,496,15,6,-84.6
513801,408960.0,3389910.0,29,190,9,3,2585.0,9.2,497,15,13,408930,3389815,496,0,6,-85.6
513801,408960.0,3389910.0,29,190,9,3,2585.0,9.2,497,15,13,408950,3389835,496,0,6,-81.4
513801,408960.0,3389910.0,29,190,9,3,2585.0,9.2,497,15,13,408945,3389830,497,0,6,-93.64
513801,408960.0,3389910.0,29,190,9,3,2585.0,9.2,497,15,13,408915,3389800,496,0,6,-89.4
513801,408960.0,3389910.0,29,190,9,3,2585.0,9.2,497,15,13,409205,3389680,501,18,6,-102.5
513801,408960.0,3389910.0,29,190,9,3,2585.0,9.2,497,15,13,409200,3389675,501,0,6,-115.5
513801,408960.0,3389910.0,29,190,9,3,2585.0,9.2,497,15,13,408610,3389145,494,0,13,-99.0
513801,408960.0,3389910.0,29,190,9,3,2585.0,9.2,497,15,13,408645,3389230,496,0,5,-90.67
513801,408960.0,3389910.0,29,190,9,3,2585.0,9.2,497,15,13,408655,3389240,497,0,13,-83.5
513801,408960.0,3389910.0,29,190,9,3,2585.0,9.2,497,15,13,409160,3390190,497,18,6,-100.0
513801,408960.0,3389910.0,29,190,9,3,2585.0,9.2,497,15,13,408910,3389820,496,0,6,-83.0
513801,408960.0,3389910.0,29,190,9,3,2585.0,9.2,497,15,13,408915,3389815,496,0,6,-78.0
513801,408960.0,3389910.0,29,190,9,3,2585.0,9.2,497,15,13,409205,3390145,496,0,10,-97.0
513801,408960.0,3389910.0,29,190,9,3,2585.0,9.2,497,15,13,408925,3389785,496,0,6,-96.17
513801,408960.0,3389910.0,29,190,9,3,2585.0,9.2,497,15,13,409215,3390155,497,0,10,-97.0
513801,408960.0,3389910.0,29,190,9,3,2585.0,9.2,497,15,13,408920,3389790,496,0,6,-96.7
513801,408960.0,3389910.0,29,190,9,3,2585.0,9.2,497,15,13,408935,3389795,496,0,6,-93.12
513801,408960.0,3389910.0,29,190,9,3,2585.0,9.2,497,15,13,408950,3389780,496,0,6,-81.9
513801,408960.0,3389910.0,29,190,9,3,2585.0,9.2,497,15,13,408945,3389765,496,0,5,-82.88
513801,408960.0,3389910.0,29,190,9,3,2585.0,9.2,497,15,13,409175,3390195,498,0,5,-101.0
513801,408960.0,3389910.0,29,190,9,3,2585.0,9.2,497,15,13,408955,3389775,496,0,5,-80.31
513801,408960.0,3389910.0,29,190,9,3,2585.0,9.2,497,15,13,409195,3390175,497,0,5,-101.52
513801,408960.0,3389910.0,29,190,9,3,2585.0,9.2,497,15,13,409180,3390170,497,0,5,-102.21
513801,408960.0,3389910.0,29,190,9,3,2585.0,9.2,497,15,13,409165,3390185,497,0,6,-102.33
513801,408960.0,3389910.0,29,190,9,3,2585.0,9.2,497,15,13,409190,3390180,497,0,5,-104.47
513801,408960.0,3389910.0,29,190,9,3,2585.0,9.2,497,15,13,409185,3390165,497,0,5,-103.76
513801,408960.0,3389910.0,29,190,9,3,2585.0,9.2,497,15,13,408940,3389770,496,0,5,-85.4
513801,408960.0,3389910.0,29,190,9,3,2585.0,9.2,497,15,13,409210,3390160,497,0,10,-95.17
513801,408960.0,3389910.0,29,190,9,3,2585.0,9.2,497,15,13,409200,3390150,496,0,10,-100.15
513801,408960.0,3389910.0,29,190,9,3,2585.0,9.2,497,15,13,409170,3390200,498,18,6,-103.5
513801,408960.0,3389910.0,29,190,9,3,2585.0,9.2,497,15,13,408930,3389800,496,0,6,-94.0
513801,408960.0,3389910.0,29,190,9,3,2585.0,9.2,497,15,13,409040,3389715,496,0,12,-86.83
513801,408960.0,3389910.0,29,190,9,3,2585.0,9.2,497,15,13,409045,3389720,496,0,12,-90.67
513801,408960.0,3389910.0,29,190,9,3,2585.0,9.2,497,15,13,409065,3389700,497,0,12,-93.25
513801,408960.0,3389910.0,29,190,9,3,2585.0,9.2,497,15,13,409035,3389650,498,0,5,-93.67
513801,408960.0,3389910.0,29,190,9,3,2585.0,9.2,497,15,13,409055,3389710,497,0,12,-90.17
513801,408960.0,3389910.0,29,190,9,3,2585.0,9.2,497,15,13,409005,3389680,497,15,13,-80.17
513801,408960.0,3389910.0,29,190,9,3,2585.0,9.2,497,15,13,409050,3389705,497,0,12,-90.45
513801,408960.0,3389910.0,29,190,9,3,2585.0,9.2,497,15,13,409060,3389695,497,0,5,-96.65
513801,408960.0,3389910.0,29,190,9,3,2585.0,9.2,497,15,13,409075,3389690,497,0,12,-106.95
513801,408960.0,3389910.0,29,190,9,3,2585.0,9.2,497,15,13,409070,3389685,497,0,5,-95.42
513801,408960.0,3389910.0,29,190,9,3,2585.0,9.2,497,15,13,409015,3389670,497,18,13,-94.71
513801,408960.0,3389910.0,29,190,9,3,2585.0,9.2,497,15,13,409020,3389655,497,0,5,-97.2
513801,408960.0,3389910.0,29,190,9,3,2585.0,9.2,497,15,13,409025,3389660,497,0,13,-113.0
513801,408960.0,3389910.0,29,190,9,3,2585.0,9.2,497,15,13,409000,3389675,497,15,5,-90.8
513801,408960.0,3389910.0,29,190,9,3,2585.0,9.2,497,15,13,409010,3389665,497,18,5,-102.0
513801,408960.0,3389910.0,29,190,9,3,2585.0,9.2,497,15,13,409020,3389745,496,0,5,-83.0
513801,408960.0,3389910.0,29,190,9,3,2585.0,9.2,497,15,13,408960,3389685,498,0,12,-79.0
513801,408960.0,3389910.0,29,190,9,3,2585.0,9.2,497,15,13,408970,3389695,498,15,12,-83.55
513801,408960.0,3389910.0,29,190,9,3,2585.0,9.2,497,15,13,408965,3389690,498,15,12,-84.33
513801,408960.0,3389910.0,29,190,9,3,2585.0,9.2,497,15,13,409110,3389675,497,0,12,-95.0
513801,408960.0,3389910.0,29,190,9,3,2585.0,9.2,497,15,13,409075,3389640,498,21,6,-103.0
513801,408960.0,3389910.0,29,190,9,3,2585.0,9.2,497,15,13,408975,3389700,497,15,5,-74.36
513801,408960.0,3389910.0,29,190,9,3,2585.0,9.2,497,15,13,409085,3389650,498,0,6,-103.65
513801,408960.0,3389910.0,29,190,9,3,2585.0,9.2,497,15,13,409095,3389660,498,0,5,-108.71
513801,408960.0,3389910.0,29,190,9,3,2585.0,9.2,497,15,13,409000,3389725,497,0,13,-88.69
513801,408960.0,3389910.0,29,190,9,3,2585.0,9.2,497,15,13,409005,3389730,496,0,13,-87.67
513801,408960.0,3389910.0,29,190,9,3,2585.0,9.2,497,15,13,408985,3389710,497,0,13,-81.1
513801,408960.0,3389910.0,29,190,9,3,2585.0,9.2,497,15,13,409090,3389655,498,0,5,-115.37
513801,408960.0,3389910.0,29,190,9,3,2585.0,9.2,497,15,13,409105,3389670,497,0,5,-95.25
513801,408960.0,3389910.0,29,190,9,3,2585.0,9.2,497,15,13,408980,3389705,497,0,5,-77.35
513801,408960.0,3389910.0,29,190,9,3,2585.0,9.2,497,15,13,408995,3389720,497,0,5,-86.3
513801,408960.0,3389910.0,29,190,9,3,2585.0,9.2,497,15,13,409035,3389760,495,0,6,-94.67
513801,408960.0,3389910.0,29,190,9,3,2585.0,9.2,497,15,13,408990,3389715,497,0,5,-84.04
513801,408960.0,3389910.0,29,190,9,3,2585.0,9.2,497,15,13,409080,3389645,498,21,6,-101.5
513801,408960.0,3389910.0,29,190,9,3,2585.0,9.2,497,15,13,409100,3389665,498,0,13,-73.5
513801,408960.0,3389910.0,29,190,9,3,2585.0,9.2,497,15,13,409010,3389735,496,0,13,-92.89
513801,408960.0,3389910.0,29,190,9,3,2585.0,9.2,497,15,13,409015,3389740,496,0,13,-88.0
513801,408960.0,3389910.0,29,190,9,3,2585.0,9.2,497,15,13,408470,3388895,495,0,5,-96.33
513801,408960.0,3389910.0,29,190,9,3,2585.0,9.2,497,15,13,408520,3388985,493,0,5,-93.5
513801,408960.0,3389910.0,29,190,9,3,2585.0,9.2,497,15,13,409270,3390345,495,0,5,-95.5
513801,408960.0,3389910.0,29,190,9,3,2585.0,9.2,497,15,13,409265,3390360,495,0,6,-118.5
513801,408960.0,3389910.0,29,190,9,3,2585.0,9.2,497,15,13,409275,3390350,495,0,5,-102.33
513801,408960.0,3389910.0,29,190,9,3,2585.0,9.2,497,15,13,408995,3389760,496,0,5,-89.75
513801,408960.0,3389910.0,29,190,9,3,2585.0,9.2,497,15,13,409035,3389720,496,0,12,-96.88
513801,408960.0,3389910.0,29,190,9,3,2585.0,9.2,497,15,13,409030,3389715,496,0,5,-88.22
513801,408960.0,3389910.0,29,190,9,3,2585.0,9.2,497,15,13,408990,3389755,496,0,13,-79.2
513801,408960.0,3389910.0,29,190,9,3,2585.0,9.2,497,15,13,408985,3389750,496,0,13,-73.07
513801,408960.0,3389910.0,29,190,9,3,2585.0,9.2,497,15,13,409055,3389660,497,0,13,-102.15
513801,408960.0,3389910.0,29,190,9,3,2585.0,9.2,497,15,13,409100,3389625,498,0,5,-127.33
513801,408960.0,3389910.0,29,190,9,3,2585.0,9.2,497,15,13,409050,3389655,498,21,13,-105.55
513801,408960.0,3389910.0,29,190,9,3,2585.0,9.2,497,15,13,409010,3389695,497,0,13,-88.46
513801,408960.0,3389910.0,29,190,9,3,2585.0,9.2,497,15,13,408980,3389745,496,0,13,-77.36
513801,408960.0,3389910.0,29,190,9,3,2585.0,9.2,497,15,13,408970,3389735,497,0,5,-79.81
513801,408960.0,3389910.0,29,190,9,3,2585.0,9.2,497,15,13,409110,3389635,498,0,13,-124.0
513801,408960.0,3389910.0,29,190,9,3,2585.0,9.2,497,15,13,409065,3389670,497,0,5,-104.39
513801,408960.0,3389910.0,29,190,9,3,2585.0,9.2,497,15,13,409060,3389665,497,0,13,-101.42
513801,408960.0,3389910.0,29,190,9,3,2585.0,9.2,497,15,13,409005,3389690,497,15,13,-88.82
513801,408960.0,3389910.0,29,190,9,3,2585.0,9.2,497,15,13,408960,3389725,497,0,13,-74.77
513801,408960.0,3389910.0,29,190,9,3,2585.0,9.2,497,15,13,409115,3389640,498,0,5,-114.25
513801,408960.0,3389910.0,29,190,9,3,2585.0,9.2,497,15,13,409070,3389675,497,0,5,-99.68
513801,408960.0,3389910.0,29,190,9,3,2585.0,9.2,497,15,13,408965,3389730,497,0,5,-79.42
513801,408960.0,3389910.0,29,190,9,3,2585.0,9.2,497,15,13,409020,3389705,497,0,5,-90.26
513801,408960.0,3389910.0,29,190,9,3,2585.0,9.2,497,15,13,409015,3389700,497,0,5,-93.67
513801,408960.0,3389910.0,29,190,9,3,2585.0,9.2,497,15,13,409000,3389685,497,15,13,-81.17
513801,408960.0,3389910.0,29,190,9,3,2585.0,9.2,497,15,13,408975,3389740,496,0,13,-80.78
513801,408960.0,3389910.0,29,190,9,3,2585.0,9.2,497,15,13,409045,3389650,498,0,13,-120.0
513801,408960.0,3389910.0,29,190,9,3,2585.0,9.2,497,15,13,409075,3389680,497,0,5,-102.91
513801,408960.0,3389910.0,29,190,9,3,2585.0,9.2,497,15,13,409025,3389710,497,0,5,-91.89
513801,408960.0,3389910.0,29,190,9,3,2585.0,9.2,497,15,13,409040,3389645,498,0,13,-94.25
513801,408960.0,3389910.0,29,190,9,3,2585.0,9.2,497,15,13,409195,3389900,500,21,5,-115.33
513801,408960.0,3389910.0,29,190,9,3,2585.0,9.2,497,15,13,409245,3389830,501,21,5,-114.5
513801,408960.0,3389910.0,29,190,9,3,2585.0,9.2,497,15,13,409065,3389930,496,0,5,-76.05
513801,408960.0,3389910.0,29,190,9,3,2585.0,9.2,497,15,13,409090,3389995,498,0,13,-85.0
513801,408960.0,3389910.0,29,190,9,3,2585.0,9.2,497,15,13,409060,3389925,496,0,5,-75.18
513801,408960.0,3389910.0,29,190,9,3,2585.0,9.2,497,15,13,409045,3389950,496,0,12,-78.18
513801,408960.0,3389910.0,29,190,9,3,2585.0,9.2,497,15,13,409040,3389945,496,0,12,-78.8
513801,408960.0,3389910.0,29,190,9,3,2585.0,9.2,497,15,13,409095,3390000,498,0,13,-87.83
513801,408960.0,3389910.0,29,190,9,3,2585.0,9.2,497,15,13,409070,3389935,496,0,5,-71.15
513801,408960.0,3389910.0,29,190,9,3,2585.0,9.2,497,15,13,409055,3389960,497,0,5,-75.32
513801,408960.0,3389910.0,29,190,9,3,2585.0,9.2,497,15,13,409050,3389955,496,0,12,-78.22
513801,408960.0,3389910.0,29,190,9,3,2585.0,9.2,497,15,13,409080,3389985,497,0,13,-81.76
513801,408960.0,3389910.0,29,190,9,3,2585.0,9.2,497,15,13,409215,3389800,500,0,12,-113.25
513801,408960.0,3389910.0,29,190,9,3,2585.0,9.2,497,15,13,409075,3389940,496,6,12,-69.86
513801,408960.0,3389910.0,29,190,9,3,2585.0,9.2,497,15,13,409085,3389990,497,0,13,-77.78
513801,408960.0,3389910.0,29,190,9,3,2585.0,9.2,497,15,13,409210,3389795,500,0,12,-116.6
513801,408960.0,3389910.0,29,190,9,3,2585.0,9.2,497,15,13,409115,3389980,497,0,13,-83.0
513801,408960.0,3389910.0,29,190,9,3,2585.0,9.2,497,15,13,409020,3389660,497,18,13,-91.67
513801,408960.0,3389910.0,29,190,9,3,2585.0,9.2,497,15,13,409040,3389720,496,0,12,-89.17
513801,408960.0,3389910.0,29,190,9,3,2585.0,9.2,497,15,13,409045,3389715,496,0,12,-93.17
513801,408960.0,3389910.0,29,190,9,3,2585.0,9.2,497,15,13,409060,3389700,497,0,12,-96.41
513801,408960.0,3389910.0,29,190,9,3,2585.0,9.2,497,15,13,409075,3389685,497,0,12,-101.38
513801,408960.0,3389910.0,29,190,9,3,2585.0,9.2,497,15,13,409050,3389710,497,0,12,-102.33
513801,408960.0,3389910.0,29,190,9,3,2585.0,9.2,497,15,13,409070,3389690,497,0,12,-98.38
513801,408960.0,3389910.0,29,190,9,3,2585.0,9.2,497,15,13,409005,3389675,497,15,5,-87.0
513801,408960.0,3389910.0,29,190,9,3,2585.0,9.2,497,15,13,409065,3389695,497,0,5,-92.33
513801,408960.0,3389910.0,29,190,9,3,2585.0,9.2,497,15,13,409055,3389705,497,0,12,-89.46
513801,408960.0,3389910.0,29,190,9,3,2585.0,9.2,497,15,13,409000,3389680,497,15,13,-81.33
513801,408960.0,3389910.0,29,190,9,3,2585.0,9.2,497,15,13,409010,3389670,497,18,5,-87.5
513801,408960.0,3389910.0,29,190,9,3,2585.0,9.2,497,15,13,409025,3389655,497,0,5,-113.5
513801,408960.0,3389910.0,29,190,9,3,2585.0,9.2,497,15,13,408940,3389650,497,0,12,-92.5
513801,408960.0,3389910.0,29,190,9,3,2585.0,9.2,497,15,13,408925,3389665,497,0,5,-84.39
513801,408960.0,3389910.0,29,190,9,3,2585.0,9.2,497,15,13,408780,3389490,495,0,5,-91.85
513801,408960.0,3389910.0,29,190,9,3,2585.0,9.2,497,15,13,408880,3389630,496,0,13,-86.3
513801,408960.0,3389910.0,29,190,9,3,2585.0,9.2,497,15,13,408895,3389635,496,5,5,-85.67
513801,408960.0,3389910.0,29,190,9,3,2585.0,9.2,497,15,13,408910,3389620,496,0,5,-88.0
513801,408960.0,3389910.0,29,190,9,3,2585.0,9.2,497,15,13,408900,3389610,496,0,5,-87.4
513801,408960.0,3389910.0,29,190,9,3,2585.0,9.2,497,15,13,408745,3389445,497,0,6,-89.0
513801,408960.0,3389910.0,29,190,9,3,2585.0,9.2,497,15,13,408755,3389455,496,0,5,-92.56
513801,408960.0,3389910.0,29,190,9,3,2585.0,9.2,497,15,13,408920,3389670,497,0,5,-82.55
513801,408960.0,3389910.0,29,190,9,3,2585.0,9.2,497,15,13,408790,3389500,495,0,5,-88.59
513801,408960.0,3389910.0,29,190,9,3,2585.0,9.2,497,15,13,408890,3389640,496,0,13,-85.24
513801,408960.0,3389910.0,29,190,9,3,2585.0,9.2,497,15,13,408785,3389485,495,0,13,-89.48
513801,408960.0,3389910.0,29,190,9,3,2585.0,9.2,497,15,13,408795,3389495,495,0,13,-88.4
513801,408960.0,3389910.0,29,190,9,3,2585.0,9.2,497,15,13,408885,3389625,496,0,13,-87.82
513801,408960.0,3389910.0,29,190,9,3,2585.0,9.2,497,15,13,408930,3389680,498,6,12,-84.8
513801,408960.0,3389910.0,29,190,9,3,2585.0,9.2,497,15,13,408935,3389675,498,6,12,-86.39
513801,408960.0,3389910.0,29,190,9,3,2585.0,9.2,497,15,13,408875,3389735,495,0,5,-99.67
513801,408960.0,3389910.0,29,190,9,3,2585.0,9.2,497,15,13,408750,3389460,497,21,6,-94.5
513801,408960.0,3389910.0,29,190,9,3,2585.0,9.2,497,15,13,408810,3389545,495,0,5,-87.73
513801,408960.0,3389910.0,29,190,9,3,2585.0,9.2,497,15,13,408860,3389575,495,5,5,-81.97
513801,408960.0,3389910.0,29,190,9,3,2585.0,9.2,497,15,13,408865,3389580,495,0,13,-82.22
513801,408960.0,3389910.0,29,190,9,3,2585.0,9.2,497,15,13,408835,3389530,494,0,5,-83.63
513801,408960.0,3389910.0,29,190,9,3,2585.0,9.2,497,15,13,408820,3389535,495,0,5,-86.07
513801,408960.0,3389910.0,29,190,9,3,2585.0,9.2,497,15,13,408815,3389550,495,0,5,-85.46
513801,408960.0,3389910.0,29,190,9,3,2585.0,9.2,497,15,13,408800,3389555,495,0,6,-79.5
513801,408960.0,3389910.0,29,190,9,3,2585.0,9.2,497,15,13,408825,3389540,495,0,5,-85.52
513801,408960.0,3389910.0,29,190,9,3,2585.0,9.2,497,15,13,408830,3389525,494,0,13,-83.75
513801,408960.0,3389910.0,29,190,9,3,2585.0,9.2,497,15,13,408855,3389590,495,0,5,-84.73
513801,408960.0,3389910.0,29,190,9,3,2585.0,9.2,497,15,13,408805,3389560,495,0,6,-85.25
513801,408960.0,3389910.0,29,190,9,3,2585.0,9.2,497,15,13,408840,3389595,495,0,5,-85.88
513801,408960.0,3389910.0,29,190,9,3,2585.0,9.2,497,15,13,408845,3389600,495,0,5,-85.0
513801,408960.0,3389910.0,29,190,9,3,2585.0,9.2,497,15,13,409295,3390350,496,0,5,-99.86
513801,408960.0,3389910.0,29,190,9,3,2585.0,9.2,497,15,13,408850,3389585,495,0,13,-85.5
513801,408960.0,3389910.0,29,190,9,3,2585.0,9.2,497,15,13,409290,3390345,495,0,5,-98.6
513801,408960.0,3389910.0,29,190,9,3,2585.0,9.2,497,15,13,408870,3389565,495,5,5,-82.0
513801,408960.0,3389910.0,29,190,9,3,2585.0,9.2,497,15,13,409035,3389815,495,18,5,-90.33
513801,408960.0,3389910.0,29,190,9,3,2585.0,9.2,497,15,13,409020,3389810,495,0,5,-72.67
513801,408960.0,3389910.0,29,190,9,3,2585.0,9.2,497,15,13,408995,3389775,495,0,6,-73.0
513801,408960.0,3389910.0,29,190,9,3,2585.0,9.2,497,15,13,409055,3389875,495,21,5,-96.5
513801,408960.0,3389910.0,29,190,9,3,2585.0,9.2,497,15,13,408985,3389765,496,0,5,-75.47
513801,408960.0,3389910.0,29,190,9,3,2585.0,9.2,497,15,13,409080,3389910,496,18,5,-86.5
513801,408960.0,3389910.0,29,190,9,3,2585.0,9.2,497,15,13,409005,3389825,495,0,5,-70.72
513801,408960.0,3389910.0,29,190,9,3,2585.0,9.2,497,15,13,408980,3389770,496,0,5,-74.44
513801,408960.0,3389910.0,29,190,9,3,2585.0,9.2,497,15,13,408965,3389785,496,0,6,-77.17
513801,408960.0,3389910.0,29,190,9,3,2585.0,9.2,497,15,13,408970,3389800,496,0,6,-77.42
513801,408960.0,3389910.0,29,190,9,3,2585.0,9.2,497,15,13,408960,3389790,496,0,6,-80.88
513801,408960.0,3389910.0,29,190,9,3,2585.0,9.2,497,15,13,409010,3389840,495,0,13,-69.2
513801,408960.0,3389910.0,29,190,9,3,2585.0,9.2,497,15,13,408975,3389795,496,0,6,-78.03
513801,408960.0,3389910.0,29,190,9,3,2585.0,9.2,497,15,13,409075,3389855,496,0,5,-107.67
513801,408960.0,3389910.0,29,190,9,3,2585.0,9.2,497,15,13,409000,3389830,496,0,5,-73.75
513801,408960.0,3389910.0,29,190,9,3,2585.0,9.2,497,15,13,409030,3389820,495,18,5,-96.33
513801,408960.0,3389910.0,29,190,9,3,2585.0,9.2,497,15,13,409060,3389850,495,0,5,-93.54
513801,408960.0,3389910.0,29,190,9,3,2585.0,9.2,497,15,13,409050,3389880,495,21,5,-73.86
513801,408960.0,3389910.0,29,190,9,3,2585.0,9.2,497,15,13,409085,3389905,496,0,5,-79.5
513801,408960.0,3389910.0,29,190,9,3,2585.0,9.2,497,15,13,408990,3389780,495,0,6,-77.08
513801,408960.0,3389910.0,29,190,9,3,2585.0,9.2,497,15,13,409045,3389865,495,21,13,-75.17
513801,408960.0,3389910.0,29,190,9,3,2585.0,9.2,497,15,13,409015,3389835,495,0,13,-69.64
513801,408960.0,3389910.0,29,190,9,3,2585.0,9.2,497,15,13,409025,3389805,495,0,5,-94.0
513801,408960.0,3389910.0,29,190,9,3,2585.0,9.2,497,15,13,409040,3389870,495,21,13,-76.0
513801,408960.0,3389910.0,29,190,9,3,2585.0,9.2,497,15,13,409070,3389860,495,0,5,-100.93
513801,408960.0,3389910.0,29,190,9,3,2585.0,9.2,497,15,13,408515,3388965,494,0,5,-95.25
513801,408960.0,3389910.0,29,190,9,3,2585.0,9.2,497,15,13,408510,3388970,494,0,5,-104.57
513801,408960.0,3389910.0,29,190,9,3,2585.0,9.2,497,15,13,409220,3389835,501,0,12,-104.0
513801,408960.0,3389910.0,29,190,9,3,2585.0,9.2,497,15,13,409235,3389830,501,21,12,-113.0
513801,408960.0,3389910.0,29,190,9,3,2585.0,9.2,497,15,13,409080,3389935,496,6,5,-79.67
513801,408960.0,3389910.0,29,190,9,3,2585.0,9.2,497,15,13,409065,3390000,498,0,5,-78.73
513801,408960.0,3389910.0,29,190,9,3,2585.0,9.2,497,15,13,409060,3389995,498,0,6,-81.86
513801,408960.0,3389910.0,29,190,9,3,2585.0,9.2,497,15,13,409055,3389970,497,0,13,-75.65
513801,408960.0,3389910.0,29,190,9,3,2585.0,9.2,497,15,13,409040,3389975,497,0,6,-84.0
513801,408960.0,3389910.0,29,190,9,3,2585.0,9.2,497,15,13,409075,3389990,497,0,13,-81.87
513801,408960.0,3389910.0,29,190,9,3,2585.0,9.2,497,15,13,409070,3389985,497,0,13,-79.82
513801,408960.0,3389910.0,29,190,9,3,2585.0,9.2,497,15,13,409050,3389965,497,0,5,-81.5
513801,408960.0,3389910.0,29,190,9,3,2585.0,9.2,497,15,13,409045,3389980,497,0,6,-78.2
513801,408960.0,3389910.0,29,190,9,3,2585.0,9.2,497,15,13,409215,3389810,500,0,5,-112.33
513801,408960.0,3389910.0,29,190,9,3,2585.0,9.2,497,15,13,409085,3389940,497,6,5,-82.0
513801,408960.0,3389910.0,29,190,9,3,2585.0,9.2,497,15,13,409210,3389805,500,0,12,-120.67
513801,408960.0,3389910.0,29,190,9,3,2585.0,9.2,497,15,13,408895,3389600,495,5,5,-87.0
513801,408960.0,3389910.0,29,190,9,3,2585.0,9.2,497,15,13,408815,3389520,495,0,13,-86.83
513801,408960.0,3389910.0,29,190,9,3,2585.0,9.2,497,15,13,408800,3389505,495,0,13,-86.85
513801,408960.0,3389910.0,29,190,9,3,2585.0,9.2,497,15,13,408825,3389490,495,0,5,-83.6
513801,408960.0,3389910.0,29,190,9,3,2585.0,9.2,497,15,13,408880,3389585,495,5,5,-85.0
513801,408960.0,3389910.0,29,190,9,3,2585.0,9.2,497,15,13,408805,3389510,495,0,13,-86.94
513801,408960.0,3389910.0,29,190,9,3,2585.0,9.2,497,15,13,408835,3389500,494,0,5,-88.5
513801,408960.0,3389910.0,29,190,9,3,2585.0,9.2,497,15,13,408810,3389515,495,0,13,-86.13
513801,408960.0,3389910.0,29,190,9,3,2585.0,9.2,497,15,13,408890,3389595,495,5,5,-85.17
513801,408960.0,3389910.0,29,190,9,3,2585.0,9.2,497,15,13,408820,3389485,495,0,5,-86.8
513801,408960.0,3389910.0,29,190,9,3,2585.0,9.2,497,15,13,409055,3389725,496,0,5,-93.5
513801,408960.0,3389910.0,29,190,9,3,2585.0,9.2,497,15,13,408985,3389675,497,0,5,-90.0
513801,408960.0,3389910.0,29,190,9,3,2585.0,9.2,497,15,13,409020,3389640,498,0,5,-116.5
513801,408960.0,3389910.0,29,190,9,3,2585.0,9.2,497,15,13,409095,3389685,497,0,6,-106.33
513801,408960.0,3389910.0,29,190,9,3,2585.0,9.2,497,15,13,409080,3389700,497,18,12,-94.75
513801,408960.0,3389910.0,29,190,9,3,2585.0,9.2,497,15,13,409090,3389690,497,0,5,-110.0
513801,408960.0,3389910.0,29,190,9,3,2585.0,9.2,497,15,13,408980,3389680,497,0,5,-80.25
513801,408960.0,3389910.0,29,190,9,3,2585.0,9.2,497,15,13,409085,3389695,497,0,13,-114.83
513801,408960.0,3389910.0,29,190,9,3,2585.0,9.2,497,15,13,408990,3389670,497,0,5,-87.83
513801,408960.0,3389910.0,29,190,9,3,2585.0,9.2,497,15,13,408995,3389665,497,0,5,-95.0
513801,408960.0,3389910.0,29,190,9,3,2585.0,9.2,497,15,13,408865,3389510,494,0,5,-83.5
513801,408960.0,3389910.0,29,190,9,3,2585.0,9.2,497,15,13,408485,3388900,495,0,12,-92.5
513801,408960.0,3389910.0,29,190,9,3,2585.0,9.2,497,15,13,408480,3388895,495,0,5,-98.67
513801,408960.0,3389910.0,29,190,9,3,2585.0,9.2,497,15,13,408810,3389585,496,18,6,-88.0
513801,408960.0,3389910.0,29,190,9,3,2585.0,9.2,497,15,13,408855,3389550,494,12,12,-84.77
513801,408960.0,3389910.0,29,190,9,3,2585.0,9.2,497,15,13,408845,3389560,495,0,5,-84.89
513801,408960.0,3389910.0,29,190,9,3,2585.0,9.2,497,15,13,408850,3389545,494,12,12,-87.13
513801,408960.0,3389910.0,29,190,9,3,2585.0,9.2,497,15,13,408825,3389580,495,0,5,-85.17
513801,408960.0,3389910.0,29,190,9,3,2585.0,9.2,497,15,13,408830,3389565,495,0,5,-84.58
513801,408960.0,3389910.0,29,190,9,3,2585.0,9.2,497,15,13,408840,3389555,495,0,5,-83.69
513801,408960.0,3389910.0,29,190,9,3,2585.0,9.2,497,15,13,408820,3389575,495,0,6,-85.78
513801,408960.0,3389910.0,29,190,9,3,2585.0,9.2,497,15,13,409310,3390365,497,0,10,-107.0
513801,408960.0,3389910.0,29,190,9,3,2585.0,9.2,497,15,13,408835,3389570,495,0,13,-84.21
513801,408960.0,3389910.0,29,190,9,3,2585.0,9.2,497,15,13,409250,3390290,496,0,5,-99.83
513801,408960.0,3389910.0,29,190,9,3,2585.0,9.2,497,15,13,409255,3390285,496,0,13,-98.0
513801,408960.0,3389910.0,29,190,9,3,2585.0,9.2,497,15,13,409230,3390270,497,0,5,-100.0
513801,408960.0,3389910.0,29,190,9,3,2585.0,9.2,497,15,13,409215,3390245,498,0,5,-100.0
513801,408960.0,3389910.0,29,190,9,3,2585.0,9.2,497,15,13,409265,3390315,495,0,6,-99.0
513801,408960.0,3389910.0,29,190,9,3,2585.0,9.2,497,15,13,409275,3390305,495,0,6,-98.33
513801,408960.0,3389910.0,29,190,9,3,2585.0,9.2,497,15,13,409260,3390320,495,0,6,-100.5
513801,408960.0,3389910.0,29,190,9,3,2585.0,9.2,497,15,13,409270,3390310,495,0,6,-98.0
513801,408960.0,3389910.0,29,190,9,3,2585.0,9.2,497,15,13,409055,3389655,498,21,13,-101.2
513801,408960.0,3389910.0,29,190,9,3,2585.0,9.2,497,15,13,409015,3389695,497,0,5,-85.68
513801,408960.0,3389910.0,29,190,9,3,2585.0,9.2,497,15,13,409045,3389645,498,0,13,-96.33
513801,408960.0,3389910.0,29,190,9,3,2585.0,9.2,497,15,13,409025,3389705,497,0,5,-92.21
513801,408960.0,3389910.0,29,190,9,3,2585.0,9.2,497,15,13,409070,3389680,497,0,5,-104.47
513801,408960.0,3389910.0,29,190,9,3,2585.0,9.2,497,15,13,409035,3389715,496,0,12,-86.0
513801,408960.0,3389910.0,29,190,9,3,2585.0,9.2,497,15,13,408965,3389725,497,0,13,-76.8
513801,408960.0,3389910.0,29,190,9,3,2585.0,9.2,497,15,13,408960,3389730,497,0,5,-79.47
513801,408960.0,3389910.0,29,190,9,3,2585.0,9.2,497,15,13,409115,3389635,498,0,13,-119.0
513801,408960.0,3389910.0,29,190,9,3,2585.0,9.2,497,15,13,409010,3389700,497,0,5,-85.11
513801,408960.0,3389910.0,29,190,9,3,2585.0,9.2,497,15,13,409065,3389665,497,0,5,-106.24
513801,408960.0,3389910.0,29,190,9,3,2585.0,9.2,497,15,13,409060,3389670,497,0,5,-100.67
513801,408960.0,3389910.0,29,190,9,3,2585.0,9.2,497,15,13,408980,3389750,496,0,13,-75.71
513801,408960.0,3389910.0,29,190,9,3,2585.0,9.2,497,15,13,408970,3389740,497,0,5,-78.99
513801,408960.0,3389910.0,29,190,9,3,2585.0,9.2,497,15,13,408975,3389735,497,0,5,-79.86
513801,408960.0,3389910.0,29,190,9,3,2585.0,9.2,497,15,13,409000,3389690,497,15,13,-88.1
513801,408960.0,3389910.0,29,190,9,3,2585.0,9.2,497,15,13,409050,3389660,497,21,13,-106.22
513801,408960.0,3389910.0,29,190,9,3,2585.0,9.2,497,15,13,409110,3389640,498,0,5,-117.08
513801,408960.0,3389910.0,29,190,9,3,2585.0,9.2,497,15,13,409005,3389685,497,15,13,-85.65
513801,408960.0,3389910.0,29,190,9,3,2585.0,9.2,497,15,13,409020,3389710,497,0,5,-90.94
513801,408960.0,3389910.0,29,190,9,3,2585.0,9.2,497,15,13,408985,3389745,496,0,13,-76.58
513801,408960.0,3389910.0,29,190,9,3,2585.0,9.2,497,15,13,409075,3389675,497,0,5,-100.07
513801,408960.0,3389910.0,29,190,9,3,2585.0,9.2,497,15,13,408990,3389760,496,0,5,-81.38
513801,408960.0,3389910.0,29,190,9,3,2585.0,9.2,497,15,13,409030,3389720,496,0,5,-86.59
513801,408960.0,3389910.0,29,190,9,3,2585.0,9.2,497,15,13,408995,3389755,496,0,5,-91.0
513801,408960.0,3389910.0,29,190,9,3,2585.0,9.2,497,15,13,408480,3388890,495,0,5,-104.5
513801,408960.0,3389910.0,29,190,9,3,2585.0,9.2,497,15,13,408485,3388885,495,0,5,-100.0
513801,408960.0,3389910.0,29,190,9,3,2585.0,9.2,497,15,13,408490,3388900,495,0,12,-97.67
513801,408960.0,3389910.0,29,190,9,3,2585.0,9.2,497,15,13,408515,3388915,494,0,12,-100.5
513801,408960.0,3389910.0,29,190,9,3,2585.0,9.2,497,15,13,408865,3389680,496,0,6,-88.75
513801,408960.0,3389910.0,29,190,9,3,2585.0,9.2,497,15,13,408930,3389725,497,0,5,-80.69
513801,408960.0,3389910.0,29,190,9,3,2585.0,9.2,497,15,13,408905,3389720,496,0,6,-89.41
513801,408960.0,3389910.0,29,190,9,3,2585.0,9.2,497,15,13,408950,3389745,497,0,5,-86.73
513801,408960.0,3389910.0,29,190,9,3,2585.0,9.2,497,15,13,408935,3389730,497,0,13,-81.25
513801,408960.0,3389910.0,29,190,9,3,2585.0,9.2,497,15,13,408915,3389710,497,0,5,-82.79
513801,408960.0,3389910.0,29,190,9,3,2585.0,9.2,497,15,13,408895,3389690,497,0,13,-86.91
513801,408960.0,3389910.0,29,190,9,3,2585.0,9.2,497,15,13,408900,3389715,496,0,6,-89.54
513801,408960.0,3389910.0,29,190,9,3,2585.0,9.2,497,15,13,408885,3389700,496,0,6,-88.25
513801,408960.0,3389910.0,29,190,9,3,2585.0,9.2,497,15,13,408880,3389695,496,21,6,-87.33
513801,408960.0,3389910.0,29,190,9,3,2585.0,9.2,497,15,13,408875,3389670,496,0,6,-86.77
513801,408960.0,3389910.0,29,190,9,3,2585.0,9.2,497,15,13,408945,3389760,496,0,5,-81.86
513801,408960.0,3389910.0,29,190,9,3,2585.0,9.2,497,15,13,408925,3389740,496,0,5,-86.13
513801,408960.0,3389910.0,29,190,9,3,2585.0,9.2,497,15,13,408920,3389735,496,0,5,-86.54
513801,408960.0,3389910.0,29,190,9,3,2585.0,9.2,497,15,13,408910,3389705,497,0,13,-83.76
513801,408960.0,3389910.0,29,190,9,3,2585.0,9.2,497,15,13,408855,3389650,496,0,6,-87.0
513801,408960.0,3389910.0,29,190,9,3,2585.0,9.2,497,15,13,408890,3389685,497,0,13,-87.2
513801,408960.0,3389910.0,29,190,9,3,2585.0,9.2,497,15,13,408940,3389755,496,0,5,-84.67
513801,408960.0,3389910.0,29,190,9,3,2585.0,9.2,497,15,13,408870,3389665,496,0,6,-87.56
513801,408960.0,3389910.0,29,190,9,3,2585.0,9.2,497,15,13,408835,3389630,495,24,6,-79.0
513801,408960.0,3389910.0,29,190,9,3,2585.0,9.2,497,15,13,408860,3389675,496,24,6,-88.75
513801,408960.0,3389910.0,29,190,9,3,2585.0,9.2,497,15,13,408850,3389645,495,0,6,-87.5
513801,408960.0,3389910.0,29,190,9,3,2585.0,9.2,497,15,13,408955,3389750,496,0,5,-81.71
513801,408960.0,3389910.0,29,190,9,3,2585.0,9.2,497,15,13,409075,3390090,498,0,5,-89.0
513801,408960.0,3389910.0,29,190,9,3,2585.0,9.2,497,15,13,409250,3390305,496,0,5,-104.0
513801,408960.0,3389910.0,29,190,9,3,2585.0,9.2,497,15,13,409260,3390295,496,0,5,-100.0
513801,408960.0,3389910.0,29,190,9,3,2585.0,9.2,497,15,13,409265,3390300,496,0,5,-100.5
513801,408960.0,3389910.0,29,190,9,3,2585.0,9.2,497,15,13,409240,3390315,496,0,6,-104.5
513801,408960.0,3389910.0,29,190,9,3,2585.0,9.2,497,15,13,409245,3390320,495,0,6,-103.0
513801,408960.0,3389910.0,29,190,9,3,2585.0,9.2,497,15,13,409115,3390095,497,0,6,-96.25
513801,408960.0,3389910.0,29,190,9,3,2585.0,9.2,497,15,13,409100,3390090,497,0,6,-93.5
513801,408960.0,3389910.0,29,190,9,3,2585.0,9.2,497,15,13,409105,3390085,497,0,6,-94.78
513801,408960.0,3389910.0,29,190,9,3,2585.0,9.2,497,15,13,409240,3390270,497,0,13,-108.0
513801,408960.0,3389910.0,29,190,9,3,2585.0,9.2,497,15,13,409250,3390280,497,0,13,-101.5
513801,408960.0,3389910.0,29,190,9,3,2585.0,9.2,497,15,13,409235,3390295,496,0,5,-98.0
513801,408960.0,3389910.0,29,190,9,3,2585.0,9.2,497,15,13,409110,3390100,497,0,6,-96.08
513801,408960.0,3389910.0,29,190,9,3,2585.0,9.2,497,15,13,408495,3388950,495,0,5,-93.5
513801,408960.0,3389910.0,29,190,9,3,2585.0,9.2,497,15,13,408720,3389355,496,0,13,-90.2
513801,408960.0,3389910.0,29,190,9,3,2585.0,9.2,497,15,13,408710,3389365,496,0,5,-89.33
513801,408960.0,3389910.0,29,190,9,3,2585.0,9.2,497,15,13,408725,3389360,496,0,13,-87.2
513801,408960.0,3389910.0,29,190,9,3,2585.0,9.2,497,15,13,408500,3388935,494,0,5,-90.75
513801,408960.0,3389910.0,29,190,9,3,2585.0,9.2,497,15,13,408490,3388945,495,0,5,-103.5
513801,408960.0,3389910.0,29,190,9,3,2585.0,9.2,497,15,13,408505,3388940,494,0,12,-95.2
513801,408960.0,3389910.0,29,190,9,3,2585.0,9.2,497,15,13,408770,3389400,495,12,6,-88.33
513801,408960.0,3389910.0,29,190,9,3,2585.0,9.2,497,15,13,408735,3389435,497,0,6,-91.0
513801,408960.0,3389910.0,29,190,9,3,2585.0,9.2,497,15,13,408745,3389405,496,0,6,-91.25
513801,408960.0,3389910.0,29,190,9,3,2585.0,9.2,497,15,13,408760,3389390,495,12,13,-85.0
513801,408960.0,3389910.0,29,190,9,3,2585.0,9.2,497,15,13,408740,3389410,497,0,6,-91.52
513801,408960.0,3389910.0,29,190,9,3,2585.0,9.2,497,15,13,408755,3389415,496,0,5,-91.98
513801,408960.0,3389910.0,29,190,9,3,2585.0,9.2,497,15,13,408750,3389420,497,0,5,-90.84
513801,408960.0,3389910.0,29,190,9,3,2585.0,9.2,497,15,13,408720,3389430,498,21,6,-95.0
513801,408960.0,3389910.0,29,190,9,3,2585.0,9.2,497,15,13,408685,3389305,497,0,13,-87.67
513801,408960.0,3389910.0,29,190,9,3,2585.0,9.2,497,15,13,408900,3389705,497,0,5,-88.39
513801,408960.0,3389910.0,29,190,9,3,2585.0,9.2,497,15,13,408880,3389685,497,0,6,-90.18
513801,408960.0,3389910.0,29,190,9,3,2585.0,9.2,497,15,13,408875,3389680,496,0,6,-92.13
513801,408960.0,3389910.0,29,190,9,3,2585.0,9.2,497,15,13,408860,3389665,496,24,6,-85.33
513801,408960.0,3389910.0,29,190,9,3,2585.0,9.2,497,15,13,408930,3389735,497,0,13,-81.49
513801,408960.0,3389910.0,29,190,9,3,2585.0,9.2,497,15,13,408955,3389760,496,0,5,-82.79
513801,408960.0,3389910.0,29,190,9,3,2585.0,9.2,497,15,13,408935,3389740,497,0,5,-82.43
513801,408960.0,3389910.0,29,190,9,3,2585.0,9.2,497,15,13,408865,3389670,496,0,6,-92.25
513801,408960.0,3389910.0,29,190,9,3,2585.0,9.2,497,15,13,408950,3389755,496,0,5,-84.6
513801,408960.0,3389910.0,29,190,9,3,2585.0,9.2,497,15,13,408925,3389730,497,0,5,-84.74
513801,408960.0,3389910.0,29,190,9,3,2585.0,9.2,497,15,13,408855,3389660,496,24,6,-89.5
513801,408960.0,3389910.0,29,190,9,3,2585.0,9.2,497,15,13,408895,3389700,497,0,6,-89.82
513801,408960.0,3389910.0,29,190,9,3,2585.0,9.2,497,15,13,408940,3389745,497,0,5,-83.25
513801,408960.0,3389910.0,29,190,9,3,2585.0,9.2,497,15,13,408870,3389675,496,0,6,-90.2
513801,408960.0,3389910.0,29,190,9,3,2585.0,9.2,497,15,13,408910,3389715,497,0,13,-84.86
513801,408960.0,3389910.0,29,190,9,3,2585.0,9.2,497,15,13,408905,3389710,497,0,5,-87.56
513801,408960.0,3389910.0,29,190,9,3,2585.0,9.2,497,15,13,408885,3389690,497,0,6,-88.36
513801,408960.0,3389910.0,29,190,9,3,2585.0,9.2,497,15,13,408915,3389720,497,0,13,-83.14
513801,408960.0,3389910.0,29,190,9,3,2585.0,9.2,497,15,13,408945,3389750,497,0,5,-84.27
513801,408960.0,3389910.0,29,190,9,3,2585.0,9.2,497,15,13,408920,3389725,497,0,5,-84.0
513801,408960.0,3389910.0,29,190,9,3,2585.0,9.2,497,15,13,408890,3389695,497,0,6,-89.33
513801,408960.0,3389910.0,29,190,9,3,2585.0,9.2,497,15,13,409060,3390055,498,0,5,-93.0
513801,408960.0,3389910.0,29,190,9,3,2585.0,9.2,497,15,13,409240,3389875,501,21,12,-112.33
513801,408960.0,3389910.0,29,190,9,3,2585.0,9.2,497,15,13,409005,3389960,497,0,5,-87.0
513801,408960.0,3389910.0,29,190,9,3,2585.0,9.2,497,15,13,409110,3390005,498,0,5,-86.0
513801,408960.0,3389910.0,29,190,9,3,2585.0,9.2,497,15,13,409075,3390050,498,18,6,-87.67
513801,408960.0,3389910.0,29,190,9,3,2585.0,9.2,497,15,13,409085,3390040,498,0,6,-84.91
513801,408960.0,3389910.0,29,190,9,3,2585.0,9.2,497,15,13,409100,3390015,498,0,13,-87.82
513801,408960.0,3389910.0,29,190,9,3,2585.0,9.2,497,15,13,409250,3389865,501,0,12,-117.33
513801,408960.0,3389910.0,29,190,9,3,2585.0,9.2,497,15,13,409245,3389880,501,0,12,-119.0
513801,408960.0,3389910.0,29,190,9,3,2585.0,9.2,497,15,13,409035,3389930,496,0,5,-75.23
513801,408960.0,3389910.0,29,190,9,3,2585.0,9.2,497,15,13,409105,3390020,498,0,5,-91.69
513801,408960.0,3389910.0,29,190,9,3,2585.0,9.2,497,15,13,409095,3390030,498,0,13,-88.61
513801,408960.0,3389910.0,29,190,9,3,2585.0,9.2,497,15,13,409080,3390035,498,0,6,-84.33
513801,408960.0,3389910.0,29,190,9,3,2585.0,9.2,497,15,13,409030,3389925,496,0,5,-76.98
513801,408960.0,3389910.0,29,190,9,3,2585.0,9.2,497,15,13,409090,3390025,498,0,13,-86.83
513801,408960.0,3389910.0,29,190,9,3,2585.0,9.2,497,15,13,409025,3389940,496,24,6,-76.58
513801,408960.0,3389910.0,29,190,9,3,2585.0,9.2,497,15,13,409015,3389950,496,24,6,-75.57
513801,408960.0,3389910.0,29,190,9,3,2585.0,9.2,497,15,13,409115,3390010,498,12,5,-88.0
513801,408960.0,3389910.0,29,190,9,3,2585.0,9.2,497,15,13,409010,3389945,496,24,6,-87.0
513801,408960.0,3389910.0,29,190,9,3,2585.0,9.2,497,15,13,409020,3389935,496,0,6,-77.28
513801,408960.0,3389910.0,29,190,9,3,2585.0,9.2,497,15,13,409210,3389905,501,0,12,-112.0
513801,408960.0,3389910.0,29,190,9,3,2585.0,9.2,497,15,13,408870,3389690,496,21,6,-92.33
513801,408960.0,3389910.0,29,190,9,3,2585.0,9.2,497,15,13,408880,3389680,496,0,6,-90.4
513801,408960.0,3389910.0,29,190,9,3,2585.0,9.2,497,15,13,408780,3389460,496,0,5,-90.97
513801,408960.0,3389910.0,29,190,9,3,2585.0,9.2,497,15,13,408895,3389665,496,0,13,-84.11
513801,408960.0,3389910.0,29,190,9,3,2585.0,9.2,497,15,13,408890,3389670,496,0,13,-86.83
513801,408960.0,3389910.0,29,190,9,3,2585.0,9.2,497,15,13,408885,3389675,496,0,13,-87.29
513801,408960.0,3389910.0,29,190,9,3,2585.0,9.2,497,15,13,408790,3389450,496,0,5,-90.75
513801,408960.0,3389910.0,29,190,9,3,2585.0,9.2,497,15,13,408905,3389655,497,0,5,-85.57
513801,408960.0,3389910.0,29,190,9,3,2585.0,9.2,497,15,13,408785,3389455,496,0,5,-90.29
513801,408960.0,3389910.0,29,190,9,3,2585.0,9.2,497,15,13,408910,3389650,497,6,5,-82.23
513801,408960.0,3389910.0,29,190,9,3,2585.0,9.2,497,15,13,408900,3389660,497,0,5,-88.33
513801,408960.0,3389910.0,29,190,9,3,2585.0,9.2,497,15,13,408765,3389475,496,0,5,-94.09
513801,408960.0,3389910.0,29,190,9,3,2585.0,9.2,497,15,13,408770,3389470,496,0,13,-89.81
513801,408960.0,3389910.0,29,190,9,3,2585.0,9.2,497,15,13,408875,3389685,496,21,6,-83.0
513801,408960.0,3389910.0,29,190,9,3,2585.0,9.2,497,15,13,408760,3389480,496,18,6,-94.75
513801,408960.0,3389910.0,29,190,9,3,2585.0,9.2,497,15,13,408775,3389465,496,0,13,-89.5
513801,408960.0,3389910.0,29,190,9,3,2585.0,9.2,497,15,13,408915,3389645,497,0,5,-81.94
513801,408960.0,3389910.0,29,190,9,3,2585.0,9.2,497,15,13,408795,3389445,496,9,5,-93.33
513801,408960.0,3389910.0,29,190,9,3,2585.0,9.2,497,15,13,408920,3389640,496,6,5,-81.33
513801,408960.0,3389910.0,29,190,9,3,2585.0,9.2,497,15,13,409215,3390340,495,0,5,-101.0
513801,408960.0,3389910.0,29,190,9,3,2585.0,9.2,497,15,13,409155,3390030,497,0,5,-95.5
513801,408960.0,3389910.0,29,190,9,3,2585.0,9.2,497,15,13,409130,3390005,498,6,13,-96.0
513801,408960.0,3389910.0,29,190,9,3,2585.0,9.2,497,15,13,409120,3390015,498,12,5,-86.0
513801,408960.0,3389910.0,29,190,9,3,2585.0,9.2,497,15,13,408985,3389880,496,6,6,-81.0
513801,408960.0,3389910.0,29,190,9,3,2585.0,9.2,497,15,13,408965,3389860,496,6,6,-83.0
513801,408960.0,3389910.0,29,190,9,3,2585.0,9.2,497,15,13,409160,3390055,497,0,5,-93.5
513801,408960.0,3389910.0,29,190,9,3,2585.0,9.2,497,15,13,408970,3389845,496,0,6,-80.97
513801,408960.0,3389910.0,29,190,9,3,2585.0,9.2,497,15,13,409025,3389920,496,0,5,-77.82
513801,408960.0,3389910.0,29,190,9,3,2585.0,9.2,497,15,13,409020,3389915,496,0,5,-75.9
513801,408960.0,3389910.0,29,190,9,3,2585.0,9.2,497,15,13,408995,3389870,496,0,5,-80.26
513801,408960.0,3389910.0,29,190,9,3,2585.0,9.2,497,15,13,409030,3389905,495,0,12,-73.64
513801,408960.0,3389910.0,29,190,9,3,2585.0,9.2,497,15,13,409015,3389890,496,0,5,-77.52
513801,408960.0,3389910.0,29,190,9,3,2585.0,9.2,497,15,13,409000,3389895,496,0,6,-80.92
513801,408960.0,3389910.0,29,190,9,3,2585.0,9.2,497,15,13,409165,3390060,496,0,5,-98.67
513801,408960.0,3389910.0,29,190,9,3,2585.0,9.2,497,15,13,408980,3389875,496,6,6,-78.45
513801,408960.0,3389910.0,29,190,9,3,2585.0,9.2,497,15,13,409010,3389885,496,0,13,-77.51
513801,408960.0,3389910.0,29,190,9,3,2585.0,9.2,497,15,13,409175,3390050,496,0,5,-106.0
513801,408960.0,3389910.0,29,190,9,3,2585.0,9.2,497,15,13,409005,3389900,496,0,6,-75.08
513801,408960.0,3389910.0,29,190,9,3,2585.0,9.2,497,15,13,408975,3389850,496,0,6,-79.88
513801,408960.0,3389910.0,29,190,9,3,2585.0,9.2,497,15,13,408990,3389865,496,0,6,-78.82
513801,408960.0,3389910.0,29,190,9,3,2585.0,9.2,497,15,13,409035,3389910,496,0,12,-73.21
513801,408960.0,3389910.0,29,190,9,3,2585.0,9.2,497,15,13,409205,3389940,499,0,12,-92.5
513801,408960.0,3389910.0,29,190,9,3,2585.0,9.2,497,15,13,409140,3390035,497,21,5,-94.0
513801,408960.0,3389910.0,29,190,9,3,2585.0,9.2,497,15,13,409060,3389795,495,18,5,-94.5
513801,408960.0,3389910.0,29,190,9,3,2585.0,9.2,497,15,13,408960,3389855,496,6,6,-83.57
513801,408960.0,3389910.0,29,190,9,3,2585.0,9.2,497,15,13,409150,3390025,497,0,5,-93.0
513801,408960.0,3389910.0,29,190,9,3,2585.0,9.2,497,15,13,409125,3390020,498,12,5,-88.0
513801,408960.0,3389910.0,29,190,9,3,2585.0,9.2,497,15,13,408280,3390150,501,0,13,-109.5
513801,408960.0,3389910.0,29,190,9,3,2585.0,9.2,497,15,13,409070,3389915,496,18,5,-71.0
513801,408960.0,3389910.0,29,190,9,3,2585.0,9.2,497,15,13,409055,3389900,496,0,5,-71.73
513801,408960.0,3389910.0,29,190,9,3,2585.0,9.2,497,15,13,409060,3389905,496,0,5,-75.88
513801,408960.0,3389910.0,29,190,9,3,2585.0,9.2,497,15,13,408975,3389820,496,0,6,-78.7
513801,408960.0,3389910.0,29,190,9,3,2585.0,9.2,497,15,13,408990,3389835,496,0,5,-73.78
513801,408960.0,3389910.0,29,190,9,3,2585.0,9.2,497,15,13,409045,3389890,495,21,13,-74.05
513801,408960.0,3389910.0,29,190,9,3,2585.0,9.2,497,15,13,409095,3389860,496,0,5,-89.5
513801,408960.0,3389910.0,29,190,9,3,2585.0,9.2,497,15,13,408985,3389830,496,0,6,-75.18
513801,408960.0,3389910.0,29,190,9,3,2585.0,9.2,497,15,13,408960,3389805,496,0,6,-85.22
513801,408960.0,3389910.0,29,190,9,3,2585.0,9.2,497,15,13,408980,3389825,496,0,6,-81.5
513801,408960.0,3389910.0,29,190,9,3,2585.0,9.2,497,15,13,408965,3389810,496,0,6,-82.81
513801,408960.0,3389910.0,29,190,9,3,2585.0,9.2,497,15,13,408970,3389815,496,0,6,-81.77
513801,408960.0,3389910.0,29,190,9,3,2585.0,9.2,497,15,13,408995,3389840,496,0,5,-74.99
513801,408960.0,3389910.0,29,190,9,3,2585.0,9.2,497,15,13,409040,3389885,495,21,5,-71.19
513801,408960.0,3389910.0,29,190,9,3,2585.0,9.2,497,15,13,409050,3389895,496,21,13,-72.67
513801,408960.0,3389910.0,29,190,9,3,2585.0,9.2,497,15,13,409120,3389965,497,0,5,-100.5
513801,408960.0,3389910.0,29,190,9,3,2585.0,9.2,497,15,13,408715,3389405,497,21,6,-92.5
513801,408960.0,3389910.0,29,190,9,3,2585.0,9.2,497,15,13,409195,3389680,500,0,6,-107.0
513801,408960.0,3389910.0,29,190,9,3,2585.0,9.2,497,15,13,409140,3389625,499,0,13,-116.2
513801,408960.0,3389910.0,29,190,9,3,2585.0,9.2,497,15,13,409130,3389615,499,21,13,-98.5
513801,408960.0,3389910.0,29,190,9,3,2585.0,9.2,497,15,13,409135,3389620,499,0,13,-102.0
513801,408960.0,3389910.0,29,190,9,3,2585.0,9.2,497,15,13,409265,3389750,499,0,13,-109.6
513801,408960.0,3389910.0,29,190,9,3,2585.0,9.2,497,15,13,409240,3389725,500,21,5,-101.5
513801,408960.0,3389910.0,29,190,9,3,2585.0,9.2,497,15,13,409225,3389710,500,0,13,-98.5
513801,408960.0,3389910.0,29,190,9,3,2585.0,9.2,497,15,13,409260,3389745,499,0,5,-99.25
513801,408960.0,3389910.0,29,190,9,3,2585.0,9.2,497,15,13,409250,3389735,500,21,5,-104.0
513801,408960.0,3389910.0,29,190,9,3,2585.0,9.2,497,15,13,409205,3390345,495,0,5,-106.0
513801,408960.0,3389910.0,29,190,9,3,2585.0,9.2,497,15,13,408630,3389185,494,0,13,-92.5
513801,408960.0,3389910.0,29,190,9,3,2585.0,9.2,497,15,13,408785,3389425,496,12,5,-92.13
513801,408960.0,3389910.0,29,190,9,3,2585.0,9.2,497,15,13,408765,3389405,496,12,6,-94.08
513801,408960.0,3389910.0,29,190,9,3,2585.0,9.2,497,15,13,408775,3389415,496,12,13,-92.25
513801,408960.0,3389910.0,29,190,9,3,2585.0,9.2,497,15,13,408710,3389360,496,0,5,-91.0
513801,408960.0,3389910.0,29,190,9,3,2585.0,9.2,497,15,13,408715,3389355,496,0,5,-94.67
513801,408960.0,3389910.0,29,190,9,3,2585.0,9.2,497,15,13,408735,3389375,496,0,13,-91.38
513801,408960.0,3389910.0,29,190,9,3,2585.0,9.2,497,15,13,408740,3389390,496,0,13,-91.79
513801,408960.0,3389910.0,29,190,9,3,2585.0,9.2,497,15,13,408770,3389420,496,0,13,-89.04
513801,408960.0,3389910.0,29,190,9,3,2585.0,9.2,497,15,13,408730,3389380,496,0,13,-90.91
513801,408960.0,3389910.0,29,190,9,3,2585.0,9.2,497,15,13,408750,3389400,496,0,6,-90.77
513801,408960.0,3389910.0,29,190,9,3,2585.0,9.2,497,15,13,408755,3389395,496,0,5,-88.78
513801,408960.0,3389910.0,29,190,9,3,2585.0,9.2,497,15,13,408725,3389365,496,0,13,-89.5
513801,408960.0,3389910.0,29,190,9,3,2585.0,9.2,497,15,13,408790,3389440,496,0,13,-92.73
513801,408960.0,3389910.0,29,190,9,3,2585.0,9.2,497,15,13,408760,3389410,496,0,5,-89.11
513801,408960.0,3389910.0,29,190,9,3,2585.0,9.2,497,15,13,408780,3389430,496,12,5,-92.75
513801,408960.0,3389910.0,29,190,9,3,2585.0,9.2,497,15,13,408720,3389370,496,0,13,-94.0
513801,408960.0,3389910.0,29,190,9,3,2585.0,9.2,497,15,13,408745,3389385,496,0,13,-91.53
513801,408960.0,3389910.0,29,190,9,3,2585.0,9.2,497,15,13,409190,3389920,500,0,12,-115.0
513801,408960.0,3389910.0,29,190,9,3,2585.0,9.2,497,15,13,409105,3389985,497,6,13,-93.5
513801,408960.0,3389910.0,29,190,9,3,2585.0,9.2,497,15,13,409085,3389965,497,0,5,-81.25
513801,408960.0,3389910.0,29,190,9,3,2585.0,9.2,497,15,13,409070,3389960,497,0,13,-75.39
513801,408960.0,3389910.0,29,190,9,3,2585.0,9.2,497,15,13,409075,3389955,497,0,5,-80.33
513801,408960.0,3389910.0,29,190,9,3,2585.0,9.2,497,15,13,409065,3389945,496,0,12,-73.62
513801,408960.0,3389910.0,29,190,9,3,2585.0,9.2,497,15,13,409080,3389970,497,0,13,-75.63
513801,408960.0,3389910.0,29,190,9,3,2585.0,9.2,497,15,13,409040,3389930,496,0,5,-77.02
513801,408960.0,3389910.0,29,190,9,3,2585.0,9.2,497,15,13,409045,3389925,496,0,12,-73.82
513801,408960.0,3389910.0,29,190,9,3,2585.0,9.2,497,15,13,409050,3389940,496,0,12,-75.77
513801,408960.0,3389910.0,29,190,9,3,2585.0,9.2,497,15,13,409060,3389950,496,0,5,-76.53
513801,408960.0,3389910.0,29,190,9,3,2585.0,9.2,497,15,13,409055,3389935,496,0,12,-75.69
513801,408960.0,3389910.0,29,190,9,3,2585.0,9.2,497,15,13,409110,3390000,498,0,5,-94.67
513801,408960.0,3389910.0,29,190,9,3,2585.0,9.2,497,15,13,409250,3389820,500,0,12,-124.5
513801,408960.0,3389910.0,29,190,9,3,2585.0,9.2,497,15,13,408910,3389805,496,0,6,-99.33
513801,408960.0,3389910.0,29,190,9,3,2585.0,9.2,497,15,13,408925,3389800,496,0,6,-98.44
513801,408960.0,3389910.0,29,190,9,3,2585.0,9.2,497,15,13,408920,3389795,496,0,6,-89.36
513801,408960.0,3389910.0,29,190,9,3,2585.0,9.2,497,15,13,408930,3389785,496,0,6,-93.37
513801,408960.0,3389910.0,29,190,9,3,2585.0,9.2,497,15,13,408955,3389770,496,0,5,-80.03
513801,408960.0,3389910.0,29,190,9,3,2585.0,9.2,497,15,13,409185,3390180,497,0,5,-104.21
513801,408960.0,3389910.0,29,190,9,3,2585.0,9.2,497,15,13,408935,3389790,496,0,6,-94.56
513801,408960.0,3389910.0,29,190,9,3,2585.0,9.2,497,15,13,409180,3390175,497,0,5,-100.4
513801,408960.0,3389910.0,29,190,9,3,2585.0,9.2,497,15,13,409175,3390190,497,0,5,-103.0
513801,408960.0,3389910.0,29,190,9,3,2585.0,9.2,497,15,13,408950,3389765,496,0,5,-80.68
513801,408960.0,3389910.0,29,190,9,3,2585.0,9.2,497,15,13,409160,3390195,497,18,6,-102.0
513801,408960.0,3389910.0,29,190,9,3,2585.0,9.2,497,15,13,409170,3390185,497,0,5,-101.8
513801,408960.0,3389910.0,29,190,9,3,2585.0,9.2,497,15,13,408945,3389780,496,0,6,-86.96
513801,408960.0,3389910.0,29,190,9,3,2585.0,9.2,497,15,13,409235,3390130,496,45,5,-94.0
513801,408960.0,3389910.0,29,190,9,3,2585.0,9.2,497,15,13,408940,3389775,496,0,6,-86.89
513801,408960.0,3389910.0,29,190,9,3,2585.0,9.2,497,15,13,409195,3390170,497,0,10,-102.3
513801,408960.0,3389910.0,29,190,9,3,2585.0,9.2,497,15,13,409200,3390155,496,0,10,-98.21
513801,408960.0,3389910.0,29,190,9,3,2585.0,9.2,497,15,13,409190,3390165,497,0,10,-101.73
513801,408960.0,3389910.0,29,190,9,3,2585.0,9.2,497,15,13,409205,3390160,497,0,10,-97.87
513801,408960.0,3389910.0,29,190,9,3,2585.0,9.2,497,15,13,409210,3390145,496,0,10,-97.0
513801,408960.0,3389910.0,29,190,9,3,2585.0,9.2,497,15,13,409245,3389760,499,0,5,-109.5
513801,408960.0,3389910.0,29,190,9,3,2585.0,9.2,497,15,13,409155,3389610,499,0,13,-97.33
513801,408960.0,3389910.0,29,190,9,3,2585.0,9.2,497,15,13,409125,3389640,498,0,5,-113.0
513801,408960.0,3389910.0,29,190,9,3,2585.0,9.2,497,15,13,409130,3389625,499,0,13,-125.33
513801,408960.0,3389910.0,29,190,9,3,2585.0,9.2,497,15,13,409135,3389630,499,0,13,-124.0
513801,408960.0,3389910.0,29,190,9,3,2585.0,9.2,497,15,13,409145,3389620,499,0,5,-122.5
513801,408960.0,3389910.0,29,190,9,3,2585.0,9.2,497,15,13,409120,3389635,498,0,5,-104.0
513801,408960.0,3389910.0,29,190,9,3,2585.0,9.2,497,15,13,409150,3389605,499,21,13,-124.0
513801,408960.0,3389910.0,29,190,9,3,2585.0,9.2,497,15,13,409240,3389755,499,0,13,-111.67
513801,408960.0,3389910.0,29,190,9,3,2585.0,9.2,497,15,13,409265,3389740,500,0,5,-101.6
513801,408960.0,3389910.0,29,190,9,3,2585.0,9.2,497,15,13,409255,3389750,499,0,13,-119.8
513801,408960.0,3389910.0,29,190,9,3,2585.0,9.2,497,15,13,409220,3389820,500,0,5,-114.0
513801,408960.0,3389910.0,29,190,9,3,2585.0,9.2,497,15,13,409225,3389815,500,21,5,-113.5
513801,408960.0,3389910.0,29,190,9,3,2585.0,9.2,497,15,13,409040,3390000,498,21,6,-78.5
513801,408960.0,3389910.0,29,190,9,3,2585.0,9.2,497,15,13,409030,3390010,498,0,12,-95.0
513801,408960.0,3389910.0,29,190,9,3,2585.0,9.2,497,15,13,409085,3389955,497,6,5,-80.75
513801,408960.0,3389910.0,29,190,9,3,2585.0,9.2,497,15,13,409090,3389950,497,6,5,-87.0
513801,408960.0,3389910.0,29,190,9,3,2585.0,9.2,497,15,13,409060,3389980,497,0,13,-85.25
513801,408960.0,3389910.0,29,190,9,3,2585.0,9.2,497,15,13,409080,3389960,497,0,13,-80.5
513801,408960.0,3389910.0,29,190,9,3,2585.0,9.2,497,15,13,409065,3389975,497,0,13,-81.18
513801,408960.0,3389910.0,29,190,9,3,2585.0,9.2,497,15,13,409070,3389970,497,0,13,-80.26
513801,408960.0,3389910.0,29,190,9,3,2585.0,9.2,497,15,13,409050,3389990,497,0,6,-76.2
513801,408960.0,3389910.0,29,190,9,3,2585.0,9.2,497,15,13,409075,3389965,497,0,13,-74.35
513801,408960.0,3389910.0,29,190,9,3,2585.0,9.2,497,15,13,409055,3389985,497,0,6,-77.0
513801,408960.0,3389910.0,29,190,9,3,2585.0,9.2,497,15,13,408835,3389605,495,0,6,-86.2
513801,408960.0,3389910.0,29,190,9,3,2585.0,9.2,497,15,13,408925,3389755,496,0,6,-90.65
513801,408960.0,3389910.0,29,190,9,3,2585.0,9.2,497,15,13,408870,3389650,496,0,13,-87.21
513801,408960.0,3389910.0,29,190,9,3,2585.0,9.2,497,15,13,408930,3389750,496,0,5,-85.82
513801,408960.0,3389910.0,29,190,9,3,2585.0,9.2,497,15,13,408945,3389735,497,0,5,-87.38
513801,408960.0,3389910.0,29,190,9,3,2585.0,9.2,497,15,13,408950,3389730,497,0,5,-79.88
513801,408960.0,3389910.0,29,190,9,3,2585.0,9.2,497,15,13,408895,3389705,497,0,6,-88.43
513801,408960.0,3389910.0,29,190,9,3,2585.0,9.2,497,15,13,408875,3389645,496,0,13,-86.02
513801,408960.0,3389910.0,29,190,9,3,2585.0,9.2,497,15,13,408860,3389660,496,0,6,-88.0
513801,408960.0,3389910.0,29,190,9,3,2585.0,9.2,497,15,13,408955,3389725,497,0,13,-77.96
513801,408960.0,3389910.0,29,190,9,3,2585.0,9.2,497,15,13,408915,3389685,497,0,5,-86.06
513801,408960.0,3389910.0,29,190,9,3,2585.0,9.2,497,15,13,408935,3389745,497,0,5,-86.18
513801,408960.0,3389910.0,29,190,9,3,2585.0,9.2,497,15,13,408885,3389715,496,21,6,-86.5
513801,408960.0,3389910.0,29,190,9,3,2585.0,9.2,497,15,13,408910,3389690,497,0,5,-83.4
513801,408960.0,3389910.0,29,190,9,3,2585.0,9.2,497,15,13,408905,3389695,497,0,13,-85.98
513801,408960.0,3389910.0,29,190,9,3,2585.0,9.2,497,15,13,408940,3389740,497,0,5,-82.9
513801,408960.0,3389910.0,29,190,9,3,2585.0,9.2,497,15,13,408900,3389700,497,0,5,-88.01
513801,408960.0,3389910.0,29,190,9,3,2585.0,9.2,497,15,13,408890,3389710,496,21,6,-89.75
513801,408960.0,3389910.0,29,190,9,3,2585.0,9.2,497,15,13,408790,3389570,496,0,5,-84.5
513801,408960.0,3389910.0,29,190,9,3,2585.0,9.2,497,15,13,408865,3389655,496,0,6,-86.33
513801,408960.0,3389910.0,29,190,9,3,2585.0,9.2,497,15,13,408880,3389720,496,0,6,-93.67
513801,408960.0,3389910.0,29,190,9,3,2585.0,9.2,497,15,13,408830,3389610,496,0,6,-87.25
513801,408960.0,3389910.0,29,190,9,3,2585.0,9.2,497,15,13,408920,3389760,496,0,6,-100.82
513801,408960.0,3389910.0,29,190,9,3,2585.0,9.2,497,15,13,409010,3389740,496,0,13,-90.33
513801,408960.0,3389910.0,29,190,9,3,2585.0,9.2,497,15,13,409060,3389630,498,0,6,-111.5
513801,408960.0,3389910.0,29,190,9,3,2585.0,9.2,497,15,13,409030,3389760,495,0,6,-78.5
513801,408960.0,3389910.0,29,190,9,3,2585.0,9.2,497,15,13,408995,3389715,497,0,5,-85.54
513801,408960.0,3389910.0,29,190,9,3,2585.0,9.2,497,15,13,408965,3389685,498,0,12,-82.67
513801,408960.0,3389910.0,29,190,9,3,2585.0,9.2,497,15,13,408960,3389690,498,0,12,-77.42
513801,408960.0,3389910.0,29,190,9,3,2585.0,9.2,497,15,13,409070,3389640,498,21,6,-103.25
513801,408960.0,3389910.0,29,190,9,3,2585.0,9.2,497,15,13,408975,3389695,498,15,12,-78.0
513801,408960.0,3389910.0,29,190,9,3,2585.0,9.2,497,15,13,409095,3389655,498,0,5,-113.77
513801,408960.0,3389910.0,29,190,9,3,2585.0,9.2,497,15,13,409100,3389670,497,0,5,-99.0
513801,408960.0,3389910.0,29,190,9,3,2585.0,9.2,497,15,13,409005,3389725,496,0,13,-84.71
513801,408960.0,3389910.0,29,190,9,3,2585.0,9.2,497,15,13,409090,3389660,498,0,6,-108.11
513801,408960.0,3389910.0,29,190,9,3,2585.0,9.2,497,15,13,408980,3389710,497,0,13,-76.9
513801,408960.0,3389910.0,29,190,9,3,2585.0,9.2,497,15,13,409000,3389730,496,0,13,-86.85
513801,408960.0,3389910.0,29,190,9,3,2585.0,9.2,497,15,13,408990,3389720,497,0,5,-84.23
513801,408960.0,3389910.0,29,190,9,3,2585.0,9.2,497,15,13,409085,3389645,498,0,5,-104.53
513801,408960.0,3389910.0,29,190,9,3,2585.0,9.2,497,15,13,409075,3389635,498,21,6,-104.0
513801,408960.0,3389910.0,29,190,9,3,2585.0,9.2,497,15,13,408985,3389705,497,0,13,-78.21
513801,408960.0,3389910.0,29,190,9,3,2585.0,9.2,497,15,13,409105,3389665,498,0,13,-106.43
513801,408960.0,3389910.0,29,190,9,3,2585.0,9.2,497,15,13,409015,3389735,496,0,13,-79.71
513801,408960.0,3389910.0,29,190,9,3,2585.0,9.2,497,15,13,409080,3389650,498,0,6,-109.61
513801,408960.0,3389910.0,29,190,9,3,2585.0,9.2,497,15,13,408970,3389700,497,15,5,-75.94
513801,408960.0,3389910.0,29,190,9,3,2585.0,9.2,497,15,13,408900,3389570,495,0,12,-87.0
513801,408960.0,3389910.0,29,190,9,3,2585.0,9.2,497,15,13,408895,3389595,495,5,5,-85.0
513801,408960.0,3389910.0,29,190,9,3,2585.0,9.2,497,15,13,408815,3389515,494,0,5,-85.02
513801,408960.0,3389910.0,29,190,9,3,2585.0,9.2,497,15,13,408800,3389510,495,0,13,-87.09
513801,408960.0,3389910.0,29,190,9,3,2585.0,9.2,497,15,13,408810,3389520,495,0,13,-85.78
513801,408960.0,3389910.0,29,190,9,3,2585.0,9.2,497,15,13,408805,3389505,495,0,13,-86.44
513801,408960.0,3389910.0,29,190,9,3,2585.0,9.2,497,15,13,409290,3390320,495,0,6,-103.5
513801,408960.0,3389910.0,29,190,9,3,2585.0,9.2,497,15,13,409280,3390310,495,0,6,-102.67
513801,408960.0,3389910.0,29,190,9,3,2585.0,9.2,497,15,13,408885,3389585,495,5,5,-87.0
513801,408960.0,3389910.0,29,190,9,3,2585.0,9.2,497,15,13,408820,3389490,495,0,5,-83.5
513801,408960.0,3389910.0,29,190,9,3,2585.0,9.2,497,15,13,408880,3389590,495,5,13,-84.36
513801,408960.0,3389910.0,29,190,9,3,2585.0,9.2,497,15,13,409295,3390315,496,81,6,-102.0
513801,408960.0,3389910.0,29,190,9,3,2585.0,9.2,497,15,13,408890,3389600,495,5,5,-86.33
513801,408960.0,3389910.0,29,190,9,3,2585.0,9.2,497,15,13,408955,3389925,497,0,13,-87.0
513801,408960.0,3389910.0,29,190,9,3,2585.0,9.2,497,15,13,409110,3390090,497,0,6,-96.81
513801,408960.0,3389910.0,29,190,9,3,2585.0,9.2,497,15,13,409115,3390085,497,0,13,-95.55
513801,408960.0,3389910.0,29,190,9,3,2585.0,9.2,497,15,13,409105,3390095,497,0,6,-94.36
513801,408960.0,3389910.0,29,190,9,3,2585.0,9.2,497,15,13,408880,3389565,495,0,5,-98.0
513801,408960.0,3389910.0,29,190,9,3,2585.0,9.2,497,15,13,408805,3389490,495,0,5,-90.09
513801,408960.0,3389910.0,29,190,9,3,2585.0,9.2,497,15,13,408810,3389495,495,0,5,-87.03
513801,408960.0,3389910.0,29,190,9,3,2585.0,9.2,497,15,13,408820,3389505,495,0,5,-84.42
513801,408960.0,3389910.0,29,190,9,3,2585.0,9.2,497,15,13,408815,3389500,495,0,5,-85.1
513801,408960.0,3389910.0,29,190,9,3,2585.0,9.2,497,15,13,408825,3389510,494,0,5,-86.3
513801,408960.0,3389910.0,29,190,9,3,2585.0,9.2,497,15,13,408800,3389485,495,0,5,-88.85
513801,408960.0,3389910.0,29,190,9,3,2585.0,9.2,497,15,13,408830,3389515,494,12,13,-84.76
513801,408960.0,3389910.0,29,190,9,3,2585.0,9.2,497,15,13,408835,3389520,494,12,13,-85.33
513801,408960.0,3389910.0,29,190,9,3,2585.0,9.2,497,15,13,408905,3389590,495,0,6,-86.67
513801,408960.0,3389910.0,29,190,9,3,2585.0,9.2,497,15,13,409130,3390130,496,0,6,-101.0
513801,408960.0,3389910.0,29,190,9,3,2585.0,9.2,497,15,13,409125,3390135,496,0,6,-95.67
513801,408960.0,3389910.0,29,190,9,3,2585.0,9.2,497,15,13,409160,3390100,496,0,12,-90.89
513801,408960.0,3389910.0,29,190,9,3,2585.0,9.2,497,15,13,409180,3390120,495,0,5,-91.1
513801,408960.0,3389910.0,29,190,9,3,2585.0,9.2,497,15,13,409220,3390240,498,0,13,-93.33
513801,408960.0,3389910.0,29,190,9,3,2585.0,9.2,497,15,13,409135,3390125,496,0,6,-100.15
513801,408960.0,3389910.0,29,190,9,3,2585.0,9.2,497,15,13,409210,3390210,499,0,5,-106.43
513801,408960.0,3389910.0,29,190,9,3,2585.0,9.2,497,15,13,409175,3390085,496,0,12,-95.6
513801,408960.0,3389910.0,29,190,9,3,2585.0,9.2,497,15,13,409150,3390150,496,0,5,-104.81
513801,408960.0,3389910.0,29,190,9,3,2585.0,9.2,497,15,13,409205,3390215,499,0,5,-98.33
513801,408960.0,3389910.0,29,190,9,3,2585.0,9.2,497,15,13,409155,3390145,496,0,5,-103.21
513801,408960.0,3389910.0,29,190,9,3,2585.0,9.2,497,15,13,409185,3390115,495,0,5,-92.83
513801,408960.0,3389910.0,29,190,9,3,2585.0,9.2,497,15,13,409145,3390155,496,18,6,-102.8
513801,408960.0,3389910.0,29,190,9,3,2585.0,9.2,497,15,13,409165,3390095,496,0,12,-91.67
513801,408960.0,3389910.0,29,190,9,3,2585.0,9.2,497,15,13,409140,3390160,496,18,6,-101.5
513801,408960.0,3389910.0,29,190,9,3,2585.0,9.2,497,15,13,409190,3390110,495,0,5,-86.0
513801,408960.0,3389910.0,29,190,9,3,2585.0,9.2,497,15,13,409170,3390090,496,0,12,-95.25
513801,408960.0,3389910.0,29,190,9,3,2585.0,9.2,497,15,13,408495,3388945,495,0,5,-94.25
513801,408960.0,3389910.0,29,190,9,3,2585.0,9.2,497,15,13,408505,3388935,494,0,12,-94.5
513801,408960.0,3389910.0,29,190,9,3,2585.0,9.2,497,15,13,408490,3388950,495,0,5,-102.0
513801,408960.0,3389910.0,29,190,9,3,2585.0,9.2,497,15,13,408500,3388940,494,0,5,-98.33
513801,408960.0,3389910.0,29,190,9,3,2585.0,9.2,497,15,13,408730,3389350,495,0,5,-89.5
513801,408960.0,3389910.0,29,190,9,3,2585.0,9.2,497,15,13,408725,3389355,495,0,5,-94.0
513801,408960.0,3389910.0,29,190,9,3,2585.0,9.2,497,15,13,409145,3389715,498,21,6,-106.0
513801,408960.0,3389910.0,29,190,9,3,2585.0,9.2,497,15,13,409435,3389825,496,21,12,-107.0
513801,408960.0,3389910.0,29,190,9,3,2585.0,9.2,497,15,13,408915,3389605,496,0,6,-85.0
513801,408960.0,3389910.0,29,190,9,3,2585.0,9.2,497,15,13,408780,3389500,495,0,5,-94.29
513801,408960.0,3389910.0,29,190,9,3,2585.0,9.2,497,15,13,408900,3389620,496,5,5,-82.3
513801,408960.0,3389910.0,29,190,9,3,2585.0,9.2,497,15,13,408785,3389495,495,0,5,-90.5
513801,408960.0,3389910.0,29,190,9,3,2585.0,9.2,497,15,13,408925,3389675,497,6,5,-83.97
513801,408960.0,3389910.0,29,190,9,3,2585.0,9.2,497,15,13,408930,3389670,497,0,12,-83.54
513801,408960.0,3389910.0,29,190,9,3,2585.0,9.2,497,15,13,408920,3389680,497,0,5,-83.58
513801,408960.0,3389910.0,29,190,9,3,2585.0,9.2,497,15,13,408750,3389450,497,0,5,-96.33
513801,408960.0,3389910.0,29,190,9,3,2585.0,9.2,497,15,13,408795,3389485,495,0,13,-88.9
513801,408960.0,3389910.0,29,190,9,3,2585.0,9.2,497,15,13,408910,3389610,496,0,5,-90.4
513801,408960.0,3389910.0,29,190,9,3,2585.0,9.2,497,15,13,408895,3389625,496,5,13,-87.58
513801,408960.0,3389910.0,29,190,9,3,2585.0,9.2,497,15,13,408790,3389490,495,0,5,-87.64
513801,408960.0,3389910.0,29,190,9,3,2585.0,9.2,497,15,13,408880,3389640,496,0,13,-85.08
513801,408960.0,3389910.0,29,190,9,3,2585.0,9.2,497,15,13,408890,3389630,496,5,13,-84.98
513801,408960.0,3389910.0,29,190,9,3,2585.0,9.2,497,15,13,408755,3389445,496,0,5,-89.65
513801,408960.0,3389910.0,29,190,9,3,2585.0,9.2,497,15,13,408885,3389635,496,0,5,-85.63
513801,408960.0,3389910.0,29,190,9,3,2585.0,9.2,497,15,13,408935,3389665,497,0,12,-81.33
513801,408960.0,3389910.0,29,190,9,3,2585.0,9.2,497,15,13,408875,3389725,496,0,5,-92.33
513801,408960.0,3389910.0,29,190,9,3,2585.0,9.2,497,15,13,408905,3389615,496,0,5,-90.8
513801,408960.0,3389910.0,29,190,9,3,2585.0,9.2,497,15,13,408775,3389505,495,0,6,-91.75
513801,408960.0,3389910.0,29,190,9,3,2585.0,9.2,497,15,13,408940,3389660,497,0,12,-84.25
513801,408960.0,3389910.0,29,190,9,3,2585.0,9.2,497,15,13,408955,3389645,497,0,5,-118.0
513801,408960.0,3389910.0,29,190,9,3,2585.0,9.2,497,15,13,408550,3389040,494,0,12,-84.0
513801,408960.0,3389910.0,29,190,9,3,2585.0,9.2,497,15,13,408975,3389665,497,0,5,-103.0
513801,408960.0,3389910.0,29,190,9,3,2585.0,9.2,497,15,13,408980,3389660,497,15,5,-103.5
513801,408960.0,3389910.0,29,190,9,3,2585.0,9.2,497,15,13,409110,3389690,497,0,5,-103.5
513801,408960.0,3389910.0,29,190,9,3,2585.0,9.2,497,15,13,408990,3389650,497,15,5,-105.0
513801,408960.0,3389910.0,29,190,9,3,2585.0,9.2,497,15,13,408960,3389680,498,0,5,-89.33
513801,408960.0,3389910.0,29,190,9,3,2585.0,9.2,497,15,13,408985,3389655,497,15,5,-102.75
513801,408960.0,3389910.0,29,190,9,3,2585.0,9.2,497,15,13,408965,3389675,498,0,5,-97.0
513801,408960.0,3389910.0,29,190,9,3,2585.0,9.2,497,15,13,408625,3389195,495,0,13,-91.5
513801,408960.0,3389910.0,29,190,9,3,2585.0,9.2,497,15,13,408630,3389190,495,0,13,-87.0
513801,408960.0,3389910.0,29,190,9,3,2585.0,9.2,497,15,13,408495,3388935,495,0,5,-91.33
513801,408960.0,3389910.0,29,190,9,3,2585.0,9.2,497,15,13,408750,3389360,495,0,5,-99.5
513801,408960.0,3389910.0,29,190,9,3,2585.0,9.2,497,15,13,408510,3388960,494,0,5,-94.67
513801,408960.0,3389910.0,29,190,9,3,2585.0,9.2,497,15,13,408505,3388945,494,0,5,-97.5
513801,408960.0,3389910.0,29,190,9,3,2585.0,9.2,497,15,13,408715,3389395,497,0,6,-86.0
513801,408960.0,3389910.0,29,190,9,3,2585.0,9.2,497,15,13,408500,3388950,494,0,5,-98.57
513801,408960.0,3389910.0,29,190,9,3,2585.0,9.2,497,15,13,408740,3389350,495,0,5,-91.33
513801,408960.0,3389910.0,29,190,9,3,2585.0,9.2,497,15,13,408490,3388940,495,0,5,-97.0
513801,408960.0,3389910.0,29,190,9,3,2585.0,9.2,497,15,13,408515,3388955,494,0,12,-103.75
513801,408960.0,3389910.0,29,190,9,3,2585.0,9.2,497,15,13,409205,3389815,500,21,5,-127.0
513801,408960.0,3389910.0,29,190,9,3,2585.0,9.2,497,15,13,409075,3389985,497,0,13,-79.27
513801,408960.0,3389910.0,29,190,9,3,2585.0,9.2,497,15,13,409085,3389935,496,6,5,-85.0
513801,408960.0,3389910.0,29,190,9,3,2585.0,9.2,497,15,13,409065,3389995,498,0,5,-79.91
513801,408960.0,3389910.0,29,190,9,3,2585.0,9.2,497,15,13,409055,3389965,497,0,5,-77.61
513801,408960.0,3389910.0,29,190,9,3,2585.0,9.2,497,15,13,409070,3389990,497,0,13,-82.33
513801,408960.0,3389910.0,29,190,9,3,2585.0,9.2,497,15,13,409210,3389810,500,0,5,-110.67
513801,408960.0,3389910.0,29,190,9,3,2585.0,9.2,497,15,13,409045,3389975,497,0,6,-77.0
513801,408960.0,3389910.0,29,190,9,3,2585.0,9.2,497,15,13,409215,3389805,500,0,12,-124.0
513801,408960.0,3389910.0,29,190,9,3,2585.0,9.2,497,15,13,409050,3389970,497,0,5,-72.6
513801,408960.0,3389910.0,29,190,9,3,2585.0,9.2,497,15,13,409060,3390000,498,0,6,-82.0
513801,408960.0,3389910.0,29,190,9,3,2585.0,9.2,497,15,13,409040,3389980,497,21,6,-70.67
513801,408960.0,3389910.0,29,190,9,3,2585.0,9.2,497,15,13,409280,3389740,499,0,5,-101.0
513801,408960.0,3389910.0,29,190,9,3,2585.0,9.2,497,15,13,409125,3390105,496,0,5,-96.73
513801,408960.0,3389910.0,29,190,9,3,2585.0,9.2,497,15,13,409130,3390120,496,0,6,-98.88
513801,408960.0,3389910.0,29,190,9,3,2585.0,9.2,497,15,13,409205,3390185,498,0,5,-100.5
513801,408960.0,3389910.0,29,190,9,3,2585.0,9.2,497,15,13,409165,3390145,496,0,5,-101.32
513801,408960.0,3389910.0,29,190,9,3,2585.0,9.2,497,15,13,409135,3390115,496,0,5,-100.48
513801,408960.0,3389910.0,29,190,9,3,2585.0,9.2,497,15,13,409140,3390090,496,0,12,-95.04
513801,408960.0,3389910.0,29,190,9,3,2585.0,9.2,497,15,13,409120,3390110,496,0,6,-95.4
513801,408960.0,3389910.0,29,190,9,3,2585.0,9.2,497,15,13,409150,3390100,496,0,12,-95.82
513801,408960.0,3389910.0,29,190,9,3,2585.0,9.2,497,15,13,409155,3390095,496,0,12,-93.38
513801,408960.0,3389910.0,29,190,9,3,2585.0,9.2,497,15,13,409170,3390160,496,0,5,-103.42
513801,408960.0,3389910.0,29,190,9,3,2585.0,9.2,497,15,13,409175,3390155,496,0,5,-102.94
513801,408960.0,3389910.0,29,190,9,3,2585.0,9.2,497,15,13,409160,3390150,496,0,5,-102.44
513801,408960.0,3389910.0,29,190,9,3,2585.0,9.2,497,15,13,409185,3390125,495,0,5,-95.0
513801,408960.0,3389910.0,29,190,9,3,2585.0,9.2,497,15,13,409210,3390200,498,0,5,-102.5
513801,408960.0,3389910.0,29,190,9,3,2585.0,9.2,497,15,13,409145,3390085,496,0,5,-91.83
513801,408960.0,3389910.0,29,190,9,3,2585.0,9.2,497,15,13,409180,3390130,495,0,5,-95.24
513801,408960.0,3389910.0,29,190,9,3,2585.0,9.2,497,15,13,409190,3390140,496,0,10,-98.5
513801,408960.0,3389910.0,29,190,9,3,2585.0,9.2,497,15,13,409195,3390135,496,0,10,-94.6
513801,408960.0,3389910.0,29,190,9,3,2585.0,9.2,497,15,13,409200,3390190,498,0,5,-98.5
513801,408960.0,3389910.0,29,190,9,3,2585.0,9.2,497,15,13,409225,3390165,497,0,5,-94.33
513801,408960.0,3389910.0,29,190,9,3,2585.0,9.2,497,15,13,408705,3389355,496,0,5,-99.0
513801,408960.0,3389910.0,29,190,9,3,2585.0,9.2,497,15,13,408710,3389350,496,0,5,-93.0
513801,408960.0,3389910.0,29,190,9,3,2585.0,9.2,497,15,13,408755,3389385,495,12,13,-87.4
513801,408960.0,3389910.0,29,190,9,3,2585.0,9.2,497,15,13,408700,3389360,496,0,5,-102.5
513801,408960.0,3389910.0,29,190,9,3,2585.0,9.2,497,15,13,408760,3389420,496,0,5,-92.04
513801,408960.0,3389910.0,29,190,9,3,2585.0,9.2,497,15,13,408745,3389395,496,0,5,-90.45
513801,408960.0,3389910.0,29,190,9,3,2585.0,9.2,497,15,13,408725,3389375,496,0,13,-92.33
513801,408960.0,3389910.0,29,190,9,3,2585.0,9.2,497,15,13,408750,3389390,496,0,13,-87.83
513801,408960.0,3389910.0,29,190,9,3,2585.0,9.2,497,15,13,408765,3389415,496,0,5,-91.67
513801,408960.0,3389910.0,29,190,9,3,2585.0,9.2,497,15,13,408730,3389370,496,0,13,-86.5
513801,408960.0,3389910.0,29,190,9,3,2585.0,9.2,497,15,13,408740,3389400,496,0,5,-91.96
513801,408960.0,3389910.0,29,190,9,3,2585.0,9.2,497,15,13,408735,3389365,495,0,13,-88.4
513801,408960.0,3389910.0,29,190,9,3,2585.0,9.2,497,15,13,408770,3389410,496,12,5,-90.75
513801,408960.0,3389910.0,29,190,9,3,2585.0,9.2,497,15,13,408720,3389380,496,0,5,-102.0
513801,408960.0,3389910.0,29,190,9,3,2585.0,9.2,497,15,13,408780,3389440,496,0,13,-90.37
513801,408960.0,3389910.0,29,190,9,3,2585.0,9.2,497,15,13,408790,3389430,496,0,5,-90.33
513801,408960.0,3389910.0,29,190,9,3,2585.0,9.2,497,15,13,408785,3389435,496,12,13,-91.67
513801,408960.0,3389910.0,29,190,9,3,2585.0,9.2,497,15,13,408775,3389405,495,12,5,-91.0
513801,408960.0,3389910.0,29,190,9,3,2585.0,9.2,497,15,13,409000,3389670,497,15,5,-89.33
513801,408960.0,3389910.0,29,190,9,3,2585.0,9.2,497,15,13,409035,3389655,497,21,5,-111.0
513801,408960.0,3389910.0,29,190,9,3,2585.0,9.2,497,15,13,409050,3389720,496,0,5,-92.0
513801,408960.0,3389910.0,29,190,9,3,2585.0,9.2,497,15,13,409065,3389685,497,0,5,-100.88
513801,408960.0,3389910.0,29,190,9,3,2585.0,9.2,497,15,13,409015,3389675,497,18,5,-82.17
513801,408960.0,3389910.0,29,190,9,3,2585.0,9.2,497,15,13,409045,3389705,497,0,5,-90.81
513801,408960.0,3389910.0,29,190,9,3,2585.0,9.2,497,15,13,409075,3389695,497,0,12,-110.1
513801,408960.0,3389910.0,29,190,9,3,2585.0,9.2,497,15,13,409010,3389680,497,15,5,-85.12
513801,408960.0,3389910.0,29,190,9,3,2585.0,9.2,497,15,13,409040,3389710,497,0,12,-89.25
513801,408960.0,3389910.0,29,190,9,3,2585.0,9.2,497,15,13,409020,3389650,497,0,5,-111.64
513801,408960.0,3389910.0,29,190,9,3,2585.0,9.2,497,15,13,409060,3389690,497,0,5,-103.0
513801,408960.0,3389910.0,29,190,9,3,2585.0,9.2,497,15,13,409030,3389660,497,0,5,-101.17
513801,408960.0,3389910.0,29,190,9,3,2585.0,9.2,497,15,13,409070,3389700,497,0,12,-94.86
513801,408960.0,3389910.0,29,190,9,3,2585.0,9.2,497,15,13,409005,3389665,497,18,5,-97.0
513801,408960.0,3389910.0,29,190,9,3,2585.0,9.2,497,15,13,408970,3389880,497,0,5,-77.0
513801,408960.0,3389910.0,29,190,9,3,2585.0,9.2,497,15,13,409005,3389905,496,0,6,-76.0
513801,408960.0,3389910.0,29,190,9,3,2585.0,9.2,497,15,13,409165,3390065,496,0,5,-100.0
513801,408960.0,3389910.0,29,190,9,3,2585.0,9.2,497,15,13,409160,3390070,496,0,5,-92.57
513801,408960.0,3389910.0,29,190,9,3,2585.0,9.2,497,15,13,409030,3389900,495,0,12,-74.58
513801,408960.0,3389910.0,29,190,9,3,2585.0,9.2,497,15,13,409015,3389915,496,0,6,-75.21
513801,408960.0,3389910.0,29,190,9,3,2585.0,9.2,497,15,13,409035,3389895,495,0,12,-69.36
513801,408960.0,3389910.0,29,190,9,3,2585.0,9.2,497,15,13,408980,3389850,496,0,6,-79.25
513801,408960.0,3389910.0,29,190,9,3,2585.0,9.2,497,15,13,409010,3389920,496,24,6,-78.0
513801,408960.0,3389910.0,29,190,9,3,2585.0,9.2,497,15,13,409000,3389910,496,0,6,-79.03
513801,408960.0,3389910.0,29,190,9,3,2585.0,9.2,497,15,13,408985,3389845,496,0,5,-77.66
513801,408960.0,3389910.0,29,190,9,3,2585.0,9.2,497,15,13,409025,3389885,495,0,5,-74.81
513801,408960.0,3389910.0,29,190,9,3,2585.0,9.2,497,15,13,408995,3389855,496,0,5,-77.65
513801,408960.0,3389910.0,29,190,9,3,2585.0,9.2,497,15,13,409020,3389890,495,0,5,-75.37
513801,408960.0,3389910.0,29,190,9,3,2585.0,9.2,497,15,13,408990,3389860,496,0,5,-79.54
513801,408960.0,3389910.0,29,190,9,3,2585.0,9.2,497,15,13,409125,3390025,498,12,5,-92.0
513801,408960.0,3389910.0,29,190,9,3,2585.0,9.2,497,15,13,409175,3390075,496,0,5,-96.33
513801,408960.0,3389910.0,29,190,9,3,2585.0,9.2,497,15,13,409135,3390035,498,0,5,-92.71
513801,408960.0,3389910.0,29,190,9,3,2585.0,9.2,497,15,13,409145,3390005,497,0,5,-97.63
513801,408960.0,3389910.0,29,190,9,3,2585.0,9.2,497,15,13,409170,3390080,496,0,5,-95.0
513801,408960.0,3389910.0,29,190,9,3,2585.0,9.2,497,15,13,408965,3389865,496,0,6,-84.5
513801,408960.0,3389910.0,29,190,9,3,2585.0,9.2,497,15,13,408975,3389875,496,6,6,-77.3
513801,408960.0,3389910.0,29,190,9,3,2585.0,9.2,497,15,13,409120,3390030,498,12,5,-93.0
513801,408960.0,3389910.0,29,190,9,3,2585.0,9.2,497,15,13,409155,3390015,497,0,5,-96.25
513801,408960.0,3389910.0,29,190,9,3,2585.0,9.2,497,15,13,409085,3389975,497,0,5,-85.2
513801,408960.0,3389910.0,29,190,9,3,2585.0,9.2,497,15,13,409070,3389950,496,0,5,-73.79
513801,408960.0,3389910.0,29,190,9,3,2585.0,9.2,497,15,13,409220,3389800,500,0,12,-110.2
513801,408960.0,3389910.0,29,190,9,3,2585.0,9.2,497,15,13,409065,3389955,497,0,5,-77.82
513801,408960.0,3389910.0,29,190,9,3,2585.0,9.2,497,15,13,409050,3389930,496,0,12,-75.01
513801,408960.0,3389910.0,29,190,9,3,2585.0,9.2,497,15,13,409040,3389940,496,0,12,-77.15
513801,408960.0,3389910.0,29,190,9,3,2585.0,9.2,497,15,13,409060,3389960,497,0,5,-76.34
513801,408960.0,3389910.0,29,190,9,3,2585.0,9.2,497,15,13,409055,3389925,496,0,12,-72.83
513801,408960.0,3389910.0,29,190,9,3,2585.0,9.2,497,15,13,409045,3389935,496,0,12,-75.85
513801,408960.0,3389910.0,29,190,9,3,2585.0,9.2,497,15,13,409080,3389980,497,0,13,-76.17
513801,408960.0,3389910.0,29,190,9,3,2585.0,9.2,497,15,13,409075,3389945,496,0,5,-75.18
513801,408960.0,3389910.0,29,190,9,3,2585.0,9.2,497,15,13,409100,3390000,498,0,13,-83.83
513801,408960.0,3389910.0,29,190,9,3,2585.0,9.2,497,15,13,409090,3389970,497,6,5,-85.5
513801,408960.0,3389910.0,29,190,9,3,2585.0,9.2,497,15,13,409115,3389985,497,0,5,-94.0
513801,408960.0,3389910.0,29,190,9,3,2585.0,9.2,497,15,13,409105,3389995,498,0,5,-83.0
513801,408960.0,3389910.0,29,190,9,3,2585.0,9.2,497,15,13,408615,3389160,494,0,13,-89.5
513801,408960.0,3389910.0,29,190,9,3,2585.0,9.2,497,15,13,408905,3389610,496,0,5,-88.67
513801,408960.0,3389910.0,29,190,9,3,2585.0,9.2,497,15,13,408920,3389665,497,0,5,-81.16
513801,408960.0,3389910.0,29,190,9,3,2585.0,9.2,497,15,13,408915,3389620,496,0,5,-79.5
513801,408960.0,3389910.0,29,190,9,3,2585.0,9.2,497,15,13,408885,3389630,496,0,13,-85.16
513801,408960.0,3389910.0,29,190,9,3,2585.0,9.2,497,15,13,408745,3389450,497,21,6,-96.67
513801,408960.0,3389910.0,29,190,9,3,2585.0,9.2,497,15,13,408740,3389445,497,0,6,-87.5
513801,408960.0,3389910.0,29,190,9,3,2585.0,9.2,497,15,13,408795,3389500,495,0,13,-86.95
513801,408960.0,3389910.0,29,190,9,3,2585.0,9.2,497,15,13,408755,3389460,496,0,5,-90.13
513801,408960.0,3389910.0,29,190,9,3,2585.0,9.2,497,15,13,408930,3389675,497,6,12,-84.54
513801,408960.0,3389910.0,29,190,9,3,2585.0,9.2,497,15,13,408790,3389495,495,0,5,-88.46
513801,408960.0,3389910.0,29,190,9,3,2585.0,9.2,497,15,13,408935,3389680,498,0,12,-84.83
513801,408960.0,3389910.0,29,190,9,3,2585.0,9.2,497,15,13,408890,3389635,496,0,5,-85.0
513801,408960.0,3389910.0,29,190,9,3,2585.0,9.2,497,15,13,408925,3389670,497,0,5,-82.84
513801,408960.0,3389910.0,29,190,9,3,2585.0,9.2,497,15,13,408780,3389485,495,0,13,-91.49
513801,408960.0,3389910.0,29,190,9,3,2585.0,9.2,497,15,13,408750,3389455,497,0,6,-88.75
513801,408960.0,3389910.0,29,190,9,3,2585.0,9.2,497,15,13,408785,3389490,495,0,13,-88.24
513801,408960.0,3389910.0,29,190,9,3,2585.0,9.2,497,15,13,408895,3389640,496,0,13,-85.55
513801,408960.0,3389910.0,29,190,9,3,2585.0,9.2,497,15,13,408880,3389625,496,0,13,-85.21
513801,408960.0,3389910.0,29,190,9,3,2585.0,9.2,497,15,13,408910,3389615,496,0,5,-86.33
513801,408960.0,3389910.0,29,190,9,3,2585.0,9.2,497,15,13,408770,3389515,495,18,6,-90.0
513801,408960.0,3389910.0,29,190,9,3,2585.0,9.2,497,15,13,408970,3389660,497,15,13,-93.0
513801,408960.0,3389910.0,29,190,9,3,2585.0,9.2,497,15,13,409045,3389725,496,0,5,-86.0
513801,408960.0,3389910.0,29,190,9,3,2585.0,9.2,497,15,13,408990,3389680,497,15,5,-85.0
513801,408960.0,3389910.0,29,190,9,3,2585.0,9.2,497,15,13,409095,3389695,497,18,5,-113.5
513801,408960.0,3389910.0,29,190,9,3,2585.0,9.2,497,15,13,409085,3389685,497,0,5,-104.86
513801,408960.0,3389910.0,29,190,9,3,2585.0,9.2,497,15,13,408995,3389675,497,15,5,-83.63
513801,408960.0,3389910.0,29,190,9,3,2585.0,9.2,497,15,13,408980,3389670,497,0,5,-92.1
513801,408960.0,3389910.0,29,190,9,3,2585.0,9.2,497,15,13,409080,3389690,497,0,13,-106.0
513801,408960.0,3389910.0,29,190,9,3,2585.0,9.2,497,15,13,408985,3389665,497,0,5,-96.0
513801,408960.0,3389910.0,29,190,9,3,2585.0,9.2,497,15,13,409120,3389915,497,0,5,-84.0
513801,408960.0,3389910.0,29,190,9,3,2585.0,9.2,497,15,13,409090,3389945,497,6,13,-92.0
513801,408960.0,3389910.0,29,190,9,3,2585.0,9.2,497,15,13,409230,3389805,500,0,5,-130.0
513801,408960.0,3389910.0,29,190,9,3,2585.0,9.2,497,15,13,409070,3389965,497,0,13,-76.74
513801,408960.0,3389910.0,29,190,9,3,2585.0,9.2,497,15,13,409085,3389960,497,6,5,-76.0
513801,408960.0,3389910.0,29,190,9,3,2585.0,9.2,497,15,13,409220,3389815,500,0,5,-113.57
513801,408960.0,3389910.0,29,190,9,3,2585.0,9.2,497,15,13,409080,3389955,497,0,5,-78.57
513801,408960.0,3389910.0,29,190,9,3,2585.0,9.2,497,15,13,409065,3389980,497,0,5,-80.06
513801,408960.0,3389910.0,29,190,9,3,2585.0,9.2,497,15,13,409050,3389985,497,0,6,-77.0
513801,408960.0,3389910.0,29,190,9,3,2585.0,9.2,497,15,13,409060,3389975,497,0,13,-82.59
513801,408960.0,3389910.0,29,190,9,3,2585.0,9.2,497,15,13,409075,3389970,497,0,13,-77.75
513801,408960.0,3389910.0,29,190,9,3,2585.0,9.2,497,15,13,409055,3389990,497,0,6,-80.5
513801,408960.0,3389910.0,29,190,9,3,2585.0,9.2,497,15,13,409290,3390325,495,0,5,-106.2
513801,408960.0,3389910.0,29,190,9,3,2585.0,9.2,497,15,13,408870,3389585,495,5,5,-84.33
513801,408960.0,3389910.0,29,190,9,3,2585.0,9.2,497,15,13,408825,3389560,495,0,5,-85.03
513801,408960.0,3389910.0,29,190,9,3,2585.0,9.2,497,15,13,408815,3389530,495,0,13,-87.04
513801,408960.0,3389910.0,29,190,9,3,2585.0,9.2,497,15,13,409285,3390340,495,0,5,-102.58
513801,408960.0,3389910.0,29,190,9,3,2585.0,9.2,497,15,13,408860,3389595,495,0,5,-85.88
513801,408960.0,3389910.0,29,190,9,3,2585.0,9.2,497,15,13,408835,3389550,495,0,5,-83.69
513801,408960.0,3389910.0,29,190,9,3,2585.0,9.2,497,15,13,408845,3389580,495,0,13,-84.8
513801,408960.0,3389910.0,29,190,9,3,2585.0,9.2,497,15,13,408800,3389535,495,0,5,-84.5
513801,408960.0,3389910.0,29,190,9,3,2585.0,9.2,497,15,13,408830,3389545,495,0,5,-84.14
513801,408960.0,3389910.0,29,190,9,3,2585.0,9.2,497,15,13,408875,3389590,495,5,5,-83.91
513801,408960.0,3389910.0,29,190,9,3,2585.0,9.2,497,15,13,408810,3389525,495,0,13,-86.2
513801,408960.0,3389910.0,29,190,9,3,2585.0,9.2,497,15,13,408820,3389555,495,0,5,-84.52
513801,408960.0,3389910.0,29,190,9,3,2585.0,9.2,497,15,13,408840,3389575,495,0,13,-85.47
513801,408960.0,3389910.0,29,190,9,3,2585.0,9.2,497,15,13,408855,3389570,495,0,5,-82.64
513801,408960.0,3389910.0,29,190,9,3,2585.0,9.2,497,15,13,408850,3389565,495,0,5,-82.0
513801,408960.0,3389910.0,29,190,9,3,2585.0,9.2,497,15,13,408805,3389540,495,0,5,-88.64
513801,408960.0,3389910.0,29,190,9,3,2585.0,9.2,497,15,13,408865,3389600,495,0,13,-86.44
513801,408960.0,3389910.0,29,190,9,3,2585.0,9.2,497,15,13,409280,3390335,495,0,5,-101.17
513801,408960.0,3389910.0,29,190,9,3,2585.0,9.2,497,15,13,408485,3388895,495,0,12,-97.0
513801,408960.0,3389910.0,29,190,9,3,2585.0,9.2,497,15,13,408480,3388900,495,0,5,-100.0
513801,408960.0,3389910.0,29,190,9,3,2585.0,9.2,497,15,13,408860,3389735,495,0,5,-105.0
513801,408960.0,3389910.0,29,190,9,3,2585.0,9.2,497,15,13,408775,3389510,495,0,6,-92.5
513801,408960.0,3389910.0,29,190,9,3,2585.0,9.2,497,15,13,408895,3389630,496,5,13,-86.48
513801,408960.0,3389910.0,29,190,9,3,2585.0,9.2,497,15,13,408905,3389620,496,0,5,-83.6
513801,408960.0,3389910.0,29,190,9,3,2585.0,9.2,497,15,13,408795,3389490,495,0,5,-89.69
513801,408960.0,3389910.0,29,190,9,3,2585.0,9.2,497,15,13,408885,3389640,496,0,13,-85.39
513801,408960.0,3389910.0,29,190,9,3,2585.0,9.2,497,15,13,408900,3389615,496,5,5,-90.22
513801,408960.0,3389910.0,29,190,9,3,2585.0,9.2,497,15,13,408920,3389675,497,0,5,-83.21
513801,408960.0,3389910.0,29,190,9,3,2585.0,9.2,497,15,13,408890,3389625,496,5,13,-86.28
513801,408960.0,3389910.0,29,190,9,3,2585.0,9.2,497,15,13,408925,3389680,497,6,5,-84.12
513801,408960.0,3389910.0,29,190,9,3,2585.0,9.2,497,15,13,408930,3389665,497,0,12,-87.5
513801,408960.0,3389910.0,29,190,9,3,2585.0,9.2,497,15,13,408790,3389485,495,0,5,-89.0
513801,408960.0,3389910.0,29,190,9,3,2585.0,9.2,497,15,13,408755,3389450,496,0,5,-89.0
513801,408960.0,3389910.0,29,190,9,3,2585.0,9.2,497,15,13,408880,3389635,496,0,5,-85.16
513801,408960.0,3389910.0,29,190,9,3,2585.0,9.2,497,15,13,408910,3389605,496,0,6,-94.0
513801,408960.0,3389910.0,29,190,9,3,2585.0,9.2,497,15,13,408750,3389445,497,0,5,-90.2
513801,408960.0,3389910.0,29,190,9,3,2585.0,9.2,497,15,13,408780,3389495,495,0,5,-90.86
513801,408960.0,3389910.0,29,190,9,3,2585.0,9.2,497,15,13,408785,3389500,495,0,5,-91.7
513801,408960.0,3389910.0,29,190,9,3,2585.0,9.2,497,15,13,408870,3389725,496,0,5,-95.5
513801,408960.0,3389910.0,29,190,9,3,2585.0,9.2,497,15,13,408935,3389670,497,6,12,-83.5
513801,408960.0,3389910.0,29,190,9,3,2585.0,9.2,497,15,13,408745,3389460,497,21,6,-91.5
513801,408960.0,3389910.0,29,190,9,3,2585.0,9.2,497,15,13,408940,3389655,497,0,12,-89.5
513801,408960.0,3389910.0,29,190,9,3,2585.0,9.2,497,15,13,408905,3389745,496,0,6,-88.0
513801,408960.0,3389910.0,29,190,9,3,2585.0,9.2,497,15,13,408910,3389760,496,0,6,-75.5
513801,408960.0,3389910.0,29,190,9,3,2585.0,9.2,497,15,13,408915,3389755,496,0,6,-91.67
513801,408960.0,3389910.0,29,190,9,3,2585.0,9.2,497,15,13,408945,3389705,498,0,13,-79.3
513801,408960.0,3389910.0,29,190,9,3,2585.0,9.2,497,15,13,408935,3389695,498,0,12,-84.48
513801,408960.0,3389910.0,29,190,9,3,2585.0,9.2,497,15,13,408890,3389740,496,21,5,-89.0
513801,408960.0,3389910.0,29,190,9,3,2585.0,9.2,497,15,13,408870,3389640,496,0,5,-86.04
513801,408960.0,3389910.0,29,190,9,3,2585.0,9.2,497,15,13,408925,3389685,498,0,5,-83.67
513801,408960.0,3389910.0,29,190,9,3,2585.0,9.2,497,15,13,408955,3389715,497,0,13,-75.66
513801,408960.0,3389910.0,29,190,9,3,2585.0,9.2,497,15,13,408920,3389690,497,0,13,-85.57
513801,408960.0,3389910.0,29,190,9,3,2585.0,9.2,497,15,13,408865,3389625,495,0,13,-86.79
513801,408960.0,3389910.0,29,190,9,3,2585.0,9.2,497,15,13,408950,3389720,497,0,13,-76.18
513801,408960.0,3389910.0,29,190,9,3,2585.0,9.2,497,15,13,408930,3389700,498,0,5,-87.11
513801,408960.0,3389910.0,29,190,9,3,2585.0,9.2,497,15,13,408940,3389710,498,0,5,-83.18
513801,408960.0,3389910.0,29,190,9,3,2585.0,9.2,497,15,13,408875,3389635,496,0,5,-85.67
513801,408960.0,3389910.0,29,190,9,3,2585.0,9.2,497,15,13,408895,3389735,496,0,6,-88.27
513801,408960.0,3389910.0,29,190,9,3,2585.0,9.2,497,15,13,408850,3389620,495,0,5,-84.94
513801,408960.0,3389910.0,29,190,9,3,2585.0,9.2,497,15,13,408845,3389605,495,0,5,-85.48
513801,408960.0,3389910.0,29,190,9,3,2585.0,9.2,497,15,13,408855,3389615,495,0,13,-85.41
513801,408960.0,3389910.0,29,190,9,3,2585.0,9.2,497,15,13,408860,3389630,495,0,13,-85.88
513801,408960.0,3389910.0,29,190,9,3,2585.0,9.2,497,15,13,408880,3389730,496,0,5,-94.0
513801,408960.0,3389910.0,29,190,9,3,2585.0,9.2,497,15,13,408885,3389725,496,21,6,-90.42
513801,408960.0,3389910.0,29,190,9,3,2585.0,9.2,497,15,13,408840,3389610,495,0,6,-85.0
513801,408960.0,3389910.0,29,190,9,3,2585.0,9.2,497,15,13,409095,3390090,497,0,6,-99.0
513801,408960.0,3389910.0,29,190,9,3,2585.0,9.2,497,15,13,409115,3390110,496,0,6,-100.75
513801,408960.0,3389910.0,29,190,9,3,2585.0,9.2,497,15,13,409110,3390105,497,12,6,-96.86
513801,408960.0,3389910.0,29,190,9,3,2585.0,9.2,497,15,13,409085,3390100,497,0,5,-96.17
513801,408960.0,3389910.0,29,190,9,3,2585.0,9.2,497,15,13,409190,3390345,495,0,5,-105.5
513801,408960.0,3389910.0,29,190,9,3,2585.0,9.2,497,15,13,409090,3390085,498,0,6,-96.89
513801,408960.0,3389910.0,29,190,9,3,2585.0,9.2,497,15,13,408825,3389505,494,0,5,-85.63
513801,408960.0,3389910.0,29,190,9,3,2585.0,9.2,497,15,13,408830,3389520,494,0,13,-83.71
513801,408960.0,3389910.0,29,190,9,3,2585.0,9.2,497,15,13,408810,3389500,495,0,5,-86.88
513801,408960.0,3389910.0,29,190,9,3,2585.0,9.2,497,15,13,408835,3389515,494,12,13,-84.17
513801,408960.0,3389910.0,29,190,9,3,2585.0,9.2,497,15,13,408815,3389495,495,0,5,-84.88
513801,408960.0,3389910.0,29,190,9,3,2585.0,9.2,497,15,13,408805,3389485,495,0,5,-87.66
513801,408960.0,3389910.0,29,190,9,3,2585.0,9.2,497,15,13,408820,3389510,494,0,5,-84.24
513801,408960.0,3389910.0,29,190,9,3,2585.0,9.2,497,15,13,408800,3389490,495,0,5,-88.93
513801,408960.0,3389910.0,29,190,9,3,2585.0,9.2,497,15,13,408815,3389470,495,9,13,-93.67
513801,408960.0,3389910.0,29,190,9,3,2585.0,9.2,497,15,13,408840,3389515,494,12,13,-86.5
513801,408960.0,3389910.0,29,190,9,3,2585.0,9.2,497,15,13,408800,3389475,495,0,13,-89.42
513801,408960.0,3389910.0,29,190,9,3,2585.0,9.2,497,15,13,408805,3389480,495,0,13,-87.39
513801,408960.0,3389910.0,29,190,9,3,2585.0,9.2,497,15,13,408935,3389590,496,21,13,-96.67
513801,408960.0,3389910.0,29,190,9,3,2585.0,9.2,497,15,13,408920,3389595,496,0,13,-102.0
513801,408960.0,3389910.0,29,190,9,3,2585.0,9.2,497,15,13,409265,3390330,495,0,6,-92.6
513801,408960.0,3389910.0,29,190,9,3,2585.0,9.2,497,15,13,409270,3390335,495,0,6,-96.33
513801,408960.0,3389910.0,29,190,9,3,2585.0,9.2,497,15,13,409075,3389840,496,0,5,-95.5
513801,408960.0,3389910.0,29,190,9,3,2585.0,9.2,497,15,13,408990,3389915,496,0,5,-86.43
513801,408960.0,3389910.0,29,190,9,3,2585.0,9.2,497,15,13,409070,3389835,495,0,5,-93.33
513801,408960.0,3389910.0,29,190,9,3,2585.0,9.2,497,15,13,409020,3389865,495,0,5,-69.64
513801,408960.0,3389910.0,29,190,9,3,2585.0,9.2,497,15,13,409155,3390080,496,0,5,-92.46
513801,408960.0,3389910.0,29,190,9,3,2585.0,9.2,497,15,13,409035,3389880,495,0,5,-70.76
513801,408960.0,3389910.0,29,190,9,3,2585.0,9.2,497,15,13,409005,3389850,495,0,5,-74.36
513801,408960.0,3389910.0,29,190,9,3,2585.0,9.2,497,15,13,409130,3390055,497,0,5,-93.48
513801,408960.0,3389910.0,29,190,9,3,2585.0,9.2,497,15,13,409015,3389860,495,0,13,-73.73
513801,408960.0,3389910.0,29,190,9,3,2585.0,9.2,497,15,13,409000,3389845,496,0,5,-76.76
513801,408960.0,3389910.0,29,190,9,3,2585.0,9.2,497,15,13,409125,3390050,497,0,5,-94.42
513801,408960.0,3389910.0,29,190,9,3,2585.0,9.2,497,15,13,409150,3390075,497,0,5,-92.64
513801,408960.0,3389910.0,29,190,9,3,2585.0,9.2,497,15,13,409135,3390060,497,0,5,-94.13
513801,408960.0,3389910.0,29,190,9,3,2585.0,9.2,497,15,13,409030,3389875,495,0,13,-70.04
513801,408960.0,3389910.0,29,190,9,3,2585.0,9.2,497,15,13,409025,3389870,495,0,13,-69.88
513801,408960.0,3389910.0,29,190,9,3,2585.0,9.2,497,15,13,409140,3390065,497,0,5,-93.77
513801,408960.0,3389910.0,29,190,9,3,2585.0,9.2,497,15,13,409145,3390070,497,0,5,-93.16
513801,408960.0,3389910.0,29,190,9,3,2585.0,9.2,497,15,13,409010,3389855,495,0,13,-74.13
513801,408960.0,3389910.0,29,190,9,3,2585.0,9.2,497,15,13,409120,3390045,498,0,5,-93.55
513801,408960.0,3389910.0,29,190,9,3,2585.0,9.2,497,15,13,408995,3389920,496,24,6,-85.29
513801,408960.0,3389910.0,29,190,9,3,2585.0,9.2,497,15,13,408980,3389905,497,0,5,-99.0
513801,408960.0,3389910.0,29,190,9,3,2585.0,9.2,497,15,13,409055,3389820,495,0,5,-91.18
513801,408960.0,3389910.0,29,190,9,3,2585.0,9.2,497,15,13,408975,3389900,497,6,5,-100.43
513801,408960.0,3389910.0,29,190,9,3,2585.0,9.2,497,15,13,408970,3389895,497,6,5,-96.5
513801,408960.0,3389910.0,29,190,9,3,2585.0,9.2,497,15,13,408985,3389910,497,0,5,-87.05
513801,408960.0,3389910.0,29,190,9,3,2585.0,9.2,497,15,13,408960,3389885,497,0,13,-84.5
513801,408960.0,3389910.0,29,190,9,3,2585.0,9.2,497,15,13,409060,3389825,495,18,5,-90.33
513801,408960.0,3389910.0,29,190,9,3,2585.0,9.2,497,15,13,408485,3388905,495,0,12,-99.5
513801,408960.0,3389910.0,29,190,9,3,2585.0,9.2,497,15,13,408490,3388920,495,0,5,-92.33
513801,408960.0,3389910.0,29,190,9,3,2585.0,9.2,497,15,13,408650,3389215,496,0,13,-88.5
513801,408960.0,3389910.0,29,190,9,3,2585.0,9.2,497,15,13,409020,3389945,496,24,6,-76.88
513801,408960.0,3389910.0,29,190,9,3,2585.0,9.2,497,15,13,409090,3390015,498,0,13,-85.1
513801,408960.0,3389910.0,29,190,9,3,2585.0,9.2,497,15,13,409025,3389950,496,24,6,-77.59
513801,408960.0,3389910.0,29,190,9,3,2585.0,9.2,497,15,13,409010,3389935,496,24,6,-75.9
513801,408960.0,3389910.0,29,190,9,3,2585.0,9.2,497,15,13,409115,3390040,498,0,5,-93.02
513801,408960.0,3389910.0,29,190,9,3,2585.0,9.2,497,15,13,409005,3389930,496,24,6,-76.33
513801,408960.0,3389910.0,29,190,9,3,2585.0,9.2,497,15,13,409085,3390010,498,0,13,-84.05
513801,408960.0,3389910.0,29,190,9,3,2585.0,9.2,497,15,13,409035,3389960,496,24,6,-76.41
513801,408960.0,3389910.0,29,190,9,3,2585.0,9.2,497,15,13,409100,3390025,498,0,13,-90.15
513801,408960.0,3389910.0,29,190,9,3,2585.0,9.2,497,15,13,409095,3390020,498,0,13,-88.27
513801,408960.0,3389910.0,29,190,9,3,2585.0,9.2,497,15,13,409105,3390030,498,0,13,-91.53
513801,408960.0,3389910.0,29,190,9,3,2585.0,9.2,497,15,13,409080,3390005,498,0,13,-86.37
513801,408960.0,3389910.0,29,190,9,3,2585.0,9.2,497,15,13,409110,3390035,498,0,13,-92.25
513801,408960.0,3389910.0,29,190,9,3,2585.0,9.2,497,15,13,409030,3389955,496,24,6,-78.64
513801,408960.0,3389910.0,29,190,9,3,2585.0,9.2,497,15,13,409015,3389940,496,24,6,-80.75
513801,408960.0,3389910.0,29,190,9,3,2585.0,9.2,497,15,13,409000,3389925,496,24,6,-82.67
513801,408960.0,3389910.0,29,190,9,3,2585.0,9.2,497,15,13,409010,3389650,497,0,5,-117.22
513801,408960.0,3389910.0,29,190,9,3,2585.0,9.2,497,15,13,409015,3389645,497,0,5,-109.0
513801,408960.0,3389910.0,29,190,9,3,2585.0,9.2,497,15,13,409045,3389695,497,0,5,-96.21
513801,408960.0,3389910.0,29,190,9,3,2585.0,9.2,497,15,13,409050,3389690,497,0,5,-90.63
513801,408960.0,3389910.0,29,190,9,3,2585.0,9.2,497,15,13,409105,3389755,496,0,13,-113.0
513801,408960.0,3389910.0,29,190,9,3,2585.0,9.2,497,15,13,409040,3389700,497,0,5,-88.87
513801,408960.0,3389910.0,29,190,9,3,2585.0,9.2,497,15,13,409035,3389665,497,0,5,-92.64
513801,408960.0,3389910.0,29,190,9,3,2585.0,9.2,497,15,13,409020,3389680,497,15,13,-88.34
513801,408960.0,3389910.0,29,190,9,3,2585.0,9.2,497,15,13,409030,3389670,497,0,5,-98.74
513801,408960.0,3389910.0,29,190,9,3,2585.0,9.2,497,15,13,409025,3389675,497,15,13,-96.37
513801,408960.0,3389910.0,29,190,9,3,2585.0,9.2,497,15,13,409055,3389685,497,0,13,-100.2
513801,408960.0,3389910.0,29,190,9,3,2585.0,9.2,497,15,13,409070,3389710,497,0,5,-98.5
513801,408960.0,3389910.0,29,190,9,3,2585.0,9.2,497,15,13,409075,3389705,497,0,5,-100.75
513801,408960.0,3389910.0,29,190,9,3,2585.0,9.2,497,15,13,409255,3389820,500,0,12,-126.67
513801,408960.0,3389910.0,29,190,9,3,2585.0,9.2,497,15,13,409260,3389825,500,0,12,-112.0
513801,408960.0,3389910.0,29,190,9,3,2585.0,9.2,497,15,13,409080,3389965,497,0,13,-73.83
513801,408960.0,3389910.0,29,190,9,3,2585.0,9.2,497,15,13,409060,3389945,496,0,12,-75.65
513801,408960.0,3389910.0,29,190,9,3,2585.0,9.2,497,15,13,409040,3389925,496,0,12,-74.86
513801,408960.0,3389910.0,29,190,9,3,2585.0,9.2,497,15,13,409070,3389955,497,0,5,-74.77
513801,408960.0,3389910.0,29,190,9,3,2585.0,9.2,497,15,13,409065,3389950,496,0,5,-76.45
513801,408960.0,3389910.0,29,190,9,3,2585.0,9.2,497,15,13,409045,3389930,496,0,12,-75.07
513801,408960.0,3389910.0,29,190,9,3,2585.0,9.2,497,15,13,409050,3389935,496,0,12,-75.41
513801,408960.0,3389910.0,29,190,9,3,2585.0,9.2,497,15,13,409055,3389940,496,0,12,-76.3
513801,408960.0,3389910.0,29,190,9,3,2585.0,9.2,497,15,13,409075,3389960,497,0,13,-74.06
513801,408960.0,3389910.0,29,190,9,3,2585.0,9.2,497,15,13,409110,3389995,498,0,5,-91.0
513801,408960.0,3389910.0,29,190,9,3,2585.0,9.2,497,15,13,409105,3389990,497,0,13,-87.0
513801,408960.0,3389910.0,29,190,9,3,2585.0,9.2,497,15,13,409085,3389970,497,0,5,-77.57
513801,408960.0,3389910.0,29,190,9,3,2585.0,9.2,497,15,13,409005,3389660,497,0,5,-108.5
513801,408960.0,3389910.0,29,190,9,3,2585.0,9.2,497,15,13,409070,3389705,497,0,12,-94.5
513801,408960.0,3389910.0,29,190,9,3,2585.0,9.2,497,15,13,409010,3389645,497,0,5,-115.3
513801,408960.0,3389910.0,29,190,9,3,2585.0,9.2,497,15,13,409040,3389695,497,0,5,-92.78
513801,408960.0,3389910.0,29,190,9,3,2585.0,9.2,497,15,13,409025,3389680,497,15,13,-89.73
513801,408960.0,3389910.0,29,190,9,3,2585.0,9.2,497,15,13,409015,3389650,497,0,5,-109.0
513801,408960.0,3389910.0,29,190,9,3,2585.0,9.2,497,15,13,409035,3389670,497,0,5,-96.14
513801,408960.0,3389910.0,29,190,9,3,2585.0,9.2,497,15,13,409020,3389675,497,15,5,-93.08
513801,408960.0,3389910.0,29,190,9,3,2585.0,9.2,497,15,13,409050,3389685,497,0,13,-98.91
513801,408960.0,3389910.0,29,190,9,3,2585.0,9.2,497,15,13,409030,3389665,497,0,5,-100.57
513801,408960.0,3389910.0,29,190,9,3,2585.0,9.2,497,15,13,409055,3389690,497,0,5,-95.38
513801,408960.0,3389910.0,29,190,9,3,2585.0,9.2,497,15,13,409045,3389700,497,0,5,-96.4
513801,408960.0,3389910.0,29,190,9,3,2585.0,9.2,497,15,13,408870,3389570,495,5,5,-81.33
513801,408960.0,3389910.0,29,190,9,3,2585.0,9.2,497,15,13,408865,3389575,495,5,5,-80.59
513801,408960.0,3389910.0,29,190,9,3,2585.0,9.2,497,15,13,408835,3389525,494,0,5,-84.93
513801,408960.0,3389910.0,29,190,9,3,2585.0,9.2,497,15,13,408805,3389555,495,0,6,-88.67
513801,408960.0,3389910.0,29,190,9,3,2585.0,9.2,497,15,13,408800,3389560,495,0,6,-83.5
513801,408960.0,3389910.0,29,190,9,3,2585.0,9.2,497,15,13,408815,3389545,495,0,5,-83.65
513801,408960.0,3389910.0,29,190,9,3,2585.0,9.2,497,15,13,408825,3389535,495,0,5,-86.98
513801,408960.0,3389910.0,29,190,9,3,2585.0,9.2,497,15,13,409285,3390355,495,0,5,-94.5
513801,408960.0,3389910.0,29,190,9,3,2585.0,9.2,497,15,13,408850,3389590,495,0,5,-84.75
513801,408960.0,3389910.0,29,190,9,3,2585.0,9.2,497,15,13,408855,3389585,495,0,5,-84.97
513801,408960.0,3389910.0,29,190,9,3,2585.0,9.2,497,15,13,408860,3389580,495,5,13,-84.25
513801,408960.0,3389910.0,29,190,9,3,2585.0,9.2,497,15,13,408840,3389600,495,0,5,-88.3
513801,408960.0,3389910.0,29,190,9,3,2585.0,9.2,497,15,13,409295,3390345,496,0,5,-106.25
513801,408960.0,3389910.0,29,190,9,3,2585.0,9.2,497,15,13,408845,3389595,495,0,13,-85.95
513801,408960.0,3389910.0,29,190,9,3,2585.0,9.2,497,15,13,409290,3390350,495,0,5,-100.33
513801,408960.0,3389910.0,29,190,9,3,2585.0,9.2,497,15,13,408810,3389550,495,0,5,-85.56
513801,408960.0,3389910.0,29,190,9,3,2585.0,9.2,497,15,13,408820,3389540,495,0,5,-85.59
513801,408960.0,3389910.0,29,190,9,3,2585.0,9.2,497,15,13,408830,3389530,494,0,5,-84.56
513801,408960.0,3389910.0,29,190,9,3,2585.0,9.2,497,15,13,408875,3389565,495,0,5,-97.5
513801,408960.0,3389910.0,29,190,9,3,2585.0,9.2,497,15,13,410720,3386295,490,0,6,-103.0
513801,408960.0,3389910.0,29,190,9,3,2585.0,9.2,497,15,13,408960,3389925,497,0,13,-89.5
513801,408960.0,3389910.0,29,190,9,3,2585.0,9.2,497,15,13,409050,3390015,498,12,6,-76.0
513801,408960.0,3389910.0,29,190,9,3,2585.0,9.2,497,15,13,409235,3389880,501,0,12,-114.25
513801,408960.0,3389910.0,29,190,9,3,2585.0,9.2,497,15,13,409005,3389970,497,0,12,-88.5
513801,408960.0,3389910.0,29,190,9,3,2585.0,9.2,497,15,13,409075,3390040,498,18,6,-85.67
513801,408960.0,3389910.0,29,190,9,3,2585.0,9.2,497,15,13,409070,3390035,498,18,6,-88.6
513801,408960.0,3389910.0,29,190,9,3,2585.0,9.2,497,15,13,409250,3389895,501,21,5,-118.0
513801,408960.0,3389910.0,29,190,9,3,2585.0,9.2,497,15,13,409060,3390025,498,0,6,-87.5
513801,408960.0,3389910.0,29,190,9,3,2585.0,9.2,497,15,13,409115,3390080,497,0,13,-96.0
513801,408960.0,3389910.0,29,190,9,3,2585.0,9.2,497,15,13,409110,3390075,497,0,13,-93.92
513801,408960.0,3389910.0,29,190,9,3,2585.0,9.2,497,15,13,409095,3390060,498,0,6,-89.19
513801,408960.0,3389910.0,29,190,9,3,2585.0,9.2,497,15,13,409080,3390045,498,18,6,-85.31
513801,408960.0,3389910.0,29,190,9,3,2585.0,9.2,497,15,13,409100,3390065,498,0,6,-92.33
513801,408960.0,3389910.0,29,190,9,3,2585.0,9.2,497,15,13,409105,3390070,497,0,5,-93.26
513801,408960.0,3389910.0,29,190,9,3,2585.0,9.2,497,15,13,409090,3390055,498,0,6,-88.5
513801,408960.0,3389910.0,29,190,9,3,2585.0,9.2,497,15,13,409085,3390050,498,0,6,-88.88
513801,408960.0,3389910.0,29,190,9,3,2585.0,9.2,497,15,13,408935,3389870,497,0,5,-80.5
513801,408960.0,3389910.0,29,190,9,3,2585.0,9.2,497,15,13,409170,3390105,496,0,5,-89.23
513801,408960.0,3389910.0,29,190,9,3,2585.0,9.2,497,15,13,409135,3390150,496,18,6,-101.75
513801,408960.0,3389910.0,29,190,9,3,2585.0,9.2,497,15,13,409140,3390135,496,0,5,-100.61
513801,408960.0,3389910.0,29,190,9,3,2585.0,9.2,497,15,13,409160,3390115,496,0,6,-95.37
513801,408960.0,3389910.0,29,190,9,3,2585.0,9.2,497,15,13,409215,3390230,499,0,6,-100.0
513801,408960.0,3389910.0,29,190,9,3,2585.0,9.2,497,15,13,409185,3390100,496,60,6,-94.0
513801,408960.0,3389910.0,29,190,9,3,2585.0,9.2,497,15,13,409155,3390130,496,0,5,-101.59
513801,408960.0,3389910.0,29,190,9,3,2585.0,9.2,497,15,13,408950,3389845,497,0,6,-85.25
513801,408960.0,3389910.0,29,190,9,3,2585.0,9.2,497,15,13,409150,3390125,496,0,6,-101.19
513801,408960.0,3389910.0,29,190,9,3,2585.0,9.2,497,15,13,409165,3390120,495,0,5,-97.48
513801,408960.0,3389910.0,29,190,9,3,2585.0,9.2,497,15,13,409145,3390140,496,0,5,-103.25
513801,408960.0,3389910.0,29,190,9,3,2585.0,9.2,497,15,13,408955,3389850,497,0,6,-87.14
513801,408960.0,3389910.0,29,190,9,3,2585.0,9.2,497,15,13,409130,3390145,496,18,6,-97.33
513801,408960.0,3389910.0,29,190,9,3,2585.0,9.2,497,15,13,409190,3390085,496,60,12,-94.25
513801,408960.0,3389910.0,29,190,9,3,2585.0,9.2,497,15,13,409175,3390110,496,0,6,-90.62
513801,408960.0,3389910.0,29,190,9,3,2585.0,9.2,497,15,13,408300,3390135,502,0,13,-124.0
513801,408960.0,3389910.0,29,190,9,3,2585.0,9.2,497,15,13,408305,3390140,502,0,13,-107.5
513801,408960.0,3389910.0,29,190,9,3,2585.0,9.2,497,15,13,409055,3389750,496,0,6,-91.5
513801,408960.0,3389910.0,29,190,9,3,2585.0,9.2,497,15,13,408960,3389675,498,0,5,-94.5
513801,408960.0,3389910.0,29,190,9,3,2585.0,9.2,497,15,13,408995,3389650,497,0,5,-104.6
513801,408960.0,3389910.0,29,190,9,3,2585.0,9.2,497,15,13,408975,3389670,497,0,5,-97.33
513801,408960.0,3389910.0,29,190,9,3,2585.0,9.2,497,15,13,408970,3389665,497,15,5,-98.5
513801,408960.0,3389910.0,29,190,9,3,2585.0,9.2,497,15,13,409110,3389685,497,0,5,-124.0
513801,408960.0,3389910.0,29,190,9,3,2585.0,9.2,497,15,13,408985,3389660,497,0,5,-100.8
513801,408960.0,3389910.0,29,190,9,3,2585.0,9.2,497,15,13,408980,3389655,497,15,13,-102.71
513801,408960.0,3389910.0,29,190,9,3,2585.0,9.2,497,15,13,408965,3389680,498,0,12,-77.5
513801,408960.0,3389910.0,29,190,9,3,2585.0,9.2,497,15,13,408855,3389560,494,12,5,-83.58
513801,408960.0,3389910.0,29,190,9,3,2585.0,9.2,497,15,13,408835,3389580,495,0,13,-86.39
513801,408960.0,3389910.0,29,190,9,3,2585.0,9.2,497,15,13,408820,3389565,495,0,5,-83.5
513801,408960.0,3389910.0,29,190,9,3,2585.0,9.2,497,15,13,408830,3389575,495,0,5,-85.93
513801,408960.0,3389910.0,29,190,9,3,2585.0,9.2,497,15,13,408850,3389555,495,0,5,-83.0
513801,408960.0,3389910.0,29,190,9,3,2585.0,9.2,497,15,13,408825,3389570,495,0,5,-84.96
513801,408960.0,3389910.0,29,190,9,3,2585.0,9.2,497,15,13,408840,3389545,495,0,12,-81.82
513801,408960.0,3389910.0,29,190,9,3,2585.0,9.2,497,15,13,408845,3389550,495,0,12,-84.18
513801,408960.0,3389910.0,29,190,9,3,2585.0,9.2,497,15,13,409315,3390380,498,0,10,-99.5
513801,408960.0,3389910.0,29,190,9,3,2585.0,9.2,497,15,13,408990,3389945,497,0,13,-79.5
513801,408960.0,3389910.0,29,190,9,3,2585.0,9.2,497,15,13,409230,3389865,502,0,12,-114.0
513801,408960.0,3389910.0,29,190,9,3,2585.0,9.2,497,15,13,409060,3390035,499,0,6,-94.5
513801,408960.0,3389910.0,29,190,9,3,2585.0,9.2,497,15,13,409055,3390010,498,12,6,-74.0
513801,408960.0,3389910.0,29,190,9,3,2585.0,9.2,497,15,13,409070,3390025,498,0,6,-84.67
513801,408960.0,3389910.0,29,190,9,3,2585.0,9.2,497,15,13,409090,3390045,498,0,5,-86.34
513801,408960.0,3389910.0,29,190,9,3,2585.0,9.2,497,15,13,409085,3390060,498,18,6,-88.17
513801,408960.0,3389910.0,29,190,9,3,2585.0,9.2,497,15,13,409105,3390080,497,0,6,-95.21
513801,408960.0,3389910.0,29,190,9,3,2585.0,9.2,497,15,13,409095,3390050,498,0,5,-87.33
513801,408960.0,3389910.0,29,190,9,3,2585.0,9.2,497,15,13,409115,3390070,497,0,13,-95.0
513801,408960.0,3389910.0,29,190,9,3,2585.0,9.2,497,15,13,409110,3390065,497,0,13,-94.79
513801,408960.0,3389910.0,29,190,9,3,2585.0,9.2,497,15,13,409075,3390030,498,0,6,-85.79
513801,408960.0,3389910.0,29,190,9,3,2585.0,9.2,497,15,13,408970,3389925,497,0,13,-89.86
513801,408960.0,3389910.0,29,190,9,3,2585.0,9.2,497,15,13,409080,3390055,498,18,6,-87.17
513801,408960.0,3389910.0,29,190,9,3,2585.0,9.2,497,15,13,409235,3389870,501,21,12,-112.5
513801,408960.0,3389910.0,29,190,9,3,2585.0,9.2,497,15,13,409100,3390075,497,0,6,-92.38
513801,408960.0,3389910.0,29,190,9,3,2585.0,9.2,497,15,13,409255,3389890,501,0,5,-115.0
513801,408960.0,3389910.0,29,190,9,3,2585.0,9.2,497,15,13,409250,3389885,501,0,5,-119.0
513801,408960.0,3389910.0,29,190,9,3,2585.0,9.2,497,15,13,408505,3388955,494,0,5,-96.33
513801,408960.0,3389910.0,29,190,9,3,2585.0,9.2,497,15,13,408740,3389360,495,0,13,-94.17
513801,408960.0,3389910.0,29,190,9,3,2585.0,9.2,497,15,13,408500,3388960,494,0,5,-99.5
513801,408960.0,3389910.0,29,190,9,3,2585.0,9.2,497,15,13,408615,3389155,494,0,13,-92.0
513801,408960.0,3389910.0,29,190,9,3,2585.0,9.2,497,15,13,409085,3390145,497,0,6,-121.5
513801,408960.0,3389910.0,29,190,9,3,2585.0,9.2,497,15,13,409105,3390125,496,51,5,-109.5
513801,408960.0,3389910.0,29,190,9,3,2585.0,9.2,497,15,13,409275,3390295,495,0,5,-93.5
513801,408960.0,3389910.0,29,190,9,3,2585.0,9.2,497,15,13,409260,3390290,496,0,13,-100.0
513801,408960.0,3389910.0,29,190,9,3,2585.0,9.2,497,15,13,409270,3390300,495,0,5,-98.33
513801,408960.0,3389910.0,29,190,9,3,2585.0,9.2,497,15,13,409255,3390315,495,0,6,-73.5
513801,408960.0,3389910.0,29,190,9,3,2585.0,9.2,497,15,13,409225,3390245,498,0,13,-104.5
513801,408960.0,3389910.0,29,190,9,3,2585.0,9.2,497,15,13,409220,3390250,498,0,13,-93.5
513801,408960.0,3389910.0,29,190,9,3,2585.0,9.2,497,15,13,409235,3389755,499,0,13,-115.0
513801,408960.0,3389910.0,29,190,9,3,2585.0,9.2,497,15,13,409120,3389650,498,0,5,-95.0
513801,408960.0,3389910.0,29,190,9,3,2585.0,9.2,497,15,13,409135,3389655,498,0,5,-93.0
513801,408960.0,3389910.0,29,190,9,3,2585.0,9.2,497,15,13,409125,3389645,498,0,5,-123.67
513801,408960.0,3389910.0,29,190,9,3,2585.0,9.2,497,15,13,409160,3389610,499,0,13,-108.0
513801,408960.0,3389910.0,29,190,9,3,2585.0,9.2,497,15,13,408585,3389105,494,0,5,-85.5
513801,408960.0,3389910.0,29,190,9,3,2585.0,9.2,497,15,13,408520,3388970,493,0,5,-104.5
513801,408960.0,3389910.0,29,190,9,3,2585.0,9.2,497,15,13,408595,3389115,494,0,6,-90.33
513801,408960.0,3389910.0,29,190,9,3,2585.0,9.2,497,15,13,408805,3389615,496,0,5,-88.5
513801,408960.0,3389910.0,29,190,9,3,2585.0,9.2,497,15,13,408870,3389670,496,0,6,-90.43
513801,408960.0,3389910.0,29,190,9,3,2585.0,9.2,497,15,13,408855,3389645,495,0,6,-83.75
513801,408960.0,3389910.0,29,190,9,3,2585.0,9.2,497,15,13,408880,3389700,496,21,6,-93.5
513801,408960.0,3389910.0,29,190,9,3,2585.0,9.2,497,15,13,408955,3389745,497,0,5,-85.69
513801,408960.0,3389910.0,29,190,9,3,2585.0,9.2,497,15,13,408885,3389695,497,0,6,-88.9
513801,408960.0,3389910.0,29,190,9,3,2585.0,9.2,497,15,13,408905,3389715,497,0,5,-88.04
513801,408960.0,3389910.0,29,190,9,3,2585.0,9.2,497,15,13,408875,3389665,496,0,5,-88.82
513801,408960.0,3389910.0,29,190,9,3,2585.0,9.2,497,15,13,408945,3389755,496,0,5,-80.0
513801,408960.0,3389910.0,29,190,9,3,2585.0,9.2,497,15,13,408925,3389735,497,0,13,-83.91
513801,408960.0,3389910.0,29,190,9,3,2585.0,9.2,497,15,13,408940,3389760,496,0,5,-84.5
513801,408960.0,3389910.0,29,190,9,3,2585.0,9.2,497,15,13,408950,3389750,497,0,5,-83.4
513801,408960.0,3389910.0,29,190,9,3,2585.0,9.2,497,15,13,408935,3389725,497,0,13,-81.7
513801,408960.0,3389910.0,29,190,9,3,2585.0,9.2,497,15,13,408915,3389705,497,0,5,-82.42
513801,408960.0,3389910.0,29,190,9,3,2585.0,9.2,497,15,13,408890,3389690,497,0,5,-87.25
513801,408960.0,3389910.0,29,190,9,3,2585.0,9.2,497,15,13,408930,3389730,497,0,13,-82.56
513801,408960.0,3389910.0,29,190,9,3,2585.0,9.2,497,15,13,408895,3389685,497,0,13,-87.5
513801,408960.0,3389910.0,29,190,9,3,2585.0,9.2,497,15,13,408910,3389710,497,0,13,-84.99
513801,408960.0,3389910.0,29,190,9,3,2585.0,9.2,497,15,13,408900,3389720,496,0,6,-90.96
513801,408960.0,3389910.0,29,190,9,3,2585.0,9.2,497,15,13,408865,3389675,496,0,6,-83.5
513801,408960.0,3389910.0,29,190,9,3,2585.0,9.2,497,15,13,408835,3389625,495,24,6,-85.33
513801,408960.0,3389910.0,29,190,9,3,2585.0,9.2,497,15,13,408920,3389740,496,0,5,-90.45
513801,408960.0,3389910.0,29,190,9,3,2585.0,9.2,497,15,13,408860,3389680,496,0,6,-90.5
513801,408960.0,3389910.0,29,190,9,3,2585.0,9.2,497,15,13,408850,3389650,495,24,6,-85.67
513801,408960.0,3389910.0,29,190,9,3,2585.0,9.2,497,15,13,408900,3389575,495,0,5,-85.5
513801,408960.0,3389910.0,29,190,9,3,2585.0,9.2,497,15,13,408885,3389600,495,5,5,-87.0
513801,408960.0,3389910.0,29,190,9,3,2585.0,9.2,497,15,13,408805,3389520,495,0,5,-86.67
513801,408960.0,3389910.0,29,190,9,3,2585.0,9.2,497,15,13,408800,3389515,495,0,5,-86.07
513801,408960.0,3389910.0,29,190,9,3,2585.0,9.2,497,15,13,408810,3389505,495,0,5,-86.27
513801,408960.0,3389910.0,29,190,9,3,2585.0,9.2,497,15,13,408820,3389495,495,0,5,-87.2
513801,408960.0,3389910.0,29,190,9,3,2585.0,9.2,497,15,13,408815,3389510,495,0,5,-85.83
513801,408960.0,3389910.0,29,190,9,3,2585.0,9.2,497,15,13,409280,3390315,495,0,6,-100.67
513801,408960.0,3389910.0,29,190,9,3,2585.0,9.2,497,15,13,409285,3390320,495,0,6,-97.67
513801,408960.0,3389910.0,29,190,9,3,2585.0,9.2,497,15,13,408880,3389595,495,5,13,-81.29
513801,408960.0,3389910.0,29,190,9,3,2585.0,9.2,497,15,13,408830,3389485,495,0,5,-81.0
513801,408960.0,3389910.0,29,190,9,3,2585.0,9.2,497,15,13,408825,3389500,495,0,5,-85.67
513801,408960.0,3389910.0,29,190,9,3,2585.0,9.2,497,15,13,408785,3389535,495,18,6,-78.0
513801,408960.0,3389910.0,29,190,9,3,2585.0,9.2,497,15,13,408955,3389685,498,0,5,-78.17
513801,408960.0,3389910.0,29,190,9,3,2585.0,9.2,497,15,13,408865,3389615,495,0,5,-84.5
513801,408960.0,3389910.0,29,190,9,3,2585.0,9.2,497,15,13,408845,3389635,495,0,6,-89.5
513801,408960.0,3389910.0,29,190,9,3,2585.0,9.2,497,15,13,408790,3389530,495,0,6,-92.0
513801,408960.0,3389910.0,29,190,9,3,2585.0,9.2,497,15,13,408875,3389605,495,5,5,-86.16
513801,408960.0,3389910.0,29,190,9,3,2585.0,9.2,497,15,13,408940,3389700,498,0,5,-79.43
513801,408960.0,3389910.0,29,190,9,3,2585.0,9.2,497,15,13,408920,3389720,497,0,5,-83.46
513801,408960.0,3389910.0,29,190,9,3,2585.0,9.2,497,15,13,408905,3389735,496,0,6,-90.64
513801,408960.0,3389910.0,29,190,9,3,2585.0,9.2,497,15,13,408855,3389625,495,0,5,-82.81
513801,408960.0,3389910.0,29,190,9,3,2585.0,9.2,497,15,13,408925,3389715,497,0,5,-83.84
513801,408960.0,3389910.0,29,190,9,3,2585.0,9.2,497,15,13,408950,3389690,498,0,5,-79.98
513801,408960.0,3389910.0,29,190,9,3,2585.0,9.2,497,15,13,408935,3389705,498,0,5,-83.23
513801,408960.0,3389910.0,29,190,9,3,2585.0,9.2,497,15,13,408860,3389620,495,0,5,-85.53
513801,408960.0,3389910.0,29,190,9,3,2585.0,9.2,497,15,13,408900,3389740,496,0,6,-87.0
513801,408960.0,3389910.0,29,190,9,3,2585.0,9.2,497,15,13,408870,3389610,495,0,5,-85.92
513801,408960.0,3389910.0,29,190,9,3,2585.0,9.2,497,15,13,408930,3389710,497,0,5,-82.68
513801,408960.0,3389910.0,29,190,9,3,2585.0,9.2,497,15,13,408915,3389725,497,0,5,-85.59
513801,408960.0,3389910.0,29,190,9,3,2585.0,9.2,497,15,13,408850,3389630,495,0,6,-86.2
513801,408960.0,3389910.0,29,190,9,3,2585.0,9.2,497,15,13,408945,3389695,498,0,5,-80.39
513801,408960.0,3389910.0,29,190,9,3,2585.0,9.2,497,15,13,408910,3389730,496,0,6,-86.76
513801,408960.0,3389910.0,29,190,9,3,2585.0,9.2,497,15,13,408795,3389525,495,0,5,-87.89
513801,408960.0,3389910.0,29,190,9,3,2585.0,9.2,497,15,13,409165,3389610,499,0,6,-131.5
513801,408960.0,3389910.0,29,190,9,3,2585.0,9.2,497,15,13,409130,3389655,498,0,5,-101.0
513801,408960.0,3389910.0,29,190,9,3,2585.0,9.2,497,15,13,409225,3389750,500,0,5,-114.0
513801,408960.0,3389910.0,29,190,9,3,2585.0,9.2,497,15,13,409130,3390010,498,6,5,-93.0
513801,408960.0,3389910.0,29,190,9,3,2585.0,9.2,497,15,13,409215,3389925,500,0,5,-111.5
513801,408960.0,3389910.0,29,190,9,3,2585.0,9.2,497,15,13,408980,3389880,496,6,6,-84.11
513801,408960.0,3389910.0,29,190,9,3,2585.0,9.2,497,15,13,409120,3390020,498,12,5,-93.33
513801,408960.0,3389910.0,29,190,9,3,2585.0,9.2,497,15,13,409150,3390030,497,0,5,-94.33
513801,408960.0,3389910.0,29,190,9,3,2585.0,9.2,497,15,13,409155,3390025,497,0,5,-100.0
513801,408960.0,3389910.0,29,190,9,3,2585.0,9.2,497,15,13,408975,3389845,496,0,6,-80.73
513801,408960.0,3389910.0,29,190,9,3,2585.0,9.2,497,15,13,409160,3390060,497,0,5,-97.2
513801,408960.0,3389910.0,29,190,9,3,2585.0,9.2,497,15,13,408970,3389850,496,0,6,-79.39
513801,408960.0,3389910.0,29,190,9,3,2585.0,9.2,497,15,13,409025,3389915,496,0,5,-74.68
513801,408960.0,3389910.0,29,190,9,3,2585.0,9.2,497,15,13,409020,3389920,496,0,6,-76.38
513801,408960.0,3389910.0,29,190,9,3,2585.0,9.2,497,15,13,408990,3389870,496,0,6,-79.95
513801,408960.0,3389910.0,29,190,9,3,2585.0,9.2,497,15,13,409015,3389885,496,0,13,-79.55
513801,408960.0,3389910.0,29,190,9,3,2585.0,9.2,497,15,13,409030,3389910,496,0,5,-76.02
513801,408960.0,3389910.0,29,190,9,3,2585.0,9.2,497,15,13,409005,3389895,496,0,6,-77.77
513801,408960.0,3389910.0,29,190,9,3,2585.0,9.2,497,15,13,409010,3389890,496,0,5,-78.04
513801,408960.0,3389910.0,29,190,9,3,2585.0,9.2,497,15,13,409270,3389990,497,0,5,-98.0
513801,408960.0,3389910.0,29,190,9,3,2585.0,9.2,497,15,13,408995,3389865,496,0,5,-78.93
513801,408960.0,3389910.0,29,190,9,3,2585.0,9.2,497,15,13,409035,3389905,496,0,12,-73.38
513801,408960.0,3389910.0,29,190,9,3,2585.0,9.2,497,15,13,408985,3389875,496,0,6,-79.26
513801,408960.0,3389910.0,29,190,9,3,2585.0,9.2,497,15,13,409000,3389900,496,0,6,-78.38
513801,408960.0,3389910.0,29,190,9,3,2585.0,9.2,497,15,13,408965,3389855,496,6,6,-83.69
513801,408960.0,3389910.0,29,190,9,3,2585.0,9.2,497,15,13,409165,3390055,497,0,5,-89.0
513801,408960.0,3389910.0,29,190,9,3,2585.0,9.2,497,15,13,409185,3390075,496,60,5,-93.5
513801,408960.0,3389910.0,29,190,9,3,2585.0,9.2,497,15,13,409190,3390070,496,60,5,-91.5
513801,408960.0,3389910.0,29,190,9,3,2585.0,9.2,497,15,13,409180,3390080,496,60,12,-91.0
513801,408960.0,3389910.0,29,190,9,3,2585.0,9.2,497,15,13,408960,3389860,497,0,6,-82.75
513801,408960.0,3389910.0,29,190,9,3,2585.0,9.2,497,15,13,409030,3389725,496,0,5,-86.0
513801,408960.0,3389910.0,29,190,9,3,2585.0,9.2,497,15,13,409115,3389650,498,0,5,-120.67
513801,408960.0,3389910.0,29,190,9,3,2585.0,9.2,497,15,13,408965,3389720,497,0,13,-77.15
513801,408960.0,3389910.0,29,190,9,3,2585.0,9.2,497,15,13,408985,3389700,497,15,5,-80.61
513801,408960.0,3389910.0,29,190,9,3,2585.0,9.2,497,15,13,408995,3389690,497,15,13,-88.95
513801,408960.0,3389910.0,29,190,9,3,2585.0,9.2,497,15,13,409085,3389680,497,0,5,-95.4
513801,408960.0,3389910.0,29,190,9,3,2585.0,9.2,497,15,13,409105,3389660,498,0,13,-127.75
513801,408960.0,3389910.0,29,190,9,3,2585.0,9.2,497,15,13,409100,3389655,498,0,5,-113.36
513801,408960.0,3389910.0,29,190,9,3,2585.0,9.2,497,15,13,408980,3389695,497,15,5,-79.88
513801,408960.0,3389910.0,29,190,9,3,2585.0,9.2,497,15,13,409110,3389645,498,0,5,-109.29
513801,408960.0,3389910.0,29,190,9,3,2585.0,9.2,497,15,13,408975,3389710,497,0,13,-76.98
513801,408960.0,3389910.0,29,190,9,3,2585.0,9.2,497,15,13,408970,3389705,497,15,5,-75.45
513801,408960.0,3389910.0,29,190,9,3,2585.0,9.2,497,15,13,409080,3389675,497,0,5,-104.0
513801,408960.0,3389910.0,29,190,9,3,2585.0,9.2,497,15,13,408960,3389715,497,0,5,-75.97
513801,408960.0,3389910.0,29,190,9,3,2585.0,9.2,497,15,13,409095,3389670,497,0,6,-117.6
513801,408960.0,3389910.0,29,190,9,3,2585.0,9.2,497,15,13,409090,3389665,498,0,6,-106.25
513801,408960.0,3389910.0,29,190,9,3,2585.0,9.2,497,15,13,409000,3389755,496,0,5,-89.0
513801,408960.0,3389910.0,29,190,9,3,2585.0,9.2,497,15,13,408990,3389685,497,15,5,-88.89
513801,408960.0,3389910.0,29,190,9,3,2585.0,9.2,497,15,13,408745,3389425,497,0,5,-91.87
513801,408960.0,3389910.0,29,190,9,3,2585.0,9.2,497,15,13,408755,3389435,497,0,5,-92.11
513801,408960.0,3389910.0,29,190,9,3,2585.0,9.2,497,15,13,408750,3389440,497,0,5,-90.8
513801,408960.0,3389910.0,29,190,9,3,2585.0,9.2,497,15,13,408740,3389430,497,0,5,-96.8
513801,408960.0,3389910.0,29,190,9,3,2585.0,9.2,497,15,13,408735,3389415,497,0,6,-96.0
513801,408960.0,3389910.0,29,190,9,3,2585.0,9.2,497,15,13,408725,3389405,497,0,5,-90.0
513801,408960.0,3389910.0,29,190,9,3,2585.0,9.2,497,15,13,409295,3390340,496,0,5,-102.38
513801,408960.0,3389910.0,29,190,9,3,2585.0,9.2,497,15,13,409290,3390335,495,0,5,-101.4
513801,408960.0,3389910.0,29,190,9,3,2585.0,9.2,497,15,13,409280,3390325,495,0,6,-98.4
513801,408960.0,3389910.0,29,190,9,3,2585.0,9.2,497,15,13,409300,3390345,496,0,5,-102.0
513801,408960.0,3389910.0,29,190,9,3,2585.0,9.2,497,15,13,408850,3389575,495,0,5,-84.94
513801,408960.0,3389910.0,29,190,9,3,2585.0,9.2,497,15,13,408870,3389595,495,5,13,-84.71
513801,408960.0,3389910.0,29,190,9,3,2585.0,9.2,497,15,13,408800,3389525,495,0,5,-85.69
513801,408960.0,3389910.0,29,190,9,3,2585.0,9.2,497,15,13,408845,3389570,495,0,5,-83.52
513801,408960.0,3389910.0,29,190,9,3,2585.0,9.2,497,15,13,408835,3389560,495,0,5,-85.13
513801,408960.0,3389910.0,29,190,9,3,2585.0,9.2,497,15,13,408815,3389540,495,0,5,-86.78
513801,408960.0,3389910.0,29,190,9,3,2585.0,9.2,497,15,13,408825,3389550,495,0,5,-85.39
513801,408960.0,3389910.0,29,190,9,3,2585.0,9.2,497,15,13,408820,3389545,495,0,5,-84.58
513801,408960.0,3389910.0,29,190,9,3,2585.0,9.2,497,15,13,408830,3389555,495,0,5,-84.04
513801,408960.0,3389910.0,29,190,9,3,2585.0,9.2,497,15,13,408875,3389600,495,5,13,-84.2
513801,408960.0,3389910.0,29,190,9,3,2585.0,9.2,497,15,13,409305,3390350,497,0,10,-100.0
513801,408960.0,3389910.0,29,190,9,3,2585.0,9.2,497,15,13,408840,3389565,495,0,5,-83.93
513801,408960.0,3389910.0,29,190,9,3,2585.0,9.2,497,15,13,408855,3389580,495,0,5,-83.26
513801,408960.0,3389910.0,29,190,9,3,2585.0,9.2,497,15,13,408810,3389535,495,0,5,-85.21
513801,408960.0,3389910.0,29,190,9,3,2585.0,9.2,497,15,13,408865,3389590,495,0,5,-83.49
513801,408960.0,3389910.0,29,190,9,3,2585.0,9.2,497,15,13,409285,3390330,495,0,5,-98.0
513801,408960.0,3389910.0,29,190,9,3,2585.0,9.2,497,15,13,408805,3389530,495,0,5,-86.71
513801,408960.0,3389910.0,29,190,9,3,2585.0,9.2,497,15,13,408860,3389585,495,0,13,-84.48
513801,408960.0,3389910.0,29,190,9,3,2585.0,9.2,497,15,13,409310,3390355,497,0,5,-100.75
513801,408960.0,3389910.0,29,190,9,3,2585.0,9.2,497,15,13,409030,3389815,495,18,5,-95.5
513801,408960.0,3389910.0,29,190,9,3,2585.0,9.2,497,15,13,409050,3389875,495,21,5,-101.67
513801,408960.0,3389910.0,29,190,9,3,2585.0,9.2,497,15,13,409065,3389850,495,0,5,-95.5
513801,408960.0,3389910.0,29,190,9,3,2585.0,9.2,497,15,13,409025,3389810,495,18,5,-76.5
513801,408960.0,3389910.0,29,190,9,3,2585.0,9.2,497,15,13,408995,3389780,495,0,6,-78.75
513801,408960.0,3389910.0,29,190,9,3,2585.0,9.2,497,15,13,408985,3389770,496,0,6,-74.0
513801,408960.0,3389910.0,29,190,9,3,2585.0,9.2,497,15,13,409075,3389860,496,0,5,-97.77
513801,408960.0,3389910.0,29,190,9,3,2585.0,9.2,497,15,13,409070,3389855,495,0,5,-102.0
513801,408960.0,3389910.0,29,190,9,3,2585.0,9.2,497,15,13,409010,3389835,495,0,5,-69.64
513801,408960.0,3389910.0,29,190,9,3,2585.0,9.2,497,15,13,408965,3389790,496,0,6,-78.65
513801,408960.0,3389910.0,29,190,9,3,2585.0,9.2,497,15,13,408990,3389775,495,0,6,-80.83
513801,408960.0,3389910.0,29,190,9,3,2585.0,9.2,497,15,13,408960,3389785,496,0,6,-79.83
513801,408960.0,3389910.0,29,190,9,3,2585.0,9.2,497,15,13,408980,3389765,496,0,5,-72.11
513801,408960.0,3389910.0,29,190,9,3,2585.0,9.2,497,15,13,408975,3389800,496,0,6,-78.08
513801,408960.0,3389910.0,29,190,9,3,2585.0,9.2,497,15,13,409005,3389830,495,0,5,-70.82
513801,408960.0,3389910.0,29,190,9,3,2585.0,9.2,497,15,13,409015,3389840,495,0,13,-69.14
513801,408960.0,3389910.0,29,190,9,3,2585.0,9.2,497,15,13,409060,3389845,495,0,5,-97.5
513801,408960.0,3389910.0,29,190,9,3,2585.0,9.2,497,15,13,409055,3389880,495,21,5,-80.5
513801,408960.0,3389910.0,29,190,9,3,2585.0,9.2,497,15,13,409000,3389825,496,0,5,-72.33
513801,408960.0,3389910.0,29,190,9,3,2585.0,9.2,497,15,13,408970,3389795,496,0,6,-77.24
513801,408960.0,3389910.0,29,190,9,3,2585.0,9.2,497,15,13,409035,3389820,495,0,5,-88.0
513801,408960.0,3389910.0,29,190,9,3,2585.0,9.2,497,15,13,409045,3389870,495,21,5,-84.33
513801,408960.0,3389910.0,29,190,9,3,2585.0,9.2,497,15,13,409040,3389865,495,21,13,-75.33
513801,408960.0,3389910.0,29,190,9,3,2585.0,9.2,497,15,13,409175,3390000,497,0,13,-97.5
513801,408960.0,3389910.0,29,190,9,3,2585.0,9.2,497,15,13,408585,3389100,494,0,5,-90.0
513801,408960.0,3389910.0,29,190,9,3,2585.0,9.2,497,15,13,408645,3389200,495,0,13,-92.0
513801,408960.0,3389910.0,29,190,9,3,2585.0,9.2,497,15,13,408640,3389195,495,0,13,-88.5
513801,408960.0,3389910.0,29,190,9,3,2585.0,9.2,497,15,13,408470,3388885,495,0,5,-92.5
513801,408960.0,3389910.0,29,190,9,3,2585.0,9.2,497,15,13,408525,3389000,493,0,6,-100.5
513801,408960.0,3389910.0,29,190,9,3,2585.0,9.2,497,15,13,408645,3389205,495,0,13,-94.0
513801,408960.0,3389910.0,29,190,9,3,2585.0,9.2,497,15,13,408470,3388880,495,0,5,-100.0
513801,408960.0,3389910.0,29,190,9,3,2585.0,9.2,497,15,13,408655,3389215,496,0,5,-90.0
513801,408960.0,3389910.0,29,190,9,3,2585.0,9.2,497,15,13,409060,3389900,496,0,5,-73.25
513801,408960.0,3389910.0,29,190,9,3,2585.0,9.2,497,15,13,409050,3389910,496,0,5,-70.08
513801,408960.0,3389910.0,29,190,9,3,2585.0,9.2,497,15,13,409055,3389905,496,0,5,-72.33
513801,408960.0,3389910.0,29,190,9,3,2585.0,9.2,497,15,13,408965,3389835,496,0,6,-82.47
513801,408960.0,3389910.0,29,190,9,3,2585.0,9.2,497,15,13,409045,3389915,496,0,12,-73.26
513801,408960.0,3389910.0,29,190,9,3,2585.0,9.2,497,15,13,408980,3389820,496,0,6,-78.51
513801,408960.0,3389910.0,29,190,9,3,2585.0,9.2,497,15,13,408985,3389815,496,0,6,-76.8
513801,408960.0,3389910.0,29,190,9,3,2585.0,9.2,497,15,13,409040,3389920,496,0,12,-74.25
513801,408960.0,3389910.0,29,190,9,3,2585.0,9.2,497,15,13,408975,3389825,496,0,6,-79.78
513801,408960.0,3389910.0,29,190,9,3,2585.0,9.2,497,15,13,408995,3389805,496,0,6,-76.58
513801,408960.0,3389910.0,29,190,9,3,2585.0,9.2,497,15,13,408970,3389830,496,0,6,-82.2
513801,408960.0,3389910.0,29,190,9,3,2585.0,9.2,497,15,13,408990,3389810,496,0,6,-75.57
513801,408960.0,3389910.0,29,190,9,3,2585.0,9.2,497,15,13,409000,3389800,495,6,6,-79.1
513801,408960.0,3389910.0,29,190,9,3,2585.0,9.2,497,15,13,408960,3389840,496,15,6,-83.95
513801,408960.0,3389910.0,29,190,9,3,2585.0,9.2,497,15,13,409075,3389885,496,21,13,-106.5
513801,408960.0,3389910.0,29,190,9,3,2585.0,9.2,497,15,13,409005,3389795,495,0,6,-77.8
513801,408960.0,3389910.0,29,190,9,3,2585.0,9.2,497,15,13,409000,3389940,497,0,5,-83.0
513801,408960.0,3389910.0,29,190,9,3,2585.0,9.2,497,15,13,409240,3389860,501,0,12,-111.0
513801,408960.0,3389910.0,29,190,9,3,2585.0,9.2,497,15,13,409075,3390065,498,0,6,-94.5
513801,408960.0,3389910.0,29,190,9,3,2585.0,9.2,497,15,13,409015,3389925,496,0,6,-78.12
513801,408960.0,3389910.0,29,190,9,3,2585.0,9.2,497,15,13,409025,3389955,496,24,6,-80.59
513801,408960.0,3389910.0,29,190,9,3,2585.0,9.2,497,15,13,409095,3390005,498,0,13,-83.0
513801,408960.0,3389910.0,29,190,9,3,2585.0,9.2,497,15,13,409010,3389930,496,24,6,-78.0
513801,408960.0,3389910.0,29,190,9,3,2585.0,9.2,497,15,13,409110,3390030,498,0,5,-91.71
513801,408960.0,3389910.0,29,190,9,3,2585.0,9.2,497,15,13,409090,3390010,498,0,13,-88.53
513801,408960.0,3389910.0,29,190,9,3,2585.0,9.2,497,15,13,409080,3390020,498,0,5,-84.16
513801,408960.0,3389910.0,29,190,9,3,2585.0,9.2,497,15,13,409035,3389945,496,0,5,-75.78
513801,408960.0,3389910.0,29,190,9,3,2585.0,9.2,497,15,13,409030,3389950,496,24,6,-75.15
513801,408960.0,3389910.0,29,190,9,3,2585.0,9.2,497,15,13,409105,3390035,498,0,13,-91.98
513801,408960.0,3389910.0,29,190,9,3,2585.0,9.2,497,15,13,409005,3389935,496,24,6,-79.5
513801,408960.0,3389910.0,29,190,9,3,2585.0,9.2,497,15,13,409115,3390025,498,12,5,-90.63
513801,408960.0,3389910.0,29,190,9,3,2585.0,9.2,497,15,13,409085,3390015,498,0,13,-86.23
513801,408960.0,3389910.0,29,190,9,3,2585.0,9.2,497,15,13,409100,3390040,498,0,13,-91.94
513801,408960.0,3389910.0,29,190,9,3,2585.0,9.2,497,15,13,409245,3389855,501,21,12,-116.0
513801,408960.0,3389910.0,29,190,9,3,2585.0,9.2,497,15,13,409055,3389755,496,0,6,-92.0
513801,408960.0,3389910.0,29,190,9,3,2585.0,9.2,497,15,13,408980,3389650,497,0,13,-92.5
513801,408960.0,3389910.0,29,190,9,3,2585.0,9.2,497,15,13,408975,3389675,497,0,5,-82.25
513801,408960.0,3389910.0,29,190,9,3,2585.0,9.2,497,15,13,408960,3389670,497,15,5,-82.0
513801,408960.0,3389910.0,29,190,9,3,2585.0,9.2,497,15,13,409105,3389685,497,0,5,-98.5
513801,408960.0,3389910.0,29,190,9,3,2585.0,9.2,497,15,13,408990,3389660,497,0,5,-103.0
513801,408960.0,3389910.0,29,190,9,3,2585.0,9.2,497,15,13,408995,3389655,497,0,5,-111.0
513801,408960.0,3389910.0,29,190,9,3,2585.0,9.2,497,15,13,409145,3390165,496,18,6,-103.17
513801,408960.0,3389910.0,29,190,9,3,2585.0,9.2,497,15,13,408955,3389815,496,0,6,-86.24
513801,408960.0,3389910.0,29,190,9,3,2585.0,9.2,497,15,13,408915,3389775,495,0,6,-91.67
513801,408960.0,3389910.0,29,190,9,3,2585.0,9.2,497,15,13,408935,3389835,497,6,6,-85.0
513801,408960.0,3389910.0,29,190,9,3,2585.0,9.2,497,15,13,408945,3389805,496,0,6,-87.97
513801,408960.0,3389910.0,29,190,9,3,2585.0,9.2,497,15,13,409195,3390215,499,0,5,-103.33
513801,408960.0,3389910.0,29,190,9,3,2585.0,9.2,497,15,13,409155,3390175,497,18,6,-99.83
513801,408960.0,3389910.0,29,190,9,3,2585.0,9.2,497,15,13,409185,3390205,498,0,5,-101.5
513801,408960.0,3389910.0,29,190,9,3,2585.0,9.2,497,15,13,408950,3389820,496,15,6,-85.13
513801,408960.0,3389910.0,29,190,9,3,2585.0,9.2,497,15,13,409150,3390180,497,18,6,-98.67
513801,408960.0,3389910.0,29,190,9,3,2585.0,9.2,497,15,13,409200,3390110,495,60,5,-95.0
513801,408960.0,3389910.0,29,190,9,3,2585.0,9.2,497,15,13,408940,3389810,496,0,6,-89.0
513801,408960.0,3389910.0,29,190,9,3,2585.0,9.2,497,15,13,409215,3390115,495,0,5,-96.5
513801,408960.0,3389910.0,29,190,9,3,2585.0,9.2,497,15,13,408900,3389770,495,0,5,-102.0
513801,408960.0,3389910.0,29,190,9,3,2585.0,9.2,497,15,13,408910,3389780,495,0,5,-101.33
513801,408960.0,3389910.0,29,190,9,3,2585.0,9.2,497,15,13,408800,3389465,495,0,5,-88.55
513801,408960.0,3389910.0,29,190,9,3,2585.0,9.2,497,15,13,408815,3389480,495,0,5,-88.6
513801,408960.0,3389910.0,29,190,9,3,2585.0,9.2,497,15,13,408805,3389470,495,0,13,-87.21
513801,408960.0,3389910.0,29,190,9,3,2585.0,9.2,497,15,13,408810,3389475,495,0,13,-86.75
513801,408960.0,3389910.0,29,190,9,3,2585.0,9.2,497,15,13,408880,3389710,496,21,6,-88.5
513801,408960.0,3389910.0,29,190,9,3,2585.0,9.2,497,15,13,408860,3389650,496,0,6,-84.86
513801,408960.0,3389910.0,29,190,9,3,2585.0,9.2,497,15,13,408930,3389760,496,0,6,-89.69
513801,408960.0,3389910.0,29,190,9,3,2585.0,9.2,497,15,13,408830,3389620,495,24,6,-84.5
513801,408960.0,3389910.0,29,190,9,3,2585.0,9.2,497,15,13,408865,3389645,496,0,5,-87.14
513801,408960.0,3389910.0,29,190,9,3,2585.0,9.2,497,15,13,408940,3389730,497,0,5,-81.86
513801,408960.0,3389910.0,29,190,9,3,2585.0,9.2,497,15,13,408885,3389705,496,21,6,-88.0
513801,408960.0,3389910.0,29,190,9,3,2585.0,9.2,497,15,13,408925,3389745,496,0,5,-88.13
513801,408960.0,3389910.0,29,190,9,3,2585.0,9.2,497,15,13,408870,3389660,496,0,6,-86.14
513801,408960.0,3389910.0,29,190,9,3,2585.0,9.2,497,15,13,408835,3389615,495,0,6,-83.67
513801,408960.0,3389910.0,29,190,9,3,2585.0,9.2,497,15,13,408905,3389685,497,0,5,-82.83
513801,408960.0,3389910.0,29,190,9,3,2585.0,9.2,497,15,13,408955,3389735,497,0,5,-81.48
513801,408960.0,3389910.0,29,190,9,3,2585.0,9.2,497,15,13,408900,3389690,497,0,13,-85.16
513801,408960.0,3389910.0,29,190,9,3,2585.0,9.2,497,15,13,408910,3389700,497,0,5,-84.65
513801,408960.0,3389910.0,29,190,9,3,2585.0,9.2,497,15,13,408945,3389725,497,0,5,-82.56
513801,408960.0,3389910.0,29,190,9,3,2585.0,9.2,497,15,13,408920,3389750,496,0,6,-88.13
513801,408960.0,3389910.0,29,190,9,3,2585.0,9.2,497,15,13,408935,3389755,496,0,5,-84.26
513801,408960.0,3389910.0,29,190,9,3,2585.0,9.2,497,15,13,408950,3389740,497,0,5,-88.0
513801,408960.0,3389910.0,29,190,9,3,2585.0,9.2,497,15,13,408915,3389695,497,0,13,-82.92
513801,408960.0,3389910.0,29,190,9,3,2585.0,9.2,497,15,13,408895,3389715,496,0,6,-90.4
513801,408960.0,3389910.0,29,190,9,3,2585.0,9.2,497,15,13,408875,3389655,496,0,13,-87.43
513801,408960.0,3389910.0,29,190,9,3,2585.0,9.2,497,15,13,408890,3389720,496,21,6,-92.13
513801,408960.0,3389910.0,29,190,9,3,2585.0,9.2,497,15,13,409080,3390040,498,0,6,-84.77
513801,408960.0,3389910.0,29,190,9,3,2585.0,9.2,497,15,13,409105,3390015,498,0,5,-87.33
513801,408960.0,3389910.0,29,190,9,3,2585.0,9.2,497,15,13,409030,3389930,496,0,5,-77.27
513801,408960.0,3389910.0,29,190,9,3,2585.0,9.2,497,15,13,409010,3389950,496,24,6,-83.14
513801,408960.0,3389910.0,29,190,9,3,2585.0,9.2,497,15,13,409020,3389940,496,24,6,-78.12
513801,408960.0,3389910.0,29,190,9,3,2585.0,9.2,497,15,13,409025,3389935,496,0,6,-76.33
513801,408960.0,3389910.0,29,190,9,3,2585.0,9.2,497,15,13,409100,3390020,498,0,13,-88.13
513801,408960.0,3389910.0,29,190,9,3,2585.0,9.2,497,15,13,409035,3389925,496,0,5,-75.23
513801,408960.0,3389910.0,29,190,9,3,2585.0,9.2,497,15,13,409015,3389945,496,24,6,-85.08
513801,408960.0,3389910.0,29,190,9,3,2585.0,9.2,497,15,13,409095,3390025,498,0,13,-87.93
513801,408960.0,3389910.0,29,190,9,3,2585.0,9.2,497,15,13,409070,3390050,498,0,6,-95.5
513801,408960.0,3389910.0,29,190,9,3,2585.0,9.2,497,15,13,409090,3390030,498,0,13,-89.34
513801,408960.0,3389910.0,29,190,9,3,2585.0,9.2,497,15,13,409085,3390035,498,0,5,-85.0
513801,408960.0,3389910.0,29,190,9,3,2585.0,9.2,497,15,13,409245,3389875,501,0,5,-112.75
513801,408960.0,3389910.0,29,190,9,3,2585.0,9.2,497,15,13,409250,3389870,501,0,5,-117.0
513801,408960.0,3389910.0,29,190,9,3,2585.0,9.2,497,15,13,409110,3390010,498,12,5,-80.0
513801,408960.0,3389910.0,29,190,9,3,2585.0,9.2,497,15,13,409075,3390045,498,18,6,-85.13
513801,408960.0,3389910.0,29,190,9,3,2585.0,9.2,497,15,13,408760,3389400,496,0,6,-90.25
513801,408960.0,3389910.0,29,190,9,3,2585.0,9.2,497,15,13,408750,3389410,496,0,6,-91.13
513801,408960.0,3389910.0,29,190,9,3,2585.0,9.2,497,15,13,408740,3389420,497,0,5,-91.88
513801,408960.0,3389910.0,29,190,9,3,2585.0,9.2,497,15,13,408755,3389405,496,0,6,-90.25
513801,408960.0,3389910.0,29,190,9,3,2585.0,9.2,497,15,13,408745,3389415,497,0,6,-92.5
513801,408960.0,3389910.0,29,190,9,3,2585.0,9.2,497,15,13,408765,3389395,495,12,6,-91.33
513801,408960.0,3389910.0,29,190,9,3,2585.0,9.2,497,15,13,408725,3389435,498,21,6,-97.5
513801,408960.0,3389910.0,29,190,9,3,2585.0,9.2,497,15,13,409090,3389940,497,6,13,-81.67
513801,408960.0,3389910.0,29,190,9,3,2585.0,9.2,497,15,13,409225,3389825,500,0,5,-107.0
513801,408960.0,3389910.0,29,190,9,3,2585.0,9.2,497,15,13,409075,3389995,498,0,13,-82.53
513801,408960.0,3389910.0,29,190,9,3,2585.0,9.2,497,15,13,409055,3389975,497,0,5,-79.63
513801,408960.0,3389910.0,29,190,9,3,2585.0,9.2,497,15,13,409070,3390000,498,0,5,-84.79
513801,408960.0,3389910.0,29,190,9,3,2585.0,9.2,497,15,13,409235,3389835,501,21,12,-120.0
513801,408960.0,3389910.0,29,190,9,3,2585.0,9.2,497,15,13,409060,3389990,497,0,5,-81.88
513801,408960.0,3389910.0,29,190,9,3,2585.0,9.2,497,15,13,409040,3389970,497,0,6,-80.2
513801,408960.0,3389910.0,29,190,9,3,2585.0,9.2,497,15,13,409065,3389985,497,0,5,-83.75
513801,408960.0,3389910.0,29,190,9,3,2585.0,9.2,497,15,13,409085,3389925,496,0,5,-89.5
513801,408960.0,3389910.0,29,190,9,3,2585.0,9.2,497,15,13,409045,3389965,497,0,5,-74.18
513801,408960.0,3389910.0,29,190,9,3,2585.0,9.2,497,15,13,409050,3389980,497,0,6,-75.6
513801,408960.0,3389910.0,29,190,9,3,2585.0,9.2,497,15,13,409205,3389805,500,0,12,-125.0
513801,408960.0,3389910.0,29,190,9,3,2585.0,9.2,497,15,13,409245,3389765,499,0,5,-118.5
513801,408960.0,3389910.0,29,190,9,3,2585.0,9.2,497,15,13,409100,3389950,497,0,5,-71.67
513801,408960.0,3389910.0,29,190,9,3,2585.0,9.2,497,15,13,409215,3389840,501,0,12,-110.5
513801,408960.0,3389910.0,29,190,9,3,2585.0,9.2,497,15,13,409220,3389805,500,0,12,-113.67
513801,408960.0,3389910.0,29,190,9,3,2585.0,9.2,497,15,13,409060,3389965,497,0,5,-78.97
513801,408960.0,3389910.0,29,190,9,3,2585.0,9.2,497,15,13,409085,3389950,497,6,5,-83.67
513801,408960.0,3389910.0,29,190,9,3,2585.0,9.2,497,15,13,409090,3389955,497,6,5,-84.0
513801,408960.0,3389910.0,29,190,9,3,2585.0,9.2,497,15,13,409040,3389985,497,21,6,-81.0
513801,408960.0,3389910.0,29,190,9,3,2585.0,9.2,497,15,13,409070,3389975,497,0,13,-77.36
513801,408960.0,3389910.0,29,190,9,3,2585.0,9.2,497,15,13,409065,3389970,497,0,13,-78.03
513801,408960.0,3389910.0,29,190,9,3,2585.0,9.2,497,15,13,409225,3389810,500,21,5,-109.33
513801,408960.0,3389910.0,29,190,9,3,2585.0,9.2,497,15,13,409055,3390000,498,0,6,-75.5
513801,408960.0,3389910.0,29,190,9,3,2585.0,9.2,497,15,13,409075,3389980,497,0,5,-80.17
513801,408960.0,3389910.0,29,190,9,3,2585.0,9.2,497,15,13,409080,3389945,497,6,5,-75.0
513801,408960.0,3389910.0,29,190,9,3,2585.0,9.2,497,15,13,408935,3389860,497,0,5,-89.67
513801,408960.0,3389910.0,29,190,9,3,2585.0,9.2,497,15,13,409155,3390160,496,0,5,-104.64
513801,408960.0,3389910.0,29,190,9,3,2585.0,9.2,497,15,13,409130,3390135,496,0,6,-99.8
513801,408960.0,3389910.0,29,190,9,3,2585.0,9.2,497,15,13,409145,3390150,496,0,6,-104.82
513801,408960.0,3389910.0,29,190,9,3,2585.0,9.2,497,15,13,409160,3390085,496,0,5,-90.2
513801,408960.0,3389910.0,29,190,9,3,2585.0,9.2,497,15,13,409215,3390220,499,0,5,-98.5
513801,408960.0,3389910.0,29,190,9,3,2585.0,9.2,497,15,13,409135,3390140,496,18,6,-102.14
513801,408960.0,3389910.0,29,190,9,3,2585.0,9.2,497,15,13,409165,3390090,496,0,12,-87.1
513801,408960.0,3389910.0,29,190,9,3,2585.0,9.2,497,15,13,409195,3390120,495,0,5,-91.83
513801,408960.0,3389910.0,29,190,9,3,2585.0,9.2,497,15,13,409205,3390210,499,0,5,-103.57
513801,408960.0,3389910.0,29,190,9,3,2585.0,9.2,497,15,13,409125,3390130,496,12,6,-100.0
513801,408960.0,3389910.0,29,190,9,3,2585.0,9.2,497,15,13,409120,3390125,496,12,6,-105.33
513801,408960.0,3389910.0,29,190,9,3,2585.0,9.2,497,15,13,409140,3390145,496,18,6,-103.17
513801,408960.0,3389910.0,29,190,9,3,2585.0,9.2,497,15,13,409220,3390225,499,0,6,-106.0
513801,408960.0,3389910.0,29,190,9,3,2585.0,9.2,497,15,13,409150,3390155,496,0,6,-101.89
513801,408960.0,3389910.0,29,190,9,3,2585.0,9.2,497,15,13,409180,3390105,496,0,6,-95.09
513801,408960.0,3389910.0,29,190,9,3,2585.0,9.2,497,15,13,409175,3390100,496,0,5,-92.5
513801,408960.0,3389910.0,29,190,9,3,2585.0,9.2,497,15,13,409240,3390165,497,0,5,-114.0
513801,408960.0,3389910.0,29,190,9,3,2585.0,9.2,497,15,13,409190,3390115,495,0,5,-93.0
513801,408960.0,3389910.0,29,190,9,3,2585.0,9.2,497,15,13,409170,3390095,496,0,12,-90.71
513801,408960.0,3389910.0,29,190,9,3,2585.0,9.2,497,15,13,409185,3390110,495,0,5,-94.1
513801,408960.0,3389910.0,29,190,9,3,2585.0,9.2,497,15,13,409055,3389640,498,0,5,-109.67
513801,408960.0,3389910.0,29,190,9,3,2585.0,9.2,497,15,13,409105,3389650,498,0,5,-116.4
513801,408960.0,3389910.0,29,190,9,3,2585.0,9.2,497,15,13,408975,3389720,497,0,5,-79.06
513801,408960.0,3389910.0,29,190,9,3,2585.0,9.2,497,15,13,408990,3389695,497,15,5,-86.54
513801,408960.0,3389910.0,29,190,9,3,2585.0,9.2,497,15,13,409095,3389680,497,0,6,-97.0
513801,408960.0,3389910.0,29,190,9,3,2585.0,9.2,497,15,13,409100,3389645,498,0,5,-113.0
513801,408960.0,3389910.0,29,190,9,3,2585.0,9.2,497,15,13,408985,3389690,497,15,5,-75.45
513801,408960.0,3389910.0,29,190,9,3,2585.0,9.2,497,15,13,409090,3389675,497,0,6,-92.25
513801,408960.0,3389910.0,29,190,9,3,2585.0,9.2,497,15,13,409080,3389665,497,0,5,-101.45
513801,408960.0,3389910.0,29,190,9,3,2585.0,9.2,497,15,13,408970,3389715,497,0,13,-76.02
513801,408960.0,3389910.0,29,190,9,3,2585.0,9.2,497,15,13,408960,3389705,497,0,5,-74.8
513801,408960.0,3389910.0,29,190,9,3,2585.0,9.2,497,15,13,408965,3389710,497,0,5,-76.76
513801,408960.0,3389910.0,29,190,9,3,2585.0,9.2,497,15,13,409085,3389670,497,0,5,-100.5
513801,408960.0,3389910.0,29,190,9,3,2585.0,9.2,497,15,13,408995,3389700,497,0,13,-83.83
513801,408960.0,3389910.0,29,190,9,3,2585.0,9.2,497,15,13,409110,3389655,498,0,5,-105.71
513801,408960.0,3389910.0,29,190,9,3,2585.0,9.2,497,15,13,408980,3389685,498,15,5,-81.25
513801,408960.0,3389910.0,29,190,9,3,2585.0,9.2,497,15,13,409030,3389735,496,0,5,-90.67
513801,408960.0,3389910.0,29,190,9,3,2585.0,9.2,497,15,13,409025,3389730,496,0,13,-82.5
513801,408960.0,3389910.0,29,190,9,3,2585.0,9.2,497,15,13,409000,3389745,496,0,13,-88.11
513801,408960.0,3389910.0,29,190,9,3,2585.0,9.2,497,15,13,409020,3389725,496,0,13,-88.87
513801,408960.0,3389910.0,29,190,9,3,2585.0,9.2,497,15,13,409005,3389750,496,0,5,-84.67
513801,408960.0,3389910.0,29,190,9,3,2585.0,9.2,497,15,13,409035,3389740,496,9,5,-93.5
513801,408960.0,3389910.0,29,190,9,3,2585.0,9.2,497,15,13,409035,3389855,495,21,5,-80.75
513801,408960.0,3389910.0,29,190,9,3,2585.0,9.2,497,15,13,409050,3389840,495,18,5,-94.75
513801,408960.0,3389910.0,29,190,9,3,2585.0,9.2,497,15,13,408970,3389920,497,0,13,-83.33
513801,408960.0,3389910.0,29,190,9,3,2585.0,9.2,497,15,13,409145,3390045,497,21,5,-99.0
513801,408960.0,3389910.0,29,190,9,3,2585.0,9.2,497,15,13,409140,3390050,497,21,5,-92.3
513801,408960.0,3389910.0,29,190,9,3,2585.0,9.2,497,15,13,408985,3389885,496,6,6,-83.95
513801,408960.0,3389910.0,29,190,9,3,2585.0,9.2,497,15,13,409020,3389850,495,0,5,-69.5
513801,408960.0,3389910.0,29,190,9,3,2585.0,9.2,497,15,13,408995,3389895,496,0,6,-81.34
513801,408960.0,3389910.0,29,190,9,3,2585.0,9.2,497,15,13,409055,3389835,495,18,5,-94.1
513801,408960.0,3389910.0,29,190,9,3,2585.0,9.2,497,15,13,409015,3389875,495,0,13,-74.75
513801,408960.0,3389910.0,29,190,9,3,2585.0,9.2,497,15,13,409120,3390070,497,0,13,-95.48
513801,408960.0,3389910.0,29,190,9,3,2585.0,9.2,497,15,13,409135,3390075,497,0,13,-94.19
513801,408960.0,3389910.0,29,190,9,3,2585.0,9.2,497,15,13,409125,3390065,497,0,5,-95.16
513801,408960.0,3389910.0,29,190,9,3,2585.0,9.2,497,15,13,409130,3390080,497,0,5,-96.81
513801,408960.0,3389910.0,29,190,9,3,2585.0,9.2,497,15,13,409000,3389870,496,0,5,-78.77
513801,408960.0,3389910.0,29,190,9,3,2585.0,9.2,497,15,13,409005,3389865,496,0,13,-77.85
513801,408960.0,3389910.0,29,190,9,3,2585.0,9.2,497,15,13,409030,3389860,495,0,5,-68.79
513801,408960.0,3389910.0,29,190,9,3,2585.0,9.2,497,15,13,408965,3389905,497,0,5,-80.75
513801,408960.0,3389910.0,29,190,9,3,2585.0,9.2,497,15,13,408990,3389900,496,0,6,-86.58
513801,408960.0,3389910.0,29,190,9,3,2585.0,9.2,497,15,13,409010,3389880,496,0,13,-78.54
513801,408960.0,3389910.0,29,190,9,3,2585.0,9.2,497,15,13,408975,3389915,497,0,5,-83.3
513801,408960.0,3389910.0,29,190,9,3,2585.0,9.2,497,15,13,409150,3390060,497,0,5,-101.0
513801,408960.0,3389910.0,29,190,9,3,2585.0,9.2,497,15,13,409155,3390055,497,0,5,-95.5
513801,408960.0,3389910.0,29,190,9,3,2585.0,9.2,497,15,13,409065,3389805,495,0,5,-90.0
513801,408960.0,3389910.0,29,190,9,3,2585.0,9.2,497,15,13,409040,3389830,495,0,13,-72.5
513801,408960.0,3389910.0,29,190,9,3,2585.0,9.2,497,15,13,409025,3389845,495,0,5,-80.36
513801,408960.0,3389910.0,29,190,9,3,2585.0,9.2,497,15,13,408980,3389890,496,0,6,-99.83
513801,408960.0,3389910.0,29,190,9,3,2585.0,9.2,497,15,13,409215,3389915,500,21,5,-130.5
513801,408960.0,3389910.0,29,190,9,3,2585.0,9.2,497,15,13,409060,3390050,499,18,5,-102.0
513801,408960.0,3389910.0,29,190,9,3,2585.0,9.2,497,15,13,409245,3389865,501,0,12,-117.25
513801,408960.0,3389910.0,29,190,9,3,2585.0,9.2,497,15,13,409025,3389925,496,0,5,-76.42
513801,408960.0,3389910.0,29,190,9,3,2585.0,9.2,497,15,13,409080,3390030,498,0,6,-85.74
513801,408960.0,3389910.0,29,190,9,3,2585.0,9.2,497,15,13,409015,3389955,496,24,6,-88.2
513801,408960.0,3389910.0,29,190,9,3,2585.0,9.2,497,15,13,409010,3389960,497,0,5,-77.5
513801,408960.0,3389910.0,29,190,9,3,2585.0,9.2,497,15,13,409240,3389870,501,21,12,-114.22
513801,408960.0,3389910.0,29,190,9,3,2585.0,9.2,497,15,13,409030,3389940,496,0,6,-77.69
513801,408960.0,3389910.0,29,190,9,3,2585.0,9.2,497,15,13,409110,3390020,498,12,5,-88.93
513801,408960.0,3389910.0,29,190,9,3,2585.0,9.2,497,15,13,409095,3390035,498,0,13,-89.31
513801,408960.0,3389910.0,29,190,9,3,2585.0,9.2,497,15,13,409020,3389930,496,0,6,-78.02
513801,408960.0,3389910.0,29,190,9,3,2585.0,9.2,497,15,13,409090,3390040,498,0,5,-88.84
513801,408960.0,3389910.0,29,190,9,3,2585.0,9.2,497,15,13,409075,3390055,498,0,6,-88.5
513801,408960.0,3389910.0,29,190,9,3,2585.0,9.2,497,15,13,409085,3390025,498,0,5,-85.68
513801,408960.0,3389910.0,29,190,9,3,2585.0,9.2,497,15,13,409035,3389935,496,0,5,-75.47
513801,408960.0,3389910.0,29,190,9,3,2585.0,9.2,497,15,13,409100,3390010,498,0,5,-86.6
513801,408960.0,3389910.0,29,190,9,3,2585.0,9.2,497,15,13,409005,3389945,496,0,5,-81.0
513801,408960.0,3389910.0,29,190,9,3,2585.0,9.2,497,15,13,409105,3390005,498,0,5,-89.0
513801,408960.0,3389910.0,29,190,9,3,2585.0,9.2,497,15,13,409115,3390015,498,12,5,-88.75
513801,408960.0,3389910.0,29,190,9,3,2585.0,9.2,497,15,13,408990,3389770,496,0,6,-83.25
513801,408960.0,3389910.0,29,190,9,3,2585.0,9.2,497,15,13,409070,3389850,495,0,5,-81.75
513801,408960.0,3389910.0,29,190,9,3,2585.0,9.2,497,15,13,409090,3389910,496,0,5,-79.0
513801,408960.0,3389910.0,29,190,9,3,2585.0,9.2,497,15,13,409045,3389875,495,21,5,-88.2
513801,408960.0,3389910.0,29,190,9,3,2585.0,9.2,497,15,13,409020,3389820,495,0,5,-73.0
513801,408960.0,3389910.0,29,190,9,3,2585.0,9.2,497,15,13,408975,3389785,496,0,6,-75.76
513801,408960.0,3389910.0,29,190,9,3,2585.0,9.2,497,15,13,408985,3389775,496,0,6,-75.31
513801,408960.0,3389910.0,29,190,9,3,2585.0,9.2,497,15,13,409055,3389865,495,21,5,-94.22
513801,408960.0,3389910.0,29,190,9,3,2585.0,9.2,497,15,13,408980,3389780,496,0,6,-75.16
513801,408960.0,3389910.0,29,190,9,3,2585.0,9.2,497,15,13,408965,3389795,496,0,6,-79.14
513801,408960.0,3389910.0,29,190,9,3,2585.0,9.2,497,15,13,408970,3389790,496,0,6,-81.08
513801,408960.0,3389910.0,29,190,9,3,2585.0,9.2,497,15,13,408960,3389800,496,0,6,-84.34
513801,408960.0,3389910.0,29,190,9,3,2585.0,9.2,497,15,13,409010,3389830,495,6,5,-71.72
513801,408960.0,3389910.0,29,190,9,3,2585.0,9.2,497,15,13,409005,3389835,495,0,5,-70.88
513801,408960.0,3389910.0,29,190,9,3,2585.0,9.2,497,15,13,409000,3389840,496,0,5,-73.97
513801,408960.0,3389910.0,29,190,9,3,2585.0,9.2,497,15,13,409050,3389870,495,21,5,-100.29
513801,408960.0,3389910.0,29,190,9,3,2585.0,9.2,497,15,13,409065,3389855,495,0,5,-95.67
513801,408960.0,3389910.0,29,190,9,3,2585.0,9.2,497,15,13,409040,3389880,495,0,5,-72.2
513801,408960.0,3389910.0,29,190,9,3,2585.0,9.2,497,15,13,409060,3389860,495,0,13,-102.14
513801,408960.0,3389910.0,29,190,9,3,2585.0,9.2,497,15,13,409015,3389825,495,6,5,-71.83
513801,408960.0,3389910.0,29,190,9,3,2585.0,9.2,497,15,13,409025,3389815,495,0,5,-92.67
513801,408960.0,3389910.0,29,190,9,3,2585.0,9.2,497,15,13,409035,3389785,495,0,5,-76.5
513801,408960.0,3389910.0,29,190,9,3,2585.0,9.2,497,15,13,409050,3389890,496,21,13,-78.08
513801,408960.0,3389910.0,29,190,9,3,2585.0,9.2,497,15,13,408995,3389825,496,0,5,-74.74
513801,408960.0,3389910.0,29,190,9,3,2585.0,9.2,497,15,13,409075,3389905,496,18,5,-86.33
513801,408960.0,3389910.0,29,190,9,3,2585.0,9.2,497,15,13,409060,3389920,496,18,5,-72.8
513801,408960.0,3389910.0,29,190,9,3,2585.0,9.2,497,15,13,409045,3389895,496,21,13,-74.56
513801,408960.0,3389910.0,29,190,9,3,2585.0,9.2,497,15,13,408975,3389805,496,0,6,-77.59
513801,408960.0,3389910.0,29,190,9,3,2585.0,9.2,497,15,13,408960,3389820,496,0,6,-82.32
513801,408960.0,3389910.0,29,190,9,3,2585.0,9.2,497,15,13,408970,3389810,496,0,6,-80.54
513801,408960.0,3389910.0,29,190,9,3,2585.0,9.2,497,15,13,409000,3389780,495,0,6,-76.0
513801,408960.0,3389910.0,29,190,9,3,2585.0,9.2,497,15,13,408985,3389835,496,0,5,-75.97
513801,408960.0,3389910.0,29,190,9,3,2585.0,9.2,497,15,13,408965,3389815,496,0,6,-82.96
513801,408960.0,3389910.0,29,190,9,3,2585.0,9.2,497,15,13,408980,3389840,496,0,6,-81.05
513801,408960.0,3389910.0,29,190,9,3,2585.0,9.2,497,15,13,409040,3389900,496,0,12,-70.87
513801,408960.0,3389910.0,29,190,9,3,2585.0,9.2,497,15,13,408990,3389830,496,0,5,-75.49
513801,408960.0,3389910.0,29,190,9,3,2585.0,9.2,497,15,13,409070,3389910,496,18,5,-82.0
513801,408960.0,3389910.0,29,190,9,3,2585.0,9.2,497,15,13,409065,3389915,496,18,5,-77.67
513801,408960.0,3389910.0,29,190,9,3,2585.0,9.2,497,15,13,409080,3389860,496,0,5,-97.5
513801,408960.0,3389910.0,29,190,9,3,2585.0,9.2,497,15,13,408745,3389370,495,0,13,-87.0
513801,408960.0,3389910.0,29,190,9,3,2585.0,9.2,497,15,13,408720,3389385,497,0,5,-91.25
513801,408960.0,3389910.0,29,190,9,3,2585.0,9.2,497,15,13,408760,3389425,496,0,5,-90.18
513801,408960.0,3389910.0,29,190,9,3,2585.0,9.2,497,15,13,408770,3389435,496,0,5,-91.76
513801,408960.0,3389910.0,29,190,9,3,2585.0,9.2,497,15,13,408775,3389440,496,0,5,-91.94
513801,408960.0,3389910.0,29,190,9,3,2585.0,9.2,497,15,13,408750,3389375,495,0,13,-87.67
513801,408960.0,3389910.0,29,190,9,3,2585.0,9.2,497,15,13,408725,3389390,497,0,5,-93.4
513801,408960.0,3389910.0,29,190,9,3,2585.0,9.2,497,15,13,408765,3389430,496,0,13,-90.31
513801,408960.0,3389910.0,29,190,9,3,2585.0,9.2,497,15,13,408730,3389395,497,0,5,-90.82
513801,408960.0,3389910.0,29,190,9,3,2585.0,9.2,497,15,13,408740,3389365,495,0,13,-87.0
513801,408960.0,3389910.0,29,190,9,3,2585.0,9.2,497,15,13,408735,3389400,497,0,5,-93.68
513801,408960.0,3389910.0,29,190,9,3,2585.0,9.2,497,15,13,408755,3389380,495,0,13,-89.0
513801,408960.0,3389910.0,29,190,9,3,2585.0,9.2,497,15,13,408780,3389405,495,0,5,-82.5
513801,408960.0,3389910.0,29,190,9,3,2585.0,9.2,497,15,13,409190,3389415,497,0,13,-99.0
513801,408960.0,3389910.0,29,190,9,3,2585.0,9.2,497,15,13,409195,3389420,497,6,13,-100.0
513801,408960.0,3389910.0,29,190,9,3,2585.0,9.2,497,15,13,408305,3390135,502,0,13,-104.5
513801,408960.0,3389910.0,29,190,9,3,2585.0,9.2,497,15,13,409125,3389665,498,0,12,-82.0
513801,408960.0,3389910.0,29,190,9,3,2585.0,9.2,497,15,13,409140,3389650,499,0,5,-97.67
513801,408960.0,3389910.0,29,190,9,3,2585.0,9.2,497,15,13,408950,3389670,497,0,5,-87.0
513801,408960.0,3389910.0,29,190,9,3,2585.0,9.2,497,15,13,408925,3389655,497,0,5,-84.6
513801,408960.0,3389910.0,29,190,9,3,2585.0,9.2,497,15,13,408955,3389665,497,15,5,-96.0
513801,408960.0,3389910.0,29,190,9,3,2585.0,9.2,497,15,13,408895,3389605,495,5,13,-85.5
513801,408960.0,3389910.0,29,190,9,3,2585.0,9.2,497,15,13,408910,3389630,496,0,5,-85.71
513801,408960.0,3389910.0,29,190,9,3,2585.0,9.2,497,15,13,408880,3389620,496,0,5,-85.55
513801,408960.0,3389910.0,29,190,9,3,2585.0,9.2,497,15,13,408885,3389615,496,5,13,-85.88
513801,408960.0,3389910.0,29,190,9,3,2585.0,9.2,497,15,13,408945,3389675,498,0,12,-81.69
513801,408960.0,3389910.0,29,190,9,3,2585.0,9.2,497,15,13,408940,3389680,498,0,12,-82.19
513801,408960.0,3389910.0,29,190,9,3,2585.0,9.2,497,15,13,408785,3389515,495,0,6,-91.75
513801,408960.0,3389910.0,29,190,9,3,2585.0,9.2,497,15,13,408915,3389625,496,0,5,-83.4
513801,408960.0,3389910.0,29,190,9,3,2585.0,9.2,497,15,13,408750,3389470,497,0,6,-92.0
513801,408960.0,3389910.0,29,190,9,3,2585.0,9.2,497,15,13,408905,3389635,496,0,5,-82.0
513801,408960.0,3389910.0,29,190,9,3,2585.0,9.2,497,15,13,408920,3389660,497,0,5,-81.76
513801,408960.0,3389910.0,29,190,9,3,2585.0,9.2,497,15,13,408795,3389505,495,0,5,-87.7
513801,408960.0,3389910.0,29,190,9,3,2585.0,9.2,497,15,13,408790,3389510,495,0,5,-88.31
513801,408960.0,3389910.0,29,190,9,3,2585.0,9.2,497,15,13,408900,3389640,496,5,5,-83.92
513801,408960.0,3389910.0,29,190,9,3,2585.0,9.2,497,15,13,408755,3389465,496,0,6,-93.6
513801,408960.0,3389910.0,29,190,9,3,2585.0,9.2,497,15,13,408780,3389520,495,0,6,-86.0
513801,408960.0,3389910.0,29,190,9,3,2585.0,9.2,497,15,13,408770,3389490,495,0,6,-93.17
513801,408960.0,3389910.0,29,190,9,3,2585.0,9.2,497,15,13,408890,3389610,496,5,13,-85.16
513801,408960.0,3389910.0,29,190,9,3,2585.0,9.2,497,15,13,408930,3389650,497,0,12,-89.38
513801,408960.0,3389910.0,29,190,9,3,2585.0,9.2,497,15,13,408775,3389485,495,0,5,-90.92
513801,408960.0,3389910.0,29,190,9,3,2585.0,9.2,497,15,13,408765,3389400,495,12,6,-92.75
513801,408960.0,3389910.0,29,190,9,3,2585.0,9.2,497,15,13,408740,3389415,497,0,6,-91.05
513801,408960.0,3389910.0,29,190,9,3,2585.0,9.2,497,15,13,408745,3389420,497,0,5,-93.16
513801,408960.0,3389910.0,29,190,9,3,2585.0,9.2,497,15,13,408755,3389410,496,0,6,-90.95
513801,408960.0,3389910.0,29,190,9,3,2585.0,9.2,497,15,13,408750,3389405,496,0,6,-91.36
513801,408960.0,3389910.0,29,190,9,3,2585.0,9.2,497,15,13,408760,3389395,495,12,5,-88.31
513801,408960.0,3389910.0,29,190,9,3,2585.0,9.2,497,15,13,409005,3389710,497,0,5,-87.49
513801,408960.0,3389910.0,29,190,9,3,2585.0,9.2,497,15,13,408990,3389735,496,0,13,-82.44
513801,408960.0,3389910.0,29,190,9,3,2585.0,9.2,497,15,13,409060,3389645,498,21,13,-108.73
513801,408960.0,3389910.0,29,190,9,3,2585.0,9.2,497,15,13,409080,3389625,498,0,5,-113.5
513801,408960.0,3389910.0,29,190,9,3,2585.0,9.2,497,15,13,408970,3389755,496,0,13,-72.4
513801,408960.0,3389910.0,29,190,9,3,2585.0,9.2,497,15,13,409045,3389670,497,0,5,-99.56
513801,408960.0,3389910.0,29,190,9,3,2585.0,9.2,497,15,13,409025,3389690,497,0,13,-88.09
513801,408960.0,3389910.0,29,190,9,3,2585.0,9.2,497,15,13,409075,3389660,498,0,5,-104.5
513801,408960.0,3389910.0,29,190,9,3,2585.0,9.2,497,15,13,409055,3389680,497,0,13,-97.33
513801,408960.0,3389910.0,29,190,9,3,2585.0,9.2,497,15,13,408965,3389750,496,0,13,-81.57
513801,408960.0,3389910.0,29,190,9,3,2585.0,9.2,497,15,13,409050,3389675,497,0,5,-102.74
513801,408960.0,3389910.0,29,190,9,3,2585.0,9.2,497,15,13,409015,3389720,496,0,13,-87.26
513801,408960.0,3389910.0,29,190,9,3,2585.0,9.2,497,15,13,409020,3389685,497,0,13,-86.21
513801,408960.0,3389910.0,29,190,9,3,2585.0,9.2,497,15,13,409065,3389650,498,21,5,-103.35
513801,408960.0,3389910.0,29,190,9,3,2585.0,9.2,497,15,13,409090,3389635,498,0,13,-121.0
513801,408960.0,3389910.0,29,190,9,3,2585.0,9.2,497,15,13,409000,3389705,497,0,13,-84.23
513801,408960.0,3389910.0,29,190,9,3,2585.0,9.2,497,15,13,408985,3389730,497,0,5,-84.58
513801,408960.0,3389910.0,29,190,9,3,2585.0,9.2,497,15,13,408980,3389725,497,0,5,-83.87
513801,408960.0,3389910.0,29,190,9,3,2585.0,9.2,497,15,13,409095,3389640,498,0,13,-122.75
513801,408960.0,3389910.0,29,190,9,3,2585.0,9.2,497,15,13,408995,3389740,496,0,13,-82.08
513801,408960.0,3389910.0,29,190,9,3,2585.0,9.2,497,15,13,408960,3389745,497,0,5,-79.19
513801,408960.0,3389910.0,29,190,9,3,2585.0,9.2,497,15,13,409040,3389665,497,21,5,-104.62
513801,408960.0,3389910.0,29,190,9,3,2585.0,9.2,497,15,13,409070,3389655,498,0,5,-103.36
513801,408960.0,3389910.0,29,190,9,3,2585.0,9.2,497,15,13,409035,3389700,497,0,5,-95.11
513801,408960.0,3389910.0,29,190,9,3,2585.0,9.2,497,15,13,409010,3389715,497,0,13,-87.7
513801,408960.0,3389910.0,29,190,9,3,2585.0,9.2,497,15,13,409030,3389695,497,0,5,-95.85
513801,408960.0,3389910.0,29,190,9,3,2585.0,9.2,497,15,13,408975,3389760,496,0,13,-72.18
513801,408960.0,3389910.0,29,190,9,3,2585.0,9.2,497,15,13,409125,3389655,498,0,13,-122.67
513801,408960.0,3389910.0,29,190,9,3,2585.0,9.2,497,15,13,409120,3389660,498,0,13,-102.0
513801,408960.0,3389910.0,29,190,9,3,2585.0,9.2,497,15,13,409135,3389645,498,0,13,-97.5
513801,408960.0,3389910.0,29,190,9,3,2585.0,9.2,497,15,13,409090,3389630,498,0,13,-104.33
513801,408960.0,3389910.0,29,190,9,3,2585.0,9.2,497,15,13,408960,3389760,496,0,5,-82.97
513801,408960.0,3389910.0,29,190,9,3,2585.0,9.2,497,15,13,409065,3389655,498,0,5,-109.25
513801,408960.0,3389910.0,29,190,9,3,2585.0,9.2,497,15,13,409030,3389690,497,0,13,-95.82
513801,408960.0,3389910.0,29,190,9,3,2585.0,9.2,497,15,13,409070,3389650,498,0,5,-102.81
513801,408960.0,3389910.0,29,190,9,3,2585.0,9.2,497,15,13,409055,3389665,497,0,13,-107.91
513801,408960.0,3389910.0,29,190,9,3,2585.0,9.2,497,15,13,409045,3389675,497,0,5,-96.56
513801,408960.0,3389910.0,29,190,9,3,2585.0,9.2,497,15,13,409080,3389640,498,21,6,-105.57
513801,408960.0,3389910.0,29,190,9,3,2585.0,9.2,497,15,13,409000,3389720,497,0,5,-86.41
513801,408960.0,3389910.0,29,190,9,3,2585.0,9.2,497,15,13,409010,3389710,497,0,5,-90.97
513801,408960.0,3389910.0,29,190,9,3,2585.0,9.2,497,15,13,409005,3389715,497,0,5,-87.72
513801,408960.0,3389910.0,29,190,9,3,2585.0,9.2,497,15,13,408965,3389755,496,0,5,-76.44
513801,408960.0,3389910.0,29,190,9,3,2585.0,9.2,497,15,13,409020,3389700,497,0,5,-89.98
513801,408960.0,3389910.0,29,190,9,3,2585.0,9.2,497,15,13,409035,3389685,497,0,5,-95.54
513801,408960.0,3389910.0,29,190,9,3,2585.0,9.2,497,15,13,409060,3389660,497,0,13,-108.41
513801,408960.0,3389910.0,29,190,9,3,2585.0,9.2,497,15,13,409025,3389695,497,0,5,-92.29
513801,408960.0,3389910.0,29,190,9,3,2585.0,9.2,497,15,13,409040,3389680,497,0,5,-94.05
513801,408960.0,3389910.0,29,190,9,3,2585.0,9.2,497,15,13,408985,3389735,496,0,13,-82.78
513801,408960.0,3389910.0,29,190,9,3,2585.0,9.2,497,15,13,408975,3389745,496,0,13,-77.45
513801,408960.0,3389910.0,29,190,9,3,2585.0,9.2,497,15,13,409050,3389670,497,0,5,-115.1
513801,408960.0,3389910.0,29,190,9,3,2585.0,9.2,497,15,13,408995,3389725,497,0,5,-85.86
513801,408960.0,3389910.0,29,190,9,3,2585.0,9.2,497,15,13,409075,3389645,498,21,5,-108.27
513801,408960.0,3389910.0,29,190,9,3,2585.0,9.2,497,15,13,408980,3389740,496,0,13,-78.81
513801,408960.0,3389910.0,29,190,9,3,2585.0,9.2,497,15,13,408970,3389750,496,0,13,-74.07
513801,408960.0,3389910.0,29,190,9,3,2585.0,9.2,497,15,13,408990,3389730,497,0,5,-86.31
513801,408960.0,3389910.0,29,190,9,3,2585.0,9.2,497,15,13,409015,3389705,497,0,5,-91.83
513801,408960.0,3389910.0,29,190,9,3,2585.0,9.2,497,15,13,409085,3389635,498,9,13,-117.6
513801,408960.0,3389910.0,29,190,9,3,2585.0,9.2,497,15,13,409095,3390085,497,0,6,-95.92
513801,408960.0,3389910.0,29,190,9,3,2585.0,9.2,497,15,13,409085,3390095,497,0,5,-93.0
513801,408960.0,3389910.0,29,190,9,3,2585.0,9.2,497,15,13,409115,3390105,496,0,6,-97.4
513801,408960.0,3389910.0,29,190,9,3,2585.0,9.2,497,15,13,409090,3390090,497,0,6,-93.0
513801,408960.0,3389910.0,29,190,9,3,2585.0,9.2,497,15,13,409110,3390110,496,12,6,-95.75
513801,408960.0,3389910.0,29,190,9,3,2585.0,9.2,497,15,13,408480,3388905,495,0,5,-99.33
513801,408960.0,3389910.0,29,190,9,3,2585.0,9.2,497,15,13,408485,3388910,495,0,5,-87.67
513801,408960.0,3389910.0,29,190,9,3,2585.0,9.2,497,15,13,408475,3388910,495,0,5,-95.0
513801,408960.0,3389910.0,29,190,9,3,2585.0,9.2,497,15,13,408515,3388970,494,0,5,-103.0
513801,408960.0,3389910.0,29,190,9,3,2585.0,9.2,497,15,13,408510,3388965,494,0,5,-113.0
513801,408960.0,3389910.0,29,190,9,3,2585.0,9.2,497,15,13,408850,3389635,495,0,6,-84.13
513801,408960.0,3389910.0,29,190,9,3,2585.0,9.2,497,15,13,408930,3389715,497,0,5,-82.18
513801,408960.0,3389910.0,29,190,9,3,2585.0,9.2,497,15,13,408950,3389695,498,0,5,-77.41
513801,408960.0,3389910.0,29,190,9,3,2585.0,9.2,497,15,13,408860,3389605,495,0,5,-85.08
513801,408960.0,3389910.0,29,190,9,3,2585.0,9.2,497,15,13,408870,3389615,495,0,5,-85.66
513801,408960.0,3389910.0,29,190,9,3,2585.0,9.2,497,15,13,408905,3389730,496,0,6,-90.96
513801,408960.0,3389910.0,29,190,9,3,2585.0,9.2,497,15,13,408935,3389720,497,0,5,-82.34
513801,408960.0,3389910.0,29,190,9,3,2585.0,9.2,497,15,13,408900,3389725,496,0,6,-92.44
513801,408960.0,3389910.0,29,190,9,3,2585.0,9.2,497,15,13,408910,3389735,496,0,6,-86.73
513801,408960.0,3389910.0,29,190,9,3,2585.0,9.2,497,15,13,408855,3389640,495,0,6,-87.1
513801,408960.0,3389910.0,29,190,9,3,2585.0,9.2,497,15,13,408955,3389700,498,0,5,-77.91
513801,408960.0,3389910.0,29,190,9,3,2585.0,9.2,497,15,13,408945,3389690,498,0,12,-79.19
513801,408960.0,3389910.0,29,190,9,3,2585.0,9.2,497,15,13,408940,3389685,498,0,12,-80.67
513801,408960.0,3389910.0,29,190,9,3,2585.0,9.2,497,15,13,408875,3389620,495,0,5,-85.19
513801,408960.0,3389910.0,29,190,9,3,2585.0,9.2,497,15,13,408920,3389705,497,0,5,-81.82
513801,408960.0,3389910.0,29,190,9,3,2585.0,9.2,497,15,13,408925,3389710,497,0,5,-81.94
513801,408960.0,3389910.0,29,190,9,3,2585.0,9.2,497,15,13,408795,3389540,495,0,6,-88.33
513801,408960.0,3389910.0,29,190,9,3,2585.0,9.2,497,15,13,408785,3389530,495,0,6,-91.33
513801,408960.0,3389910.0,29,190,9,3,2585.0,9.2,497,15,13,408865,3389610,495,0,5,-84.31
513801,408960.0,3389910.0,29,190,9,3,2585.0,9.2,497,15,13,408845,3389630,495,0,6,-91.0
513801,408960.0,3389910.0,29,190,9,3,2585.0,9.2,497,15,13,408915,3389740,496,0,6,-98.19
513801,408960.0,3389910.0,29,190,9,3,2585.0,9.2,497,15,13,408840,3389625,495,0,6,-84.8
513801,408960.0,3389910.0,29,190,9,3,2585.0,9.2,497,15,13,408885,3389750,495,21,5,-111.67
513801,408960.0,3389910.0,29,190,9,3,2585.0,9.2,497,15,13,408665,3389240,497,0,5,-92.0
513801,408960.0,3389910.0,29,190,9,3,2585.0,9.2,497,15,13,409195,3389910,500,0,5,-117.0
513801,408960.0,3389910.0,29,190,9,3,2585.0,9.2,497,15,13,409105,3390000,498,0,5,-88.67
513801,408960.0,3389910.0,29,190,9,3,2585.0,9.2,497,15,13,409070,3389945,496,0,12,-76.79
513801,408960.0,3389910.0,29,190,9,3,2585.0,9.2,497,15,13,409085,3389980,497,0,5,-82.0
513801,408960.0,3389910.0,29,190,9,3,2585.0,9.2,497,15,13,409080,3389975,497,0,5,-78.85
513801,408960.0,3389910.0,29,190,9,3,2585.0,9.2,497,15,13,409075,3389950,497,0,5,-73.07
513801,408960.0,3389910.0,29,190,9,3,2585.0,9.2,497,15,13,409060,3389955,496,0,5,-77.84
513801,408960.0,3389910.0,29,190,9,3,2585.0,9.2,497,15,13,409045,3389940,496,0,12,-77.13
513801,408960.0,3389910.0,29,190,9,3,2585.0,9.2,497,15,13,409040,3389935,496,0,5,-75.1
513801,408960.0,3389910.0,29,190,9,3,2585.0,9.2,497,15,13,409065,3389960,497,0,5,-77.53
513801,408960.0,3389910.0,29,190,9,3,2585.0,9.2,497,15,13,409050,3389925,496,0,12,-72.58
513801,408960.0,3389910.0,29,190,9,3,2585.0,9.2,497,15,13,409055,3389930,496,0,12,-73.84
513801,408960.0,3389910.0,29,190,9,3,2585.0,9.2,497,15,13,409100,3389995,498,0,13,-83.83
513801,408960.0,3389910.0,29,190,9,3,2585.0,9.2,497,15,13,409245,3389820,500,0,5,-103.0
513801,408960.0,3389910.0,29,190,9,3,2585.0,9.2,497,15,13,409110,3389985,497,6,13,-93.0
513801,408960.0,3389910.0,29,190,9,3,2585.0,9.2,497,15,13,409220,3389795,500,0,12,-125.5
513801,408960.0,3389910.0,29,190,9,3,2585.0,9.2,497,15,13,409115,3389990,497,0,13,-92.5
513801,408960.0,3389910.0,29,190,9,3,2585.0,9.2,497,15,13,409140,3389620,499,0,5,-128.0
513801,408960.0,3389910.0,29,190,9,3,2585.0,9.2,497,15,13,409150,3389610,499,0,13,-108.0
513801,408960.0,3389910.0,29,190,9,3,2585.0,9.2,497,15,13,409125,3389635,498,0,5,-113.14
513801,408960.0,3389910.0,29,190,9,3,2585.0,9.2,497,15,13,409135,3389625,499,0,13,-118.5
513801,408960.0,3389910.0,29,190,9,3,2585.0,9.2,497,15,13,409120,3389640,498,0,5,-122.0
513801,408960.0,3389910.0,29,190,9,3,2585.0,9.2,497,15,13,409145,3389615,499,0,5,-118.5
513801,408960.0,3389910.0,29,190,9,3,2585.0,9.2,497,15,13,409130,3389630,499,0,5,-124.0
513801,408960.0,3389910.0,29,190,9,3,2585.0,9.2,497,15,13,409260,3389740,500,0,5,-100.0
513801,408960.0,3389910.0,29,190,9,3,2585.0,9.2,497,15,13,409250,3389750,499,0,13,-109.0
513801,408960.0,3389910.0,29,190,9,3,2585.0,9.2,497,15,13,409245,3389755,499,0,13,-124.0
513801,408960.0,3389910.0,29,190,9,3,2585.0,9.2,497,15,13,409070,3389885,496,21,13,-90.5
513801,408960.0,3389910.0,29,190,9,3,2585.0,9.2,497,15,13,409090,3389865,496,0,13,-97.0
513801,408960.0,3389910.0,29,190,9,3,2585.0,9.2,497,15,13,409125,3390000,498,0,13,-90.5
513801,408960.0,3389910.0,29,190,9,3,2585.0,9.2,497,15,13,408970,3389825,496,0,6,-82.34
513801,408960.0,3389910.0,29,190,9,3,2585.0,9.2,497,15,13,408995,3389810,496,0,5,-74.3
513801,408960.0,3389910.0,29,190,9,3,2585.0,9.2,497,15,13,409040,3389915,496,0,12,-73.86
513801,408960.0,3389910.0,29,190,9,3,2585.0,9.2,497,15,13,408990,3389805,496,0,6,-75.95
513801,408960.0,3389910.0,29,190,9,3,2585.0,9.2,497,15,13,408980,3389815,496,0,6,-76.95
513801,408960.0,3389910.0,29,190,9,3,2585.0,9.2,497,15,13,409045,3389920,496,0,12,-73.71
513801,408960.0,3389910.0,29,190,9,3,2585.0,9.2,497,15,13,409000,3389795,495,0,6,-78.85
513801,408960.0,3389910.0,29,190,9,3,2585.0,9.2,497,15,13,408975,3389830,496,0,6,-83.37
513801,408960.0,3389910.0,29,190,9,3,2585.0,9.2,497,15,13,408985,3389820,496,0,6,-76.33
513801,408960.0,3389910.0,29,190,9,3,2585.0,9.2,497,15,13,409050,3389905,496,0,5,-71.13
513801,408960.0,3389910.0,29,190,9,3,2585.0,9.2,497,15,13,409055,3389910,496,0,5,-69.54
513801,408960.0,3389910.0,29,190,9,3,2585.0,9.2,497,15,13,408960,3389835,496,15,6,-84.84
513801,408960.0,3389910.0,29,190,9,3,2585.0,9.2,497,15,13,409005,3389800,495,6,6,-76.17
513801,408960.0,3389910.0,29,190,9,3,2585.0,9.2,497,15,13,408965,3389840,496,15,6,-82.09
513801,408960.0,3389910.0,29,190,9,3,2585.0,9.2,497,15,13,409135,3389990,497,0,5,-83.5
513801,408960.0,3389910.0,29,190,9,3,2585.0,9.2,497,15,13,409100,3389855,496,0,5,-95.67
513801,408960.0,3389910.0,29,190,9,3,2585.0,9.2,497,15,13,409075,3389890,496,0,5,-77.5
513801,408960.0,3389910.0,29,190,9,3,2585.0,9.2,497,15,13,409120,3389995,498,0,5,-101.0
513801,408960.0,3389910.0,29,190,9,3,2585.0,9.2,497,15,13,408920,3389800,496,0,6,-116.6
513801,408960.0,3389910.0,29,190,9,3,2585.0,9.2,497,15,13,409170,3390190,497,0,6,-101.0
513801,408960.0,3389910.0,29,190,9,3,2585.0,9.2,497,15,13,408935,3389785,496,0,6,-96.06
513801,408960.0,3389910.0,29,190,9,3,2585.0,9.2,497,15,13,409205,3390155,496,0,10,-96.07
513801,408960.0,3389910.0,29,190,9,3,2585.0,9.2,497,15,13,408945,3389775,496,0,5,-84.96
513801,408960.0,3389910.0,29,190,9,3,2585.0,9.2,497,15,13,408940,3389780,496,0,6,-92.27
513801,408960.0,3389910.0,29,190,9,3,2585.0,9.2,497,15,13,409220,3390140,496,0,5,-94.75
513801,408960.0,3389910.0,29,190,9,3,2585.0,9.2,497,15,13,408930,3389790,496,0,6,-94.86
513801,408960.0,3389910.0,29,190,9,3,2585.0,9.2,497,15,13,409185,3390175,497,0,5,-101.93
513801,408960.0,3389910.0,29,190,9,3,2585.0,9.2,497,15,13,409180,3390180,497,0,5,-101.25
513801,408960.0,3389910.0,29,190,9,3,2585.0,9.2,497,15,13,408950,3389770,496,0,5,-80.94
513801,408960.0,3389910.0,29,190,9,3,2585.0,9.2,497,15,13,409175,3390185,497,0,5,-103.7
513801,408960.0,3389910.0,29,190,9,3,2585.0,9.2,497,15,13,408955,3389765,496,0,5,-80.3
513801,408960.0,3389910.0,29,190,9,3,2585.0,9.2,497,15,13,409195,3390165,497,0,10,-100.68
513801,408960.0,3389910.0,29,190,9,3,2585.0,9.2,497,15,13,409200,3390160,497,0,10,-100.3
513801,408960.0,3389910.0,29,190,9,3,2585.0,9.2,497,15,13,409190,3390170,497,0,5,-103.03
513801,408960.0,3389910.0,29,190,9,3,2585.0,9.2,497,15,13,408925,3389795,496,0,6,-96.56
513801,408960.0,3389910.0,29,190,9,3,2585.0,9.2,497,15,13,409165,3390195,497,18,6,-97.0
513801,408960.0,3389910.0,29,190,9,3,2585.0,9.2,497,15,13,409210,3390150,496,0,10,-97.0
513801,408960.0,3389910.0,29,190,9,3,2585.0,9.2,497,15,13,409215,3390145,496,0,10,-93.75
513801,408960.0,3389910.0,29,190,9,3,2585.0,9.2,497,15,13,409235,3389900,501,21,5,-123.0
513801,408960.0,3389910.0,29,190,9,3,2585.0,9.2,497,15,13,409200,3389905,501,21,5,-113.5
513801,408960.0,3389910.0,29,190,9,3,2585.0,9.2,497,15,13,409075,3390060,498,0,6,-93.5
513801,408960.0,3389910.0,29,190,9,3,2585.0,9.2,497,15,13,409005,3389950,497,0,5,-84.75
513801,408960.0,3389910.0,29,190,9,3,2585.0,9.2,497,15,13,409115,3390020,498,12,5,-88.11
513801,408960.0,3389910.0,29,190,9,3,2585.0,9.2,497,15,13,409240,3389865,502,0,12,-117.63
513801,408960.0,3389910.0,29,190,9,3,2585.0,9.2,497,15,13,409025,3389930,496,0,6,-78.43
513801,408960.0,3389910.0,29,190,9,3,2585.0,9.2,497,15,13,409080,3390025,498,0,5,-83.55
513801,408960.0,3389910.0,29,190,9,3,2585.0,9.2,497,15,13,409105,3390010,498,12,5,-90.33
513801,408960.0,3389910.0,29,190,9,3,2585.0,9.2,497,15,13,409035,3389940,496,0,5,-76.82
513801,408960.0,3389910.0,29,190,9,3,2585.0,9.2,497,15,13,409015,3389960,497,24,6,-70.0
513801,408960.0,3389910.0,29,190,9,3,2585.0,9.2,497,15,13,409000,3389945,497,0,5,-84.25
513801,408960.0,3389910.0,29,190,9,3,2585.0,9.2,497,15,13,409030,3389935,496,0,5,-75.16
513801,408960.0,3389910.0,29,190,9,3,2585.0,9.2,497,15,13,409020,3389925,496,0,6,-75.82
513801,408960.0,3389910.0,29,190,9,3,2585.0,9.2,497,15,13,409100,3390005,498,0,5,-81.5
513801,408960.0,3389910.0,29,190,9,3,2585.0,9.2,497,15,13,409085,3390030,498,0,5,-86.42
513801,408960.0,3389910.0,29,190,9,3,2585.0,9.2,497,15,13,409095,3390040,498,0,5,-92.74
513801,408960.0,3389910.0,29,190,9,3,2585.0,9.2,497,15,13,409090,3390035,498,0,5,-87.05
513801,408960.0,3389910.0,29,190,9,3,2585.0,9.2,497,15,13,409110,3390015,498,12,5,-87.5
513801,408960.0,3389910.0,29,190,9,3,2585.0,9.2,497,15,13,409245,3389870,501,0,12,-115.75
513801,408960.0,3389910.0,29,190,9,3,2585.0,9.2,497,15,13,409010,3389955,497,0,5,-80.73
513801,408960.0,3389910.0,29,190,9,3,2585.0,9.2,497,15,13,409065,3390050,498,0,6,-83.5
513801,408960.0,3389910.0,29,190,9,3,2585.0,9.2,497,15,13,409250,3389875,501,0,5,-113.0
513801,408960.0,3389910.0,29,190,9,3,2585.0,9.2,497,15,13,409220,3390180,498,0,5,-85.0
513801,408960.0,3389910.0,29,190,9,3,2585.0,9.2,497,15,13,409230,3390170,497,0,5,-102.0
513801,408960.0,3389910.0,29,190,9,3,2585.0,9.2,497,15,13,409130,3390110,496,0,5,-100.19
513801,408960.0,3389910.0,29,190,9,3,2585.0,9.2,497,15,13,409190,3390130,495,0,10,-93.82
513801,408960.0,3389910.0,29,190,9,3,2585.0,9.2,497,15,13,409125,3390115,496,0,6,-94.33
513801,408960.0,3389910.0,29,190,9,3,2585.0,9.2,497,15,13,409120,3390120,496,0,6,-100.2
513801,408960.0,3389910.0,29,190,9,3,2585.0,9.2,497,15,13,409160,3390160,496,0,5,-101.96
513801,408960.0,3389910.0,29,190,9,3,2585.0,9.2,497,15,13,409140,3390100,496,0,12,-98.17
513801,408960.0,3389910.0,29,190,9,3,2585.0,9.2,497,15,13,409165,3390155,496,0,5,-103.73
513801,408960.0,3389910.0,29,190,9,3,2585.0,9.2,497,15,13,409150,3390090,496,0,5,-93.42
513801,408960.0,3389910.0,29,190,9,3,2585.0,9.2,497,15,13,409145,3390095,496,0,12,-95.37
513801,408960.0,3389910.0,29,190,9,3,2585.0,9.2,497,15,13,409135,3390105,496,0,12,-99.78
513801,408960.0,3389910.0,29,190,9,3,2585.0,9.2,497,15,13,409210,3390190,498,0,5,-101.75
513801,408960.0,3389910.0,29,190,9,3,2585.0,9.2,497,15,13,409170,3390150,496,0,5,-103.28
513801,408960.0,3389910.0,29,190,9,3,2585.0,9.2,497,15,13,409175,3390145,496,0,5,-100.19
513801,408960.0,3389910.0,29,190,9,3,2585.0,9.2,497,15,13,409205,3390195,498,0,5,-106.64
513801,408960.0,3389910.0,29,190,9,3,2585.0,9.2,497,15,13,409155,3390085,496,0,5,-89.57
513801,408960.0,3389910.0,29,190,9,3,2585.0,9.2,497,15,13,409200,3390200,498,0,5,-105.5
513801,408960.0,3389910.0,29,190,9,3,2585.0,9.2,497,15,13,409180,3390140,496,0,10,-97.55
513801,408960.0,3389910.0,29,190,9,3,2585.0,9.2,497,15,13,409185,3390135,496,0,10,-96.63
513801,408960.0,3389910.0,29,190,9,3,2585.0,9.2,497,15,13,409195,3390125,495,0,10,-90.63
513801,408960.0,3389910.0,29,190,9,3,2585.0,9.2,497,15,13,409235,3390165,497,0,5,-99.8
513801,408960.0,3389910.0,29,190,9,3,2585.0,9.2,497,15,13,408980,3389675,497,0,5,-79.67
513801,408960.0,3389910.0,29,190,9,3,2585.0,9.2,497,15,13,408985,3389680,497,15,5,-91.0
513801,408960.0,3389910.0,29,190,9,3,2585.0,9.2,497,15,13,409080,3389695,497,0,12,-103.36
513801,408960.0,3389910.0,29,190,9,3,2585.0,9.2,497,15,13,408995,3389670,497,0,5,-87.5
513801,408960.0,3389910.0,29,190,9,3,2585.0,9.2,497,15,13,409095,3389690,497,0,5,-126.0
513801,408960.0,3389910.0,29,190,9,3,2585.0,9.2,497,15,13,409090,3389685,497,0,5,-111.78
513801,408960.0,3389910.0,29,190,9,3,2585.0,9.2,497,15,13,408990,3389665,497,0,5,-101.25
513801,408960.0,3389910.0,29,190,9,3,2585.0,9.2,497,15,13,408960,3389655,497,0,5,-88.0
513801,408960.0,3389910.0,29,190,9,3,2585.0,9.2,497,15,13,408905,3389795,496,0,5,-93.5
513801,408960.0,3389910.0,29,190,9,3,2585.0,9.2,497,15,13,408925,3389815,496,0,6,-105.5
513801,408960.0,3389910.0,29,190,9,3,2585.0,9.2,497,15,13,408930,3389810,496,0,6,-90.5
513801,408960.0,3389910.0,29,190,9,3,2585.0,9.2,497,15,13,408890,3389770,495,0,12,-111.0
513801,408960.0,3389910.0,29,190,9,3,2585.0,9.2,497,15,13,408900,3389800,496,0,5,-118.5
513801,408960.0,3389910.0,29,190,9,3,2585.0,9.2,497,15,13,408945,3389835,497,0,6,-89.7
513801,408960.0,3389910.0,29,190,9,3,2585.0,9.2,497,15,13,408920,3389820,496,0,6,-83.0
513801,408960.0,3389910.0,29,190,9,3,2585.0,9.2,497,15,13,408915,3389785,496,0,6,-98.18
513801,408960.0,3389910.0,29,190,9,3,2585.0,9.2,497,15,13,408935,3389805,496,0,6,-91.04
513801,408960.0,3389910.0,29,190,9,3,2585.0,9.2,497,15,13,408950,3389830,496,15,6,-88.13
513801,408960.0,3389910.0,29,190,9,3,2585.0,9.2,497,15,13,408955,3389825,496,15,6,-86.92
513801,408960.0,3389910.0,29,190,9,3,2585.0,9.2,497,15,13,409135,3390165,496,18,6,-101.5
513801,408960.0,3389910.0,29,190,9,3,2585.0,9.2,497,15,13,409175,3390205,498,0,6,-103.0
513801,408960.0,3389910.0,29,190,9,3,2585.0,9.2,497,15,13,408940,3389840,497,6,6,-76.5
513801,408960.0,3389910.0,29,190,9,3,2585.0,9.2,497,15,13,409110,3390120,496,51,6,-100.33
513801,408960.0,3389910.0,29,190,9,3,2585.0,9.2,497,15,13,409095,3390095,497,0,6,-95.6
513801,408960.0,3389910.0,29,190,9,3,2585.0,9.2,497,15,13,409115,3390115,496,12,6,-100.5
513801,408960.0,3389910.0,29,190,9,3,2585.0,9.2,497,15,13,409085,3390085,498,0,6,-97.0
513801,408960.0,3389910.0,29,190,9,3,2585.0,9.2,497,15,13,409080,3390090,498,0,5,-105.0
513801,408960.0,3389910.0,29,190,9,3,2585.0,9.2,497,15,13,409100,3390110,497,51,6,-100.67
513801,408960.0,3389910.0,29,190,9,3,2585.0,9.2,497,15,13,409090,3389715,497,9,5,-120.0
513801,408960.0,3389910.0,29,190,9,3,2585.0,9.2,497,15,13,408995,3389660,497,0,5,-91.25
513801,408960.0,3389910.0,29,190,9,3,2585.0,9.2,497,15,13,409105,3389690,497,0,6,-118.0
513801,408960.0,3389910.0,29,190,9,3,2585.0,9.2,497,15,13,408990,3389655,497,0,5,-109.08
513801,408960.0,3389910.0,29,190,9,3,2585.0,9.2,497,15,13,408975,3389680,498,0,5,-87.25
513801,408960.0,3389910.0,29,190,9,3,2585.0,9.2,497,15,13,408965,3389670,497,0,5,-97.0
513801,408960.0,3389910.0,29,190,9,3,2585.0,9.2,497,15,13,408985,3389650,497,15,13,-97.5
513801,408960.0,3389910.0,29,190,9,3,2585.0,9.2,497,15,13,409155,3390035,497,21,5,-94.5
513801,408960.0,3389910.0,29,190,9,3,2585.0,9.2,497,15,13,409210,3389940,499,0,12,-122.5
513801,408960.0,3389910.0,29,190,9,3,2585.0,9.2,497,15,13,408980,3389870,496,0,6,-79.25
513801,408960.0,3389910.0,29,190,9,3,2585.0,9.2,497,15,13,409020,3389910,496,0,5,-74.82
513801,408960.0,3389910.0,29,190,9,3,2585.0,9.2,497,15,13,409130,3390020,498,0,5,-90.75
513801,408960.0,3389910.0,29,190,9,3,2585.0,9.2,497,15,13,408990,3389880,496,0,6,-81.42
513801,408960.0,3389910.0,29,190,9,3,2585.0,9.2,497,15,13,409070,3389800,495,0,5,-94.0
513801,408960.0,3389910.0,29,190,9,3,2585.0,9.2,497,15,13,409010,3389900,496,0,5,-78.46
513801,408960.0,3389910.0,29,190,9,3,2585.0,9.2,497,15,13,408970,3389860,496,6,6,-84.31
513801,408960.0,3389910.0,29,190,9,3,2585.0,9.2,497,15,13,409015,3389895,496,0,5,-75.2
513801,408960.0,3389910.0,29,190,9,3,2585.0,9.2,497,15,13,409005,3389885,496,0,5,-79.91
513801,408960.0,3389910.0,29,190,9,3,2585.0,9.2,497,15,13,409000,3389890,496,0,6,-79.77
513801,408960.0,3389910.0,29,190,9,3,2585.0,9.2,497,15,13,408995,3389875,496,0,6,-81.01
513801,408960.0,3389910.0,29,190,9,3,2585.0,9.2,497,15,13,409030,3389920,496,0,5,-75.86
513801,408960.0,3389910.0,29,190,9,3,2585.0,9.2,497,15,13,409025,3389905,496,0,5,-74.7
513801,408960.0,3389910.0,29,190,9,3,2585.0,9.2,497,15,13,409035,3389915,496,0,12,-75.89
513801,408960.0,3389910.0,29,190,9,3,2585.0,9.2,497,15,13,408975,3389855,496,0,6,-81.33
513801,408960.0,3389910.0,29,190,9,3,2585.0,9.2,497,15,13,408985,3389865,496,0,6,-82.28
513801,408960.0,3389910.0,29,190,9,3,2585.0,9.2,497,15,13,408960,3389850,496,0,6,-81.86
513801,408960.0,3389910.0,29,190,9,3,2585.0,9.2,497,15,13,408965,3389845,496,0,6,-80.61
513801,408960.0,3389910.0,29,190,9,3,2585.0,9.2,497,15,13,409145,3390025,497,0,5,-98.5
513801,408960.0,3389910.0,29,190,9,3,2585.0,9.2,497,15,13,409050,3389780,495,0,5,-102.33
513801,408960.0,3389910.0,29,190,9,3,2585.0,9.2,497,15,13,409245,3389910,500,0,12,-114.5
513801,408960.0,3389910.0,29,190,9,3,2585.0,9.2,497,15,13,408980,3389925,497,21,5,-85.0
513801,408960.0,3389910.0,29,190,9,3,2585.0,9.2,497,15,13,408985,3389930,497,21,5,-102.5
513801,408960.0,3389910.0,29,190,9,3,2585.0,9.2,497,15,13,409235,3389860,501,0,12,-109.0
513801,408960.0,3389910.0,29,190,9,3,2585.0,9.2,497,15,13,409075,3390020,498,0,5,-81.25
513801,408960.0,3389910.0,29,190,9,3,2585.0,9.2,497,15,13,409020,3389965,497,24,6,-85.5
513801,408960.0,3389910.0,29,190,9,3,2585.0,9.2,497,15,13,409025,3389970,497,24,6,-76.0
513801,408960.0,3389910.0,29,190,9,3,2585.0,9.2,497,15,13,409070,3390015,498,0,6,-80.4
513801,408960.0,3389910.0,29,190,9,3,2585.0,9.2,497,15,13,409060,3390005,498,0,6,-81.67
513801,408960.0,3389910.0,29,190,9,3,2585.0,9.2,497,15,13,409095,3390080,497,0,6,-94.14
513801,408960.0,3389910.0,29,190,9,3,2585.0,9.2,497,15,13,409035,3389980,497,21,6,-77.0
513801,408960.0,3389910.0,29,190,9,3,2585.0,9.2,497,15,13,409105,3390050,498,0,5,-92.32
513801,408960.0,3389910.0,29,190,9,3,2585.0,9.2,497,15,13,409030,3389975,497,24,6,-87.0
513801,408960.0,3389910.0,29,190,9,3,2585.0,9.2,497,15,13,409100,3390045,498,0,13,-90.89
513801,408960.0,3389910.0,29,190,9,3,2585.0,9.2,497,15,13,409085,3390070,498,18,6,-91.0
513801,408960.0,3389910.0,29,190,9,3,2585.0,9.2,497,15,13,409115,3390060,497,0,13,-93.69
513801,408960.0,3389910.0,29,190,9,3,2585.0,9.2,497,15,13,409110,3390055,498,0,5,-93.45
513801,408960.0,3389910.0,29,190,9,3,2585.0,9.2,497,15,13,409065,3390010,498,0,6,-78.71
513801,408960.0,3389910.0,29,190,9,3,2585.0,9.2,497,15,13,409090,3390075,498,0,6,-92.13
513801,408960.0,3389910.0,29,190,9,3,2585.0,9.2,497,15,13,409185,3389810,499,0,5,-128.0
513801,408960.0,3389910.0,29,190,9,3,2585.0,9.2,497,15,13,408295,3390130,502,0,5,-104.5
513801,408960.0,3389910.0,29,190,9,3,2585.0,9.2,497,15,13,408960,3389845,496,0,6,-81.82
513801,408960.0,3389910.0,29,190,9,3,2585.0,9.2,497,15,13,409120,3390005,498,0,13,-95.0
513801,408960.0,3389910.0,29,190,9,3,2585.0,9.2,497,15,13,408985,3389870,496,0,6,-81.93
513801,408960.0,3389910.0,29,190,9,3,2585.0,9.2,497,15,13,408975,3389860,496,0,6,-80.25
513801,408960.0,3389910.0,29,190,9,3,2585.0,9.2,497,15,13,408965,3389850,496,6,6,-81.29
513801,408960.0,3389910.0,29,190,9,3,2585.0,9.2,497,15,13,409195,3390080,496,60,12,-98.67
513801,408960.0,3389910.0,29,190,9,3,2585.0,9.2,497,15,13,408995,3389880,496,0,6,-80.6
513801,408960.0,3389910.0,29,190,9,3,2585.0,9.2,497,15,13,409000,3389885,496,0,6,-80.96
513801,408960.0,3389910.0,29,190,9,3,2585.0,9.2,497,15,13,409015,3389900,496,0,5,-75.03
513801,408960.0,3389910.0,29,190,9,3,2585.0,9.2,497,15,13,409035,3389920,496,0,5,-75.78
513801,408960.0,3389910.0,29,190,9,3,2585.0,9.2,497,15,13,408980,3389865,496,0,6,-81.14
513801,408960.0,3389910.0,29,190,9,3,2585.0,9.2,497,15,13,409030,3389915,496,0,5,-75.96
513801,408960.0,3389910.0,29,190,9,3,2585.0,9.2,497,15,13,408970,3389855,496,6,6,-81.79
513801,408960.0,3389910.0,29,190,9,3,2585.0,9.2,497,15,13,409025,3389910,496,0,5,-74.99
513801,408960.0,3389910.0,29,190,9,3,2585.0,9.2,497,15,13,409170,3390055,496,0,5,-99.0
513801,408960.0,3389910.0,29,190,9,3,2585.0,9.2,497,15,13,409010,3389895,496,0,5,-76.51
513801,408960.0,3389910.0,29,190,9,3,2585.0,9.2,497,15,13,409005,3389890,496,0,5,-79.46
513801,408960.0,3389910.0,29,190,9,3,2585.0,9.2,497,15,13,409020,3389905,496,0,5,-74.19
513801,408960.0,3389910.0,29,190,9,3,2585.0,9.2,497,15,13,408990,3389875,496,0,6,-80.04
513801,408960.0,3389910.0,29,190,9,3,2585.0,9.2,497,15,13,409140,3390025,497,6,5,-90.75
513801,408960.0,3389910.0,29,190,9,3,2585.0,9.2,497,15,13,409145,3390030,497,0,5,-97.0
513801,408960.0,3389910.0,29,190,9,3,2585.0,9.2,497,15,13,409135,3390020,498,6,5,-80.0
513801,408960.0,3389910.0,29,190,9,3,2585.0,9.2,497,15,13,409150,3390035,497,21,5,-95.0
513801,408960.0,3389910.0,29,190,9,3,2585.0,9.2,497,15,13,409115,3390125,496,51,6,-101.33
513801,408960.0,3389910.0,29,190,9,3,2585.0,9.2,497,15,13,409255,3390305,496,0,5,-94.33
513801,408960.0,3389910.0,29,190,9,3,2585.0,9.2,497,15,13,409265,3390295,496,0,5,-106.5
513801,408960.0,3389910.0,29,190,9,3,2585.0,9.2,497,15,13,409230,3390250,498,0,13,-101.33
513801,408960.0,3389910.0,29,190,9,3,2585.0,9.2,497,15,13,409070,3390090,498,0,13,-95.5
513801,408960.0,3389910.0,29,190,9,3,2585.0,9.2,497,15,13,408900,3389595,495,0,5,-98.5
513801,408960.0,3389910.0,29,190,9,3,2585.0,9.2,497,15,13,408815,3389490,495,0,5,-86.27
513801,408960.0,3389910.0,29,190,9,3,2585.0,9.2,497,15,13,408805,3389500,495,0,5,-87.73
513801,408960.0,3389910.0,29,190,9,3,2585.0,9.2,497,15,13,408820,3389515,494,0,5,-86.66
513801,408960.0,3389910.0,29,190,9,3,2585.0,9.2,497,15,13,408835,3389510,494,0,5,-86.8
513801,408960.0,3389910.0,29,190,9,3,2585.0,9.2,497,15,13,408810,3389485,495,0,5,-87.4
513801,408960.0,3389910.0,29,190,9,3,2585.0,9.2,497,15,13,408825,3389520,494,0,13,-83.76
513801,408960.0,3389910.0,29,190,9,3,2585.0,9.2,497,15,13,408830,3389505,494,0,5,-86.86
513801,408960.0,3389910.0,29,190,9,3,2585.0,9.2,497,15,13,408800,3389495,495,0,13,-89.11
513801,408960.0,3389910.0,29,190,9,3,2585.0,9.2,497,15,13,409285,3390300,495,0,6,-98.0
513801,408960.0,3389910.0,29,190,9,3,2585.0,9.2,497,15,13,408910,3389585,495,0,5,-87.0
513801,408960.0,3389910.0,29,190,9,3,2585.0,9.2,497,15,13,409205,3390350,495,0,5,-101.5
513801,408960.0,3389910.0,29,190,9,3,2585.0,9.2,497,15,13,409215,3390360,494,0,6,-97.0
513801,408960.0,3389910.0,29,190,9,3,2585.0,9.2,497,15,13,408620,3389155,494,0,13,-91.33
513801,408960.0,3389910.0,29,190,9,3,2585.0,9.2,497,15,13,408605,3389140,494,0,5,-84.0
513801,408960.0,3389910.0,29,190,9,3,2585.0,9.2,497,15,13,409245,3389895,501,21,12,-109.5
513801,408960.0,3389910.0,29,190,9,3,2585.0,9.2,497,15,13,409250,3389890,501,21,5,-115.67
513801,408960.0,3389910.0,29,190,9,3,2585.0,9.2,497,15,13,409095,3390045,498,0,5,-90.17
513801,408960.0,3389910.0,29,190,9,3,2585.0,9.2,497,15,13,409075,3390025,498,0,6,-84.1
513801,408960.0,3389910.0,29,190,9,3,2585.0,9.2,497,15,13,409115,3390065,497,0,13,-96.58
513801,408960.0,3389910.0,29,190,9,3,2585.0,9.2,497,15,13,409085,3390055,498,18,6,-85.33
513801,408960.0,3389910.0,29,190,9,3,2585.0,9.2,497,15,13,409090,3390050,498,0,6,-86.88
513801,408960.0,3389910.0,29,190,9,3,2585.0,9.2,497,15,13,409020,3390000,498,0,12,-80.5
513801,408960.0,3389910.0,29,190,9,3,2585.0,9.2,497,15,13,409110,3390070,497,0,13,-93.14
513801,408960.0,3389910.0,29,190,9,3,2585.0,9.2,497,15,13,409100,3390080,497,0,6,-92.89
513801,408960.0,3389910.0,29,190,9,3,2585.0,9.2,497,15,13,409080,3390060,498,18,6,-91.75
513801,408960.0,3389910.0,29,190,9,3,2585.0,9.2,497,15,13,409065,3390035,499,18,6,-85.67
513801,408960.0,3389910.0,29,190,9,3,2585.0,9.2,497,15,13,409105,3390075,497,0,6,-94.82
513801,408960.0,3389910.0,29,190,9,3,2585.0,9.2,497,15,13,409070,3390030,498,0,6,-81.86
513801,408960.0,3389910.0,29,190,9,3,2585.0,9.2,497,15,13,408975,3389925,497,21,13,-82.5
513801,408960.0,3389910.0,29,190,9,3,2585.0,9.2,497,15,13,408970,3389930,497,21,5,-89.0
513801,408960.0,3389910.0,29,190,9,3,2585.0,9.2,497,15,13,409055,3390005,498,0,6,-84.4
513801,408960.0,3389910.0,29,190,9,3,2585.0,9.2,497,15,13,409060,3390040,499,18,6,-102.25
513801,408960.0,3389910.0,29,190,9,3,2585.0,9.2,497,15,13,409015,3389965,497,0,5,-72.83
513801,408960.0,3389910.0,29,190,9,3,2585.0,9.2,497,15,13,410650,3385725,485,0,6,-108.0
513801,408960.0,3389910.0,29,190,9,3,2585.0,9.2,497,15,13,409140,3390175,496,18,6,-115.0
513801,408960.0,3389910.0,29,190,9,3,2585.0,9.2,497,15,13,409205,3390120,495,0,5,-92.8
513801,408960.0,3389910.0,29,190,9,3,2585.0,9.2,497,15,13,408910,3389765,496,0,6,-107.67
513801,408960.0,3389910.0,29,190,9,3,2585.0,9.2,497,15,13,409240,3390155,497,0,5,-98.75
513801,408960.0,3389910.0,29,190,9,3,2585.0,9.2,497,15,13,409195,3390210,499,0,5,-105.33
513801,408960.0,3389910.0,29,190,9,3,2585.0,9.2,497,15,13,408940,3389815,496,0,6,-93.4
513801,408960.0,3389910.0,29,190,9,3,2585.0,9.2,497,15,13,408950,3389805,496,0,6,-86.9
513801,408960.0,3389910.0,29,190,9,3,2585.0,9.2,497,15,13,409200,3390115,495,0,5,-94.14
513801,408960.0,3389910.0,29,190,9,3,2585.0,9.2,497,15,13,409235,3390090,495,0,13,-100.5
513801,408960.0,3389910.0,29,190,9,3,2585.0,9.2,497,15,13,409245,3390160,497,0,5,-91.33
513801,408960.0,3389910.0,29,190,9,3,2585.0,9.2,497,15,13,408930,3389825,496,6,6,-92.5
513801,408960.0,3389910.0,29,190,9,3,2585.0,9.2,497,15,13,409190,3390205,498,0,5,-102.22
513801,408960.0,3389910.0,29,190,9,3,2585.0,9.2,497,15,13,408945,3389820,496,15,6,-91.3
513801,408960.0,3389910.0,29,190,9,3,2585.0,9.2,497,15,13,409155,3390170,497,0,6,-105.0
513801,408960.0,3389910.0,29,190,9,3,2585.0,9.2,497,15,13,408955,3389810,496,0,6,-86.88
513801,408960.0,3389910.0,29,190,9,3,2585.0,9.2,497,15,13,408905,3389780,495,0,5,-100.6
513801,408960.0,3389910.0,29,190,9,3,2585.0,9.2,497,15,13,408900,3389775,495,0,5,-101.0
513801,408960.0,3389910.0,29,190,9,3,2585.0,9.2,497,15,13,409150,3390165,496,18,6,-107.33
513801,408960.0,3389910.0,29,190,9,3,2585.0,9.2,497,15,13,408915,3389770,496,0,6,-97.5
513801,408960.0,3389910.0,29,190,9,3,2585.0,9.2,497,15,13,409210,3390345,495,0,5,-105.43
513801,408960.0,3389910.0,29,190,9,3,2585.0,9.2,497,15,13,409205,3390360,494,0,6,-106.0
513801,408960.0,3389910.0,29,190,9,3,2585.0,9.2,497,15,13,408910,3389645,496,0,5,-81.39
513801,408960.0,3389910.0,29,190,9,3,2585.0,9.2,497,15,13,408760,3389475,496,0,6,-103.5
513801,408960.0,3389910.0,29,190,9,3,2585.0,9.2,497,15,13,408895,3389670,497,0,13,-84.81
513801,408960.0,3389910.0,29,190,9,3,2585.0,9.2,497,15,13,408905,3389660,497,0,5,-86.45
513801,408960.0,3389910.0,29,190,9,3,2585.0,9.2,497,15,13,408775,3389470,495,0,13,-89.3
513801,408960.0,3389910.0,29,190,9,3,2585.0,9.2,497,15,13,408765,3389480,496,0,6,-95.8
513801,408960.0,3389910.0,29,190,9,3,2585.0,9.2,497,15,13,408875,3389690,496,21,6,-87.5
513801,408960.0,3389910.0,29,190,9,3,2585.0,9.2,497,15,13,408900,3389655,496,0,5,-85.45
513801,408960.0,3389910.0,29,190,9,3,2585.0,9.2,497,15,13,408790,3389445,496,0,5,-89.13
513801,408960.0,3389910.0,29,190,9,3,2585.0,9.2,497,15,13,408915,3389650,497,0,5,-82.68
513801,408960.0,3389910.0,29,190,9,3,2585.0,9.2,497,15,13,408920,3389635,496,6,5,-83.2
513801,408960.0,3389910.0,29,190,9,3,2585.0,9.2,497,15,13,408785,3389460,495,0,5,-90.3
513801,408960.0,3389910.0,29,190,9,3,2585.0,9.2,497,15,13,408870,3389685,496,21,6,-89.67
513801,408960.0,3389910.0,29,190,9,3,2585.0,9.2,497,15,13,408795,3389450,495,0,5,-90.12
513801,408960.0,3389910.0,29,190,9,3,2585.0,9.2,497,15,13,408780,3389455,496,0,5,-90.51
513801,408960.0,3389910.0,29,190,9,3,2585.0,9.2,497,15,13,408770,3389465,496,0,13,-89.6
513801,408960.0,3389910.0,29,190,9,3,2585.0,9.2,497,15,13,408865,3389700,496,0,5,-89.0
513801,408960.0,3389910.0,29,190,9,3,2585.0,9.2,497,15,13,408890,3389665,496,0,13,-85.58
513801,408960.0,3389910.0,29,190,9,3,2585.0,9.2,497,15,13,408880,3389675,496,0,6,-87.8
513801,408960.0,3389910.0,29,190,9,3,2585.0,9.2,497,15,13,408885,3389680,497,0,5,-89.09
513801,408960.0,3389910.0,29,190,9,3,2585.0,9.2,497,15,13,408925,3389640,497,0,5,-94.33
513801,408960.0,3389910.0,29,190,9,3,2585.0,9.2,497,15,13,408985,3389925,497,21,5,-80.67
513801,408960.0,3389910.0,29,190,9,3,2585.0,9.2,497,15,13,409245,3389905,500,0,12,-112.0
513801,408960.0,3389910.0,29,190,9,3,2585.0,9.2,497,15,13,409070,3390020,498,0,6,-83.17
513801,408960.0,3389910.0,29,190,9,3,2585.0,9.2,497,15,13,409235,3389855,501,0,5,-114.0
513801,408960.0,3389910.0,29,190,9,3,2585.0,9.2,497,15,13,409065,3390005,498,0,6,-82.86
513801,408960.0,3389910.0,29,190,9,3,2585.0,9.2,497,15,13,409025,3389965,497,24,6,-73.56
513801,408960.0,3389910.0,29,190,9,3,2585.0,9.2,497,15,13,409075,3390015,498,0,5,-78.4
513801,408960.0,3389910.0,29,190,9,3,2585.0,9.2,497,15,13,409110,3390060,498,0,5,-94.3
513801,408960.0,3389910.0,29,190,9,3,2585.0,9.2,497,15,13,409100,3390050,498,0,5,-91.87
513801,408960.0,3389910.0,29,190,9,3,2585.0,9.2,497,15,13,409105,3390045,498,0,5,-93.11
513801,408960.0,3389910.0,29,190,9,3,2585.0,9.2,497,15,13,409115,3390055,498,0,5,-93.99
513801,408960.0,3389910.0,29,190,9,3,2585.0,9.2,497,15,13,409215,3389875,501,0,12,-115.0
513801,408960.0,3389910.0,29,190,9,3,2585.0,9.2,497,15,13,409090,3390080,498,0,6,-91.0
513801,408960.0,3389910.0,29,190,9,3,2585.0,9.2,497,15,13,409035,3389975,497,0,6,-74.14
513801,408960.0,3389910.0,29,190,9,3,2585.0,9.2,497,15,13,409060,3390010,498,12,6,-84.78
513801,408960.0,3389910.0,29,190,9,3,2585.0,9.2,497,15,13,409095,3390075,498,0,6,-92.77
513801,408960.0,3389910.0,29,190,9,3,2585.0,9.2,497,15,13,409085,3390065,498,18,6,-94.75
513801,408960.0,3389910.0,29,190,9,3,2585.0,9.2,497,15,13,409080,3390070,498,21,6,-88.33
513801,408960.0,3389910.0,29,190,9,3,2585.0,9.2,497,15,13,409020,3389970,497,24,5,-76.6
513801,408960.0,3389910.0,29,190,9,3,2585.0,9.2,497,15,13,409250,3389755,499,0,13,-108.0
513801,408960.0,3389910.0,29,190,9,3,2585.0,9.2,497,15,13,409245,3389750,499,0,13,-115.5
513801,408960.0,3389910.0,29,190,9,3,2585.0,9.2,497,15,13,409125,3389630,499,0,13,-113.25
513801,408960.0,3389910.0,29,190,9,3,2585.0,9.2,497,15,13,409130,3389635,499,0,5,-111.83
513801,408960.0,3389910.0,29,190,9,3,2585.0,9.2,497,15,13,409300,3390360,496,0,10,-103.0
513801,408960.0,3389910.0,29,190,9,3,2585.0,9.2,497,15,13,408875,3389585,495,5,5,-86.63
513801,408960.0,3389910.0,29,190,9,3,2585.0,9.2,497,15,13,408865,3389595,495,0,5,-85.21
513801,408960.0,3389910.0,29,190,9,3,2585.0,9.2,497,15,13,408805,3389535,495,0,5,-86.0
513801,408960.0,3389910.0,29,190,9,3,2585.0,9.2,497,15,13,408870,3389590,495,5,5,-83.71
513801,408960.0,3389910.0,29,190,9,3,2585.0,9.2,497,15,13,408840,3389580,495,0,13,-84.58
513801,408960.0,3389910.0,29,190,9,3,2585.0,9.2,497,15,13,408820,3389560,495,0,5,-84.65
513801,408960.0,3389910.0,29,190,9,3,2585.0,9.2,497,15,13,408825,3389555,495,0,5,-85.66
513801,408960.0,3389910.0,29,190,9,3,2585.0,9.2,497,15,13,408845,3389575,495,0,13,-84.84
513801,408960.0,3389910.0,29,190,9,3,2585.0,9.2,497,15,13,409305,3390355,497,0,10,-97.5
513801,408960.0,3389910.0,29,190,9,3,2585.0,9.2,497,15,13,408815,3389525,495,0,13,-86.0
513801,408960.0,3389910.0,29,190,9,3,2585.0,9.2,497,15,13,408830,3389550,495,0,5,-84.7
513801,408960.0,3389910.0,29,190,9,3,2585.0,9.2,497,15,13,408860,3389600,495,0,5,-86.57
513801,408960.0,3389910.0,29,190,9,3,2585.0,9.2,497,15,13,408850,3389570,495,0,5,-83.93
513801,408960.0,3389910.0,29,190,9,3,2585.0,9.2,497,15,13,408835,3389545,495,0,5,-86.23
513801,408960.0,3389910.0,29,190,9,3,2585.0,9.2,497,15,13,408855,3389565,495,0,5,-82.85
513801,408960.0,3389910.0,29,190,9,3,2585.0,9.2,497,15,13,408810,3389530,495,0,5,-86.4
513801,408960.0,3389910.0,29,190,9,3,2585.0,9.2,497,15,13,409285,3390335,495,0,5,-110.33
513801,408960.0,3389910.0,29,190,9,3,2585.0,9.2,497,15,13,409290,3390330,495,0,5,-101.0
513801,408960.0,3389910.0,29,190,9,3,2585.0,9.2,497,15,13,408800,3389540,495,0,6,-87.86
513801,408960.0,3389910.0,29,190,9,3,2585.0,9.2,497,15,13,409050,3389835,495,18,5,-89.0
513801,408960.0,3389910.0,29,190,9,3,2585.0,9.2,497,15,13,409070,3389815,495,0,13,-101.5
513801,408960.0,3389910.0,29,190,9,3,2585.0,9.2,497,15,13,409190,3390015,497,0,13,-105.5
513801,408960.0,3389910.0,29,190,9,3,2585.0,9.2,497,15,13,408985,3389890,496,6,6,-92.0
513801,408960.0,3389910.0,29,190,9,3,2585.0,9.2,497,15,13,409055,3389840,495,18,5,-97.25
513801,408960.0,3389910.0,29,190,9,3,2585.0,9.2,497,15,13,409150,3390055,497,0,5,-93.33
513801,408960.0,3389910.0,29,190,9,3,2585.0,9.2,497,15,13,409030,3389855,495,0,5,-70.14
513801,408960.0,3389910.0,29,190,9,3,2585.0,9.2,497,15,13,408960,3389905,497,0,5,-88.5
513801,408960.0,3389910.0,29,190,9,3,2585.0,9.2,497,15,13,408965,3389910,497,0,13,-85.43
513801,408960.0,3389910.0,29,190,9,3,2585.0,9.2,497,15,13,409020,3389845,495,0,13,-71.8
513801,408960.0,3389910.0,29,190,9,3,2585.0,9.2,497,15,13,408995,3389900,496,0,6,-79.96
513801,408960.0,3389910.0,29,190,9,3,2585.0,9.2,497,15,13,409000,3389865,496,0,13,-77.08
513801,408960.0,3389910.0,29,190,9,3,2585.0,9.2,497,15,13,409010,3389875,496,0,13,-76.47
513801,408960.0,3389910.0,29,190,9,3,2585.0,9.2,497,15,13,409125,3390070,497,0,5,-94.97
513801,408960.0,3389910.0,29,190,9,3,2585.0,9.2,497,15,13,409120,3390065,497,0,5,-94.81
513801,408960.0,3389910.0,29,190,9,3,2585.0,9.2,497,15,13,409005,3389870,496,0,13,-77.82
513801,408960.0,3389910.0,29,190,9,3,2585.0,9.2,497,15,13,409135,3390080,497,0,13,-95.88
513801,408960.0,3389910.0,29,190,9,3,2585.0,9.2,497,15,13,409130,3390075,497,0,5,-96.28
513801,408960.0,3389910.0,29,190,9,3,2585.0,9.2,497,15,13,409015,3389880,495,0,13,-78.15
513801,408960.0,3389910.0,29,190,9,3,2585.0,9.2,497,15,13,408975,3389920,497,0,13,-88.5
513801,408960.0,3389910.0,29,190,9,3,2585.0,9.2,497,15,13,409025,3389850,495,0,5,-75.0
513801,408960.0,3389910.0,29,190,9,3,2585.0,9.2,497,15,13,409140,3390045,497,21,5,-97.67
513801,408960.0,3389910.0,29,190,9,3,2585.0,9.2,497,15,13,409035,3389860,495,21,5,-71.0
513801,408960.0,3389910.0,29,190,9,3,2585.0,9.2,497,15,13,409040,3389825,495,0,13,-77.0
513801,408960.0,3389910.0,29,190,9,3,2585.0,9.2,497,15,13,409155,3390060,497,0,5,-94.67
513801,408960.0,3389910.0,29,190,9,3,2585.0,9.2,497,15,13,409165,3390030,497,21,5,-97.33
513801,408960.0,3389910.0,29,190,9,3,2585.0,9.2,497,15,13,408970,3389915,497,0,13,-86.4
513801,408960.0,3389910.0,29,190,9,3,2585.0,9.2,497,15,13,408990,3389895,496,0,6,-86.18
513801,408960.0,3389910.0,29,190,9,3,2585.0,9.2,497,15,13,408980,3389885,496,6,6,-79.71
513801,408960.0,3389910.0,29,190,9,3,2585.0,9.2,497,15,13,409145,3390050,497,21,5,-95.33
513801,408960.0,3389910.0,29,190,9,3,2585.0,9.2,497,15,13,409180,3390005,497,0,13,-100.0
513801,408960.0,3389910.0,29,190,9,3,2585.0,9.2,497,15,13,408965,3389870,497,0,5,-91.25
513801,408960.0,3389910.0,29,190,9,3,2585.0,9.2,497,15,13,409120,3390025,498,12,5,-90.29
513801,408960.0,3389910.0,29,190,9,3,2585.0,9.2,497,15,13,409055,3389800,495,18,5,-94.0
513801,408960.0,3389910.0,29,190,9,3,2585.0,9.2,497,15,13,408985,3389850,496,0,5,-79.72
513801,408960.0,3389910.0,29,190,9,3,2585.0,9.2,497,15,13,409000,3389905,496,0,6,-76.98
513801,408960.0,3389910.0,29,190,9,3,2585.0,9.2,497,15,13,409130,3390035,498,0,5,-93.14
513801,408960.0,3389910.0,29,190,9,3,2585.0,9.2,497,15,13,409175,3390080,496,60,12,-92.67
513801,408960.0,3389910.0,29,190,9,3,2585.0,9.2,497,15,13,409160,3390065,496,0,5,-96.4
513801,408960.0,3389910.0,29,190,9,3,2585.0,9.2,497,15,13,409020,3389885,495,0,5,-78.24
513801,408960.0,3389910.0,29,190,9,3,2585.0,9.2,497,15,13,408970,3389875,496,0,6,-80.5
513801,408960.0,3389910.0,29,190,9,3,2585.0,9.2,497,15,13,409155,3390020,497,0,5,-101.25
513801,408960.0,3389910.0,29,190,9,3,2585.0,9.2,497,15,13,409030,3389895,495,0,12,-71.76
513801,408960.0,3389910.0,29,190,9,3,2585.0,9.2,497,15,13,409010,3389915,496,0,6,-75.51
513801,408960.0,3389910.0,29,190,9,3,2585.0,9.2,497,15,13,409005,3389910,496,0,6,-75.17
513801,408960.0,3389910.0,29,190,9,3,2585.0,9.2,497,15,13,409025,3389890,495,0,12,-74.85
513801,408960.0,3389910.0,29,190,9,3,2585.0,9.2,497,15,13,409035,3389900,495,0,12,-72.33
513801,408960.0,3389910.0,29,190,9,3,2585.0,9.2,497,15,13,408995,3389860,496,0,5,-77.33
513801,408960.0,3389910.0,29,190,9,3,2585.0,9.2,497,15,13,408980,3389845,496,0,6,-80.04
513801,408960.0,3389910.0,29,190,9,3,2585.0,9.2,497,15,13,408990,3389855,496,0,5,-78.17
513801,408960.0,3389910.0,29,190,9,3,2585.0,9.2,497,15,13,408975,3389880,496,6,6,-81.5
513801,408960.0,3389910.0,29,190,9,3,2585.0,9.2,497,15,13,409015,3389920,496,0,6,-76.83
513801,408960.0,3389910.0,29,190,9,3,2585.0,9.2,497,15,13,409135,3390040,497,21,5,-93.14
513801,408960.0,3389910.0,29,190,9,3,2585.0,9.2,497,15,13,409125,3390030,498,0,5,-94.2
513801,408960.0,3389910.0,29,190,9,3,2585.0,9.2,497,15,13,408960,3389865,497,6,5,-93.5
513801,408960.0,3389910.0,29,190,9,3,2585.0,9.2,497,15,13,409035,3389750,496,0,6,-98.0
513801,408960.0,3389910.0,29,190,9,3,2585.0,9.2,497,15,13,409025,3389760,495,0,6,-98.5
513801,408960.0,3389910.0,29,190,9,3,2585.0,9.2,497,15,13,408965,3389700,498,0,12,-79.82
513801,408960.0,3389910.0,29,190,9,3,2585.0,9.2,497,15,13,409015,3389730,496,0,13,-90.0
513801,408960.0,3389910.0,29,190,9,3,2585.0,9.2,497,15,13,409115,3389670,497,0,12,-111.0
513801,408960.0,3389910.0,29,190,9,3,2585.0,9.2,497,15,13,408990,3389705,497,0,13,-80.17
513801,408960.0,3389910.0,29,190,9,3,2585.0,9.2,497,15,13,408975,3389690,498,15,12,-80.22
513801,408960.0,3389910.0,29,190,9,3,2585.0,9.2,497,15,13,409000,3389735,496,0,13,-86.0
513801,408960.0,3389910.0,29,190,9,3,2585.0,9.2,497,15,13,409110,3389665,498,0,13,-105.75
513801,408960.0,3389910.0,29,190,9,3,2585.0,9.2,497,15,13,409100,3389675,497,0,5,-109.67
513801,408960.0,3389910.0,29,190,9,3,2585.0,9.2,497,15,13,409005,3389740,496,0,13,-85.08
513801,408960.0,3389910.0,29,190,9,3,2585.0,9.2,497,15,13,408980,3389715,497,0,13,-80.3
513801,408960.0,3389910.0,29,190,9,3,2585.0,9.2,497,15,13,409095,3389650,498,0,5,-117.22
513801,408960.0,3389910.0,29,190,9,3,2585.0,9.2,497,15,13,409085,3389660,498,0,6,-104.18
513801,408960.0,3389910.0,29,190,9,3,2585.0,9.2,497,15,13,408985,3389720,497,0,5,-85.75
513801,408960.0,3389910.0,29,190,9,3,2585.0,9.2,497,15,13,408960,3389695,498,0,5,-76.1
513801,408960.0,3389910.0,29,190,9,3,2585.0,9.2,497,15,13,408995,3389710,497,0,5,-84.71
513801,408960.0,3389910.0,29,190,9,3,2585.0,9.2,497,15,13,409080,3389655,498,0,5,-104.77
513801,408960.0,3389910.0,29,190,9,3,2585.0,9.2,497,15,13,409105,3389680,497,0,5,-99.0
513801,408960.0,3389910.0,29,190,9,3,2585.0,9.2,497,15,13,409090,3389645,498,0,5,-113.73
513801,408960.0,3389910.0,29,190,9,3,2585.0,9.2,497,15,13,408970,3389685,498,0,12,-79.5
513801,408960.0,3389910.0,29,190,9,3,2585.0,9.2,497,15,13,409010,3389725,496,0,13,-84.95
513801,408960.0,3389910.0,29,190,9,3,2585.0,9.2,497,15,13,409065,3389640,498,21,5,-100.5
513801,408960.0,3389910.0,29,190,9,3,2585.0,9.2,497,15,13,409060,3389635,498,0,6,-101.75
513801,408960.0,3389910.0,29,190,9,3,2585.0,9.2,497,15,13,409020,3389645,497,0,5,-101.67
513801,408960.0,3389910.0,29,190,9,3,2585.0,9.2,497,15,13,409035,3389660,497,21,5,-95.75
513801,408960.0,3389910.0,29,190,9,3,2585.0,9.2,497,15,13,409025,3389650,497,0,5,-113.5
513801,408960.0,3389910.0,29,190,9,3,2585.0,9.2,497,15,13,409030,3389655,497,0,5,-109.0
513801,408960.0,3389910.0,29,190,9,3,2585.0,9.2,497,15,13,409000,3389665,497,0,5,-96.6
513801,408960.0,3389910.0,29,190,9,3,2585.0,9.2,497,15,13,409015,3389680,497,15,5,-87.88
513801,408960.0,3389910.0,29,190,9,3,2585.0,9.2,497,15,13,409045,3389710,497,0,12,-89.67
513801,408960.0,3389910.0,29,190,9,3,2585.0,9.2,497,15,13,409065,3389690,497,0,5,-96.5
513801,408960.0,3389910.0,29,190,9,3,2585.0,9.2,497,15,13,409005,3389670,497,15,5,-81.33
513801,408960.0,3389910.0,29,190,9,3,2585.0,9.2,497,15,13,409040,3389705,497,0,5,-92.45
513801,408960.0,3389910.0,29,190,9,3,2585.0,9.2,497,15,13,409060,3389685,497,0,5,-95.75
513801,408960.0,3389910.0,29,190,9,3,2585.0,9.2,497,15,13,409070,3389695,497,0,12,-103.88
513801,408960.0,3389910.0,29,190,9,3,2585.0,9.2,497,15,13,409075,3389700,497,0,12,-93.1
513801,408960.0,3389910.0,29,190,9,3,2585.0,9.2,497,15,13,409010,3389675,497,18,5,-103.6
513801,408960.0,3389910.0,29,190,9,3,2585.0,9.2,497,15,13,409050,3389715,497,0,12,-90.25
513801,408960.0,3389910.0,29,190,9,3,2585.0,9.2,497,15,13,408765,3389380,495,0,13,-89.5
513801,408960.0,3389910.0,29,190,9,3,2585.0,9.2,497,15,13,408760,3389375,495,0,13,-95.0
513801,408960.0,3389910.0,29,190,9,3,2585.0,9.2,497,15,13,408755,3389430,497,0,5,-91.7
513801,408960.0,3389910.0,29,190,9,3,2585.0,9.2,497,15,13,408750,3389425,497,0,5,-91.45
513801,408960.0,3389910.0,29,190,9,3,2585.0,9.2,497,15,13,408745,3389440,497,0,5,-93.0
513801,408960.0,3389910.0,29,190,9,3,2585.0,9.2,497,15,13,408735,3389410,497,0,6,-92.0
513801,408960.0,3389910.0,29,190,9,3,2585.0,9.2,497,15,13,408730,3389405,497,0,5,-90.25
513801,408960.0,3389910.0,29,190,9,3,2585.0,9.2,497,15,13,408740,3389435,497,0,5,-97.2
513801,408960.0,3389910.0,29,190,9,3,2585.0,9.2,497,15,13,408995,3389750,496,0,13,-86.75
513801,408960.0,3389910.0,29,190,9,3,2585.0,9.2,497,15,13,409075,3389670,497,0,5,-106.79
513801,408960.0,3389910.0,29,190,9,3,2585.0,9.2,497,15,13,409065,3389680,497,0,5,-97.69
513801,408960.0,3389910.0,29,190,9,3,2585.0,9.2,497,15,13,409045,3389660,497,21,5,-89.89
513801,408960.0,3389910.0,29,190,9,3,2585.0,9.2,497,15,13,409010,3389685,497,15,5,-88.51
513801,408960.0,3389910.0,29,190,9,3,2585.0,9.2,497,15,13,408980,3389755,496,0,13,-73.55
513801,408960.0,3389910.0,29,190,9,3,2585.0,9.2,497,15,13,408985,3389760,496,0,5,-72.0
513801,408960.0,3389910.0,29,190,9,3,2585.0,9.2,497,15,13,409110,3389625,498,21,13,-126.67
513801,408960.0,3389910.0,29,190,9,3,2585.0,9.2,497,15,13,409035,3389710,497,0,12,-86.4
513801,408960.0,3389910.0,29,190,9,3,2585.0,9.2,497,15,13,408970,3389725,497,0,5,-78.48
513801,408960.0,3389910.0,29,190,9,3,2585.0,9.2,497,15,13,409025,3389720,496,0,5,-90.94
513801,408960.0,3389910.0,29,190,9,3,2585.0,9.2,497,15,13,409015,3389690,497,0,5,-87.39
513801,408960.0,3389910.0,29,190,9,3,2585.0,9.2,497,15,13,409105,3389640,498,0,5,-106.89
513801,408960.0,3389910.0,29,190,9,3,2585.0,9.2,497,15,13,409060,3389675,497,0,5,-103.68
513801,408960.0,3389910.0,29,190,9,3,2585.0,9.2,497,15,13,409030,3389705,497,0,5,-89.47
513801,408960.0,3389910.0,29,190,9,3,2585.0,9.2,497,15,13,408965,3389740,497,0,5,-79.62
513801,408960.0,3389910.0,29,190,9,3,2585.0,9.2,497,15,13,408975,3389730,497,0,5,-82.0
513801,408960.0,3389910.0,29,190,9,3,2585.0,9.2,497,15,13,408960,3389735,497,0,5,-80.48
513801,408960.0,3389910.0,29,190,9,3,2585.0,9.2,497,15,13,409005,3389700,497,0,13,-85.23
513801,408960.0,3389910.0,29,190,9,3,2585.0,9.2,497,15,13,409000,3389695,497,0,13,-85.91
513801,408960.0,3389910.0,29,190,9,3,2585.0,9.2,497,15,13,409145,3389600,499,21,5,-114.0
513801,408960.0,3389910.0,29,190,9,3,2585.0,9.2,497,15,13,409040,3389655,497,21,5,-93.86
513801,408960.0,3389910.0,29,190,9,3,2585.0,9.2,497,15,13,409115,3389630,498,0,13,-111.75
513801,408960.0,3389910.0,29,190,9,3,2585.0,9.2,497,15,13,409070,3389665,497,0,5,-101.39
513801,408960.0,3389910.0,29,190,9,3,2585.0,9.2,497,15,13,409100,3389635,498,0,5,-100.67
513801,408960.0,3389910.0,29,190,9,3,2585.0,9.2,497,15,13,409055,3389650,498,21,13,-111.1
513801,408960.0,3389910.0,29,190,9,3,2585.0,9.2,497,15,13,408990,3389745,496,0,13,-77.54
513801,408960.0,3389910.0,29,190,9,3,2585.0,9.2,497,15,13,409020,3389715,497,0,5,-87.43
513801,408960.0,3389910.0,29,190,9,3,2585.0,9.2,497,15,13,409185,3390095,496,60,5,-101.0
513801,408960.0,3389910.0,29,190,9,3,2585.0,9.2,497,15,13,409165,3390115,496,0,6,-90.93
513801,408960.0,3389910.0,29,190,9,3,2585.0,9.2,497,15,13,409145,3390135,496,0,5,-102.72
513801,408960.0,3389910.0,29,190,9,3,2585.0,9.2,497,15,13,409215,3390225,499,0,6,-105.0
513801,408960.0,3389910.0,29,190,9,3,2585.0,9.2,497,15,13,409150,3390130,496,0,5,-101.34
513801,408960.0,3389910.0,29,190,9,3,2585.0,9.2,497,15,13,409155,3390125,496,0,6,-100.0
513801,408960.0,3389910.0,29,190,9,3,2585.0,9.2,497,15,13,409170,3390110,496,0,6,-91.67
513801,408960.0,3389910.0,29,190,9,3,2585.0,9.2,497,15,13,409160,3390120,496,0,6,-97.42
513801,408960.0,3389910.0,29,190,9,3,2585.0,9.2,497,15,13,409130,3390150,496,18,6,-100.83
513801,408960.0,3389910.0,29,190,9,3,2585.0,9.2,497,15,13,408955,3389845,496,0,6,-84.0
513801,408960.0,3389910.0,29,190,9,3,2585.0,9.2,497,15,13,409175,3390105,496,0,6,-87.72
513801,408960.0,3389910.0,29,190,9,3,2585.0,9.2,497,15,13,409140,3390140,496,0,6,-98.58
513801,408960.0,3389910.0,29,190,9,3,2585.0,9.2,497,15,13,409180,3390100,496,0,6,-91.73
513801,408960.0,3389910.0,29,190,9,3,2585.0,9.2,497,15,13,409135,3390145,496,18,6,-99.25
513801,408960.0,3389910.0,29,190,9,3,2585.0,9.2,497,15,13,408790,3389480,495,0,13,-89.72
513801,408960.0,3389910.0,29,190,9,3,2585.0,9.2,497,15,13,408780,3389470,495,0,13,-90.1
513801,408960.0,3389910.0,29,190,9,3,2585.0,9.2,497,15,13,408900,3389670,497,0,5,-83.27
513801,408960.0,3389910.0,29,190,9,3,2585.0,9.2,497,15,13,408910,3389680,497,0,5,-83.82
513801,408960.0,3389910.0,29,190,9,3,2585.0,9.2,497,15,13,408915,3389675,497,0,5,-83.67
513801,408960.0,3389910.0,29,190,9,3,2585.0,9.2,497,15,13,408795,3389475,495,0,13,-89.09
513801,408960.0,3389910.0,29,190,9,3,2585.0,9.2,497,15,13,408770,3389460,496,0,13,-89.95
513801,408960.0,3389910.0,29,190,9,3,2585.0,9.2,497,15,13,408760,3389450,496,0,13,-91.3
513801,408960.0,3389910.0,29,190,9,3,2585.0,9.2,497,15,13,408880,3389650,496,0,13,-86.48
513801,408960.0,3389910.0,29,190,9,3,2585.0,9.2,497,15,13,408895,3389655,496,0,13,-85.38
513801,408960.0,3389910.0,29,190,9,3,2585.0,9.2,497,15,13,408885,3389645,496,0,13,-86.98
513801,408960.0,3389910.0,29,190,9,3,2585.0,9.2,497,15,13,408785,3389465,495,0,5,-89.54
513801,408960.0,3389910.0,29,190,9,3,2585.0,9.2,497,15,13,408765,3389445,496,0,13,-92.15
513801,408960.0,3389910.0,29,190,9,3,2585.0,9.2,497,15,13,408775,3389455,496,0,5,-90.52
513801,408960.0,3389910.0,29,190,9,3,2585.0,9.2,497,15,13,408905,3389665,497,0,5,-85.41
513801,408960.0,3389910.0,29,190,9,3,2585.0,9.2,497,15,13,408890,3389660,496,0,13,-84.97
513801,408960.0,3389910.0,29,190,9,3,2585.0,9.2,497,15,13,408660,3389255,497,0,6,-89.5
513801,408960.0,3389910.0,29,190,9,3,2585.0,9.2,497,15,13,408930,3389635,497,0,5,-79.67
513801,408960.0,3389910.0,29,190,9,3,2585.0,9.2,497,15,13,408790,3389455,495,0,13,-90.56
513801,408960.0,3389910.0,29,190,9,3,2585.0,9.2,497,15,13,408865,3389690,496,21,6,-91.5
513801,408960.0,3389910.0,29,190,9,3,2585.0,9.2,497,15,13,408885,3389670,496,0,13,-86.52
513801,408960.0,3389910.0,29,190,9,3,2585.0,9.2,497,15,13,408870,3389695,496,21,6,-82.5
513801,408960.0,3389910.0,29,190,9,3,2585.0,9.2,497,15,13,408775,3389480,495,0,13,-91.54
513801,408960.0,3389910.0,29,190,9,3,2585.0,9.2,497,15,13,408890,3389675,497,0,13,-85.39
513801,408960.0,3389910.0,29,190,9,3,2585.0,9.2,497,15,13,408785,3389450,496,0,5,-88.82
513801,408960.0,3389910.0,29,190,9,3,2585.0,9.2,497,15,13,408905,3389650,496,6,5,-83.76
513801,408960.0,3389910.0,29,190,9,3,2585.0,9.2,497,15,13,408880,3389665,496,0,13,-88.38
513801,408960.0,3389910.0,29,190,9,3,2585.0,9.2,497,15,13,408795,3389460,495,0,13,-87.92
513801,408960.0,3389910.0,29,190,9,3,2585.0,9.2,497,15,13,408770,3389475,495,0,5,-90.45
513801,408960.0,3389910.0,29,190,9,3,2585.0,9.2,497,15,13,408915,3389660,497,6,5,-82.36
513801,408960.0,3389910.0,29,190,9,3,2585.0,9.2,497,15,13,408895,3389680,497,0,13,-85.32
513801,408960.0,3389910.0,29,190,9,3,2585.0,9.2,497,15,13,408900,3389645,496,0,5,-86.4
513801,408960.0,3389910.0,29,190,9,3,2585.0,9.2,497,15,13,408910,3389655,497,6,5,-82.49
513801,408960.0,3389910.0,29,190,9,3,2585.0,9.2,497,15,13,408780,3389445,496,0,13,-91.31
513801,408960.0,3389910.0,29,190,9,3,2585.0,9.2,497,15,13,408760,3389465,496,0,5,-93.29
513801,408960.0,3389910.0,29,190,9,3,2585.0,9.2,497,15,13,408765,3389470,496,0,5,-92.56
513801,408960.0,3389910.0,29,190,9,3,2585.0,9.2,497,15,13,408920,3389625,496,0,5,-93.5
513801,408960.0,3389910.0,29,190,9,3,2585.0,9.2,497,15,13,408875,3389700,496,21,6,-90.0
513801,408960.0,3389910.0,29,190,9,3,2585.0,9.2,497,15,13,409265,3389755,499,0,13,-106.0
513801,408960.0,3389910.0,29,190,9,3,2585.0,9.2,497,15,13,409195,3389665,500,18,6,-108.67
513801,408960.0,3389910.0,29,190,9,3,2585.0,9.2,497,15,13,409245,3389735,500,21,5,-106.0
513801,408960.0,3389910.0,29,190,9,3,2585.0,9.2,497,15,13,409240,3389740,500,0,5,-107.5
513801,408960.0,3389910.0,29,190,9,3,2585.0,9.2,497,15,13,408955,3389640,497,0,5,-115.0
513801,408960.0,3389910.0,29,190,9,3,2585.0,9.2,497,15,13,408880,3389645,496,0,13,-84.22
513801,408960.0,3389910.0,29,190,9,3,2585.0,9.2,497,15,13,408785,3389470,495,0,5,-88.94
513801,408960.0,3389910.0,29,190,9,3,2585.0,9.2,497,15,13,408900,3389665,497,0,5,-85.61
513801,408960.0,3389910.0,29,190,9,3,2585.0,9.2,497,15,13,408890,3389655,496,0,13,-83.88
513801,408960.0,3389910.0,29,190,9,3,2585.0,9.2,497,15,13,408770,3389455,496,0,13,-90.67
513801,408960.0,3389910.0,29,190,9,3,2585.0,9.2,497,15,13,408780,3389465,495,0,5,-91.31
513801,408960.0,3389910.0,29,190,9,3,2585.0,9.2,497,15,13,408760,3389445,496,0,13,-92.2
513801,408960.0,3389910.0,29,190,9,3,2585.0,9.2,497,15,13,408905,3389670,497,0,5,-85.48
513801,408960.0,3389910.0,29,190,9,3,2585.0,9.2,497,15,13,408910,3389675,497,0,5,-85.17
513801,408960.0,3389910.0,29,190,9,3,2585.0,9.2,497,15,13,408915,3389680,497,0,5,-84.57
513801,408960.0,3389910.0,29,190,9,3,2585.0,9.2,497,15,13,408775,3389460,496,0,5,-91.23
513801,408960.0,3389910.0,29,190,9,3,2585.0,9.2,497,15,13,408790,3389475,495,0,5,-89.79
513801,408960.0,3389910.0,29,190,9,3,2585.0,9.2,497,15,13,408885,3389650,496,0,13,-84.84
513801,408960.0,3389910.0,29,190,9,3,2585.0,9.2,497,15,13,408765,3389450,496,0,13,-91.22
513801,408960.0,3389910.0,29,190,9,3,2585.0,9.2,497,15,13,408795,3389480,495,0,13,-88.68
513801,408960.0,3389910.0,29,190,9,3,2585.0,9.2,497,15,13,408895,3389660,496,0,13,-85.78
513801,408960.0,3389910.0,29,190,9,3,2585.0,9.2,497,15,13,409090,3389935,497,6,5,-71.0
513801,408960.0,3389910.0,29,190,9,3,2585.0,9.2,497,15,13,409095,3389940,497,6,13,-72.0
513801,408960.0,3389910.0,29,190,9,3,2585.0,9.2,497,15,13,409075,3390000,498,0,13,-82.71
513801,408960.0,3389910.0,29,190,9,3,2585.0,9.2,497,15,13,409055,3389980,497,0,5,-83.63
513801,408960.0,3389910.0,29,190,9,3,2585.0,9.2,497,15,13,409040,3389965,497,0,6,-77.6
513801,408960.0,3389910.0,29,190,9,3,2585.0,9.2,497,15,13,409050,3389975,497,0,6,-81.6
513801,408960.0,3389910.0,29,190,9,3,2585.0,9.2,497,15,13,409060,3389985,497,0,5,-79.29
513801,408960.0,3389910.0,29,190,9,3,2585.0,9.2,497,15,13,409070,3389995,498,0,5,-79.7
513801,408960.0,3389910.0,29,190,9,3,2585.0,9.2,497,15,13,409045,3389970,497,0,6,-73.27
513801,408960.0,3389910.0,29,190,9,3,2585.0,9.2,497,15,13,409225,3389830,501,0,12,-118.0
513801,408960.0,3389910.0,29,190,9,3,2585.0,9.2,497,15,13,409065,3389990,497,0,5,-83.45
513801,408960.0,3389910.0,29,190,9,3,2585.0,9.2,497,15,13,409210,3389815,500,21,5,-128.5
513801,408960.0,3389910.0,29,190,9,3,2585.0,9.2,497,15,13,409230,3389835,501,0,12,-108.0
513801,408960.0,3389910.0,29,190,9,3,2585.0,9.2,497,15,13,408510,3388955,494,0,5,-94.67
513801,408960.0,3389910.0,29,190,9,3,2585.0,9.2,497,15,13,408505,3388950,494,0,5,-98.0
513801,408960.0,3389910.0,29,190,9,3,2585.0,9.2,497,15,13,408500,3388945,494,0,5,-98.29
513801,408960.0,3389910.0,29,190,9,3,2585.0,9.2,497,15,13,408745,3389350,495,0,5,-93.0
513801,408960.0,3389910.0,29,190,9,3,2585.0,9.2,497,15,13,408495,3388940,495,0,5,-98.5
513801,408960.0,3389910.0,29,190,9,3,2585.0,9.2,497,15,13,408815,3389485,495,0,5,-88.14
513801,408960.0,3389910.0,29,190,9,3,2585.0,9.2,497,15,13,408895,3389565,495,0,12,-87.5
513801,408960.0,3389910.0,29,190,9,3,2585.0,9.2,497,15,13,408830,3389510,494,0,5,-82.33
513801,408960.0,3389910.0,29,190,9,3,2585.0,9.2,497,15,13,408800,3389500,495,0,13,-87.56
513801,408960.0,3389910.0,29,190,9,3,2585.0,9.2,497,15,13,408805,3389495,495,0,13,-87.11
513801,408960.0,3389910.0,29,190,9,3,2585.0,9.2,497,15,13,408820,3389520,494,0,13,-84.94
513801,408960.0,3389910.0,29,190,9,3,2585.0,9.2,497,15,13,408810,3389490,495,0,5,-86.43
513801,408960.0,3389910.0,29,190,9,3,2585.0,9.2,497,15,13,409280,3390300,495,0,6,-98.5
513801,408960.0,3389910.0,29,190,9,3,2585.0,9.2,497,15,13,408825,3389515,494,0,5,-85.12
513801,408960.0,3389910.0,29,190,9,3,2585.0,9.2,497,15,13,408835,3389505,494,0,5,-89.33
513801,408960.0,3389910.0,29,190,9,3,2585.0,9.2,497,15,13,409235,3389845,501,0,5,-114.0
513801,408960.0,3389910.0,29,190,9,3,2585.0,9.2,497,15,13,409070,3390010,498,0,5,-82.11
513801,408960.0,3389910.0,29,190,9,3,2585.0,9.2,497,15,13,409030,3389970,497,24,6,-70.71
513801,408960.0,3389910.0,29,190,9,3,2585.0,9.2,497,15,13,409095,3390065,498,0,6,-88.52
513801,408960.0,3389910.0,29,190,9,3,2585.0,9.2,497,15,13,409025,3389975,497,24,6,-79.5
513801,408960.0,3389910.0,29,190,9,3,2585.0,9.2,497,15,13,409065,3390015,498,0,6,-80.33
513801,408960.0,3389910.0,29,190,9,3,2585.0,9.2,497,15,13,409075,3390005,498,0,5,-82.7
513801,408960.0,3389910.0,29,190,9,3,2585.0,9.2,497,15,13,409060,3390020,498,12,6,-74.75
513801,408960.0,3389910.0,29,190,9,3,2585.0,9.2,497,15,13,409035,3389965,497,24,6,-75.53
513801,408960.0,3389910.0,29,190,9,3,2585.0,9.2,497,15,13,409115,3390045,498,0,5,-93.6
513801,408960.0,3389910.0,29,190,9,3,2585.0,9.2,497,15,13,409110,3390050,498,0,5,-94.29
513801,408960.0,3389910.0,29,190,9,3,2585.0,9.2,497,15,13,409100,3390060,498,0,5,-91.0
513801,408960.0,3389910.0,29,190,9,3,2585.0,9.2,497,15,13,409090,3390070,498,0,6,-92.83
513801,408960.0,3389910.0,29,190,9,3,2585.0,9.2,497,15,13,408995,3389925,496,21,5,-76.6
513801,408960.0,3389910.0,29,190,9,3,2585.0,9.2,497,15,13,409105,3390055,498,0,5,-92.57
513801,408960.0,3389910.0,29,190,9,3,2585.0,9.2,497,15,13,409250,3389910,500,0,12,-106.0
513801,408960.0,3389910.0,29,190,9,3,2585.0,9.2,497,15,13,409085,3390075,498,0,6,-96.33
513801,408960.0,3389910.0,29,190,9,3,2585.0,9.2,497,15,13,408965,3389955,498,0,13,-84.0
513801,408960.0,3389910.0,29,190,9,3,2585.0,9.2,497,15,13,409080,3390080,498,0,5,-82.0
513801,408960.0,3389910.0,29,190,9,3,2585.0,9.2,497,15,13,409055,3390025,498,12,6,-86.33
513801,408960.0,3389910.0,29,190,9,3,2585.0,9.2,497,15,13,408990,3389930,497,21,5,-77.0
513801,408960.0,3389910.0,29,190,9,3,2585.0,9.2,497,15,13,408860,3389720,495,0,5,-91.5
513801,408960.0,3389910.0,29,190,9,3,2585.0,9.2,497,15,13,408910,3389670,497,0,5,-86.48
513801,408960.0,3389910.0,29,190,9,3,2585.0,9.2,497,15,13,408760,3389460,496,0,5,-89.91
513801,408960.0,3389910.0,29,190,9,3,2585.0,9.2,497,15,13,408885,3389655,496,0,13,-86.11
513801,408960.0,3389910.0,29,190,9,3,2585.0,9.2,497,15,13,408765,3389455,496,0,13,-89.83
513801,408960.0,3389910.0,29,190,9,3,2585.0,9.2,497,15,13,408890,3389650,496,0,13,-85.82
513801,408960.0,3389910.0,29,190,9,3,2585.0,9.2,497,15,13,408905,3389675,497,0,5,-83.93
513801,408960.0,3389910.0,29,190,9,3,2585.0,9.2,497,15,13,408780,3389480,495,0,13,-88.94
513801,408960.0,3389910.0,29,190,9,3,2585.0,9.2,497,15,13,408880,3389660,496,0,13,-86.14
513801,408960.0,3389910.0,29,190,9,3,2585.0,9.2,497,15,13,408915,3389665,497,6,5,-83.09
513801,408960.0,3389910.0,29,190,9,3,2585.0,9.2,497,15,13,408795,3389465,495,0,5,-88.88
513801,408960.0,3389910.0,29,190,9,3,2585.0,9.2,497,15,13,408775,3389445,496,0,13,-90.76
513801,408960.0,3389910.0,29,190,9,3,2585.0,9.2,497,15,13,408790,3389470,495,0,5,-89.59
513801,408960.0,3389910.0,29,190,9,3,2585.0,9.2,497,15,13,408785,3389475,495,0,5,-88.09
513801,408960.0,3389910.0,29,190,9,3,2585.0,9.2,497,15,13,408770,3389450,496,0,5,-91.64
513801,408960.0,3389910.0,29,190,9,3,2585.0,9.2,497,15,13,408920,3389620,496,0,6,-98.5
513801,408960.0,3389910.0,29,190,9,3,2585.0,9.2,497,15,13,408895,3389645,496,0,13,-85.66
513801,408960.0,3389910.0,29,190,9,3,2585.0,9.2,497,15,13,408900,3389680,497,0,13,-84.6
513801,408960.0,3389910.0,29,190,9,3,2585.0,9.2,497,15,13,408635,3389210,495,0,13,-93.0
513801,408960.0,3389910.0,29,190,9,3,2585.0,9.2,497,15,13,408955,3389855,497,0,6,-82.2
513801,408960.0,3389910.0,29,190,9,3,2585.0,9.2,497,15,13,408945,3389845,497,6,6,-86.5
513801,408960.0,3389910.0,29,190,9,3,2585.0,9.2,497,15,13,409180,3390090,496,60,12,-97.8
513801,408960.0,3389910.0,29,190,9,3,2585.0,9.2,497,15,13,409150,3390140,496,0,5,-102.87
513801,408960.0,3389910.0,29,190,9,3,2585.0,9.2,497,15,13,409170,3390120,495,0,5,-91.21
513801,408960.0,3389910.0,29,190,9,3,2585.0,9.2,497,15,13,409175,3390115,495,0,5,-88.64
513801,408960.0,3389910.0,29,190,9,3,2585.0,9.2,497,15,13,409145,3390125,496,0,6,-101.36
513801,408960.0,3389910.0,29,190,9,3,2585.0,9.2,497,15,13,409130,3390160,496,18,6,-100.0
513801,408960.0,3389910.0,29,190,9,3,2585.0,9.2,497,15,13,409190,3390100,495,60,6,-92.0
513801,408960.0,3389910.0,29,190,9,3,2585.0,9.2,497,15,13,409165,3390105,496,0,12,-91.65
513801,408960.0,3389910.0,29,190,9,3,2585.0,9.2,497,15,13,409160,3390110,496,0,12,-94.0
513801,408960.0,3389910.0,29,190,9,3,2585.0,9.2,497,15,13,409155,3390135,496,0,5,-102.21
513801,408960.0,3389910.0,29,190,9,3,2585.0,9.2,497,15,13,409205,3390225,499,0,5,-93.5
513801,408960.0,3389910.0,29,190,9,3,2585.0,9.2,497,15,13,409140,3390130,496,0,6,-101.68
513801,408960.0,3389910.0,29,190,9,3,2585.0,9.2,497,15,13,408950,3389860,497,6,5,-83.0
513801,408960.0,3389910.0,29,190,9,3,2585.0,9.2,497,15,13,409195,3390095,495,60,6,-106.5
513801,408960.0,3389910.0,29,190,9,3,2585.0,9.2,497,15,13,409265,3389760,499,21,5,-111.0
513801,408960.0,3389910.0,29,190,9,3,2585.0,9.2,497,15,13,409140,3389635,499,0,5,-125.0
513801,408960.0,3389910.0,29,190,9,3,2585.0,9.2,497,15,13,409150,3389625,499,0,5,-107.5
513801,408960.0,3389910.0,29,190,9,3,2585.0,9.2,497,15,13,409260,3390345,495,0,6,-91.5
513801,408960.0,3389910.0,29,190,9,3,2585.0,9.2,497,15,13,409255,3390340,495,0,6,-99.0
513801,408960.0,3389910.0,29,190,9,3,2585.0,9.2,497,15,13,408555,3389030,493,0,13,-90.0
513801,408960.0,3389910.0,29,190,9,3,2585.0,9.2,497,15,13,409060,3389640,498,0,5,-115.33
513801,408960.0,3389910.0,29,190,9,3,2585.0,9.2,497,15,13,408975,3389685,498,15,12,-84.5
513801,408960.0,3389910.0,29,190,9,3,2585.0,9.2,497,15,13,409115,3389665,498,0,5,-104.0
513801,408960.0,3389910.0,29,190,9,3,2585.0,9.2,497,15,13,408965,3389695,498,15,12,-76.65
513801,408960.0,3389910.0,29,190,9,3,2585.0,9.2,497,15,13,408990,3389710,497,0,13,-82.15
513801,408960.0,3389910.0,29,190,9,3,2585.0,9.2,497,15,13,409080,3389660,498,0,5,-111.38
513801,408960.0,3389910.0,29,190,9,3,2585.0,9.2,497,15,13,409100,3389680,497,0,6,-102.29
513801,408960.0,3389910.0,29,190,9,3,2585.0,9.2,497,15,13,409005,3389735,496,0,13,-87.52
513801,408960.0,3389910.0,29,190,9,3,2585.0,9.2,497,15,13,409000,3389740,496,0,13,-87.09
513801,408960.0,3389910.0,29,190,9,3,2585.0,9.2,497,15,13,409010,3389730,496,0,13,-88.33
513801,408960.0,3389910.0,29,190,9,3,2585.0,9.2,497,15,13,408970,3389690,498,15,12,-78.17
513801,408960.0,3389910.0,29,190,9,3,2585.0,9.2,497,15,13,408985,3389715,497,0,5,-80.42
513801,408960.0,3389910.0,29,190,9,3,2585.0,9.2,497,15,13,409095,3389645,498,0,5,-115.38
513801,408960.0,3389910.0,29,190,9,3,2585.0,9.2,497,15,13,408995,3389705,497,0,5,-82.45
513801,408960.0,3389910.0,29,190,9,3,2585.0,9.2,497,15,13,409085,3389655,498,0,6,-99.91
513801,408960.0,3389910.0,29,190,9,3,2585.0,9.2,497,15,13,409090,3389650,498,0,5,-108.65
513801,408960.0,3389910.0,29,190,9,3,2585.0,9.2,497,15,13,408960,3389700,498,0,5,-76.43
513801,408960.0,3389910.0,29,190,9,3,2585.0,9.2,497,15,13,408980,3389720,497,0,5,-81.6
513801,408960.0,3389910.0,29,190,9,3,2585.0,9.2,497,15,13,409015,3389725,496,0,13,-83.31
513801,408960.0,3389910.0,29,190,9,3,2585.0,9.2,497,15,13,409065,3389635,498,0,6,-139.5
513801,408960.0,3389910.0,29,190,9,3,2585.0,9.2,497,15,13,409075,3390010,498,0,5,-82.48
513801,408960.0,3389910.0,29,190,9,3,2585.0,9.2,497,15,13,408995,3389930,497,21,5,-79.5
513801,408960.0,3389910.0,29,190,9,3,2585.0,9.2,497,15,13,409085,3390080,498,0,6,-93.29
513801,408960.0,3389910.0,29,190,9,3,2585.0,9.2,497,15,13,409030,3389965,497,24,6,-78.0
513801,408960.0,3389910.0,29,190,9,3,2585.0,9.2,497,15,13,409020,3389975,497,0,5,-81.0
513801,408960.0,3389910.0,29,190,9,3,2585.0,9.2,497,15,13,409035,3389970,497,24,6,-81.5
513801,408960.0,3389910.0,29,190,9,3,2585.0,9.2,497,15,13,409115,3390050,498,0,5,-93.93
513801,408960.0,3389910.0,29,190,9,3,2585.0,9.2,497,15,13,409065,3390020,498,12,6,-86.0
513801,408960.0,3389910.0,29,190,9,3,2585.0,9.2,497,15,13,409110,3390045,498,0,5,-93.25
513801,408960.0,3389910.0,29,190,9,3,2585.0,9.2,497,15,13,409090,3390065,498,18,6,-88.24
513801,408960.0,3389910.0,29,190,9,3,2585.0,9.2,497,15,13,409105,3390060,498,0,5,-93.15
513801,408960.0,3389910.0,29,190,9,3,2585.0,9.2,497,15,13,409100,3390055,498,0,5,-90.38
513801,408960.0,3389910.0,29,190,9,3,2585.0,9.2,497,15,13,409095,3390070,498,0,6,-91.0
513801,408960.0,3389910.0,29,190,9,3,2585.0,9.2,497,15,13,409070,3390005,498,0,5,-81.83
513801,408960.0,3389910.0,29,190,9,3,2585.0,9.2,497,15,13,409225,3389860,502,0,5,-122.0
513801,408960.0,3389910.0,29,190,9,3,2585.0,9.2,497,15,13,408980,3389935,497,21,13,-97.5
513801,408960.0,3389910.0,29,190,9,3,2585.0,9.2,497,15,13,409230,3389845,501,0,5,-118.5
513801,408960.0,3389910.0,29,190,9,3,2585.0,9.2,497,15,13,409235,3389850,501,0,6,-109.0
513801,408960.0,3389910.0,29,190,9,3,2585.0,9.2,497,15,13,409250,3389905,500,0,12,-112.5
513801,408960.0,3389910.0,29,190,9,3,2585.0,9.2,497,15,13,409060,3390015,498,12,6,-79.0
513801,408960.0,3389910.0,29,190,9,3,2585.0,9.2,497,15,13,409235,3389875,501,21,12,-110.0
513801,408960.0,3389910.0,29,190,9,3,2585.0,9.2,497,15,13,409075,3390035,498,18,6,-86.78
513801,408960.0,3389910.0,29,190,9,3,2585.0,9.2,497,15,13,409085,3390045,498,0,6,-86.67
513801,408960.0,3389910.0,29,190,9,3,2585.0,9.2,497,15,13,409110,3390080,497,0,5,-94.45
513801,408960.0,3389910.0,29,190,9,3,2585.0,9.2,497,15,13,409080,3390050,498,18,6,-88.86
513801,408960.0,3389910.0,29,190,9,3,2585.0,9.2,497,15,13,409070,3390040,498,18,6,-85.6
513801,408960.0,3389910.0,29,190,9,3,2585.0,9.2,497,15,13,409250,3389900,500,0,12,-122.0
513801,408960.0,3389910.0,29,190,9,3,2585.0,9.2,497,15,13,409115,3390075,497,0,13,-95.73
513801,408960.0,3389910.0,29,190,9,3,2585.0,9.2,497,15,13,409005,3389965,497,0,5,-82.0
513801,408960.0,3389910.0,29,190,9,3,2585.0,9.2,497,15,13,409090,3390060,498,18,6,-86.37
513801,408960.0,3389910.0,29,190,9,3,2585.0,9.2,497,15,13,409105,3390065,498,0,5,-91.9
513801,408960.0,3389910.0,29,190,9,3,2585.0,9.2,497,15,13,409095,3390055,498,0,5,-87.0
513801,408960.0,3389910.0,29,190,9,3,2585.0,9.2,497,15,13,409100,3390070,498,0,6,-90.23
513801,408960.0,3389910.0,29,190,9,3,2585.0,9.2,497,15,13,408960,3389930,497,0,13,-93.0
513801,408960.0,3389910.0,29,190,9,3,2585.0,9.2,497,15,13,408965,3389925,497,0,5,-88.5
513801,408960.0,3389910.0,29,190,9,3,2585.0,9.2,497,15,13,409220,3389870,502,0,5,-116.5
513801,408960.0,3389910.0,29,190,9,3,2585.0,9.2,497,15,13,409065,3390025,498,0,6,-87.67
513801,408960.0,3389910.0,29,190,9,3,2585.0,9.2,497,15,13,409255,3389895,501,0,5,-112.5
513801,408960.0,3389910.0,29,190,9,3,2585.0,9.2,497,15,13,408995,3389955,497,0,5,-76.0
513801,408960.0,3389910.0,29,190,9,3,2585.0,9.2,497,15,13,408730,3389355,495,0,5,-89.5
513801,408960.0,3389910.0,29,190,9,3,2585.0,9.2,497,15,13,408510,3388935,494,0,12,-95.0
513801,408960.0,3389910.0,29,190,9,3,2585.0,9.2,497,15,13,408500,3388925,494,0,12,-97.0
513801,408960.0,3389910.0,29,190,9,3,2585.0,9.2,497,15,13,408515,3388940,494,0,12,-95.5
513801,408960.0,3389910.0,29,190,9,3,2585.0,9.2,497,15,13,408470,3388890,495,0,5,-103.5
513801,408960.0,3389910.0,29,190,9,3,2585.0,9.2,497,15,13,408945,3389970,499,0,5,-84.5
513801,408960.0,3389910.0,29,190,9,3,2585.0,9.2,497,15,13,409220,3390245,498,0,13,-102.0
513801,408960.0,3389910.0,29,190,9,3,2585.0,9.2,497,15,13,409200,3390105,495,60,5,-96.0
513801,408960.0,3389910.0,29,190,9,3,2585.0,9.2,497,15,13,408885,3389790,495,0,12,-90.5
513801,408960.0,3389910.0,29,190,9,3,2585.0,9.2,497,15,13,409140,3390165,496,18,6,-102.0
513801,408960.0,3389910.0,29,190,9,3,2585.0,9.2,497,15,13,408910,3389775,495,0,5,-99.2
513801,408960.0,3389910.0,29,190,9,3,2585.0,9.2,497,15,13,409240,3390145,496,45,5,-104.0
513801,408960.0,3389910.0,29,190,9,3,2585.0,9.2,497,15,13,408945,3389810,496,15,6,-87.32
513801,408960.0,3389910.0,29,190,9,3,2585.0,9.2,497,15,13,408950,3389815,496,15,6,-85.96
513801,408960.0,3389910.0,29,190,9,3,2585.0,9.2,497,15,13,409190,3390215,499,0,5,-106.75
513801,408960.0,3389910.0,29,190,9,3,2585.0,9.2,497,15,13,408955,3389820,496,15,6,-85.26
513801,408960.0,3389910.0,29,190,9,3,2585.0,9.2,497,15,13,408900,3389765,495,0,5,-93.5
513801,408960.0,3389910.0,29,190,9,3,2585.0,9.2,497,15,13,409185,3390210,498,0,5,-105.75
513801,408960.0,3389910.0,29,190,9,3,2585.0,9.2,497,15,13,409180,3390205,498,0,5,-100.33
513801,408960.0,3389910.0,29,190,9,3,2585.0,9.2,497,15,13,408940,3389805,496,0,6,-90.39
513801,408960.0,3389910.0,29,190,9,3,2585.0,9.2,497,15,13,409155,3390180,497,18,6,-100.25
513801,408960.0,3389910.0,29,190,9,3,2585.0,9.2,497,15,13,408915,3389780,495,0,6,-109.8
513801,408960.0,3389910.0,29,190,9,3,2585.0,9.2,497,15,13,409145,3390170,496,18,6,-101.5
513801,408960.0,3389910.0,29,190,9,3,2585.0,9.2,497,15,13,408905,3389770,495,0,5,-96.33
513801,408960.0,3389910.0,29,190,9,3,2585.0,9.2,497,15,13,409150,3390175,497,18,6,-99.67
513801,408960.0,3389910.0,29,190,9,3,2585.0,9.2,497,15,13,409270,3390330,495,0,6,-93.33
513801,408960.0,3389910.0,29,190,9,3,2585.0,9.2,497,15,13,409275,3390325,495,0,6,-102.2
513801,408960.0,3389910.0,29,190,9,3,2585.0,9.2,497,15,13,408800,3389460,495,0,13,-88.18
513801,408960.0,3389910.0,29,190,9,3,2585.0,9.2,497,15,13,408805,3389455,495,9,13,-99.0
513801,408960.0,3389910.0,29,190,9,3,2585.0,9.2,497,15,13,408480,3388915,495,0,5,-103.0
513801,408960.0,3389910.0,29,190,9,3,2585.0,9.2,497,15,13,409040,3389820,495,0,5,-85.0
513801,408960.0,3389910.0,29,190,9,3,2585.0,9.2,497,15,13,409130,3390050,497,0,5,-92.97
513801,408960.0,3389910.0,29,190,9,3,2585.0,9.2,497,15,13,409035,3389865,495,0,13,-78.09
513801,408960.0,3389910.0,29,190,9,3,2585.0,9.2,497,15,13,409155,3390065,497,0,5,-97.0
513801,408960.0,3389910.0,29,190,9,3,2585.0,9.2,497,15,13,409045,3389815,495,0,5,-90.5
513801,408960.0,3389910.0,29,190,9,3,2585.0,9.2,497,15,13,408995,3389905,496,0,6,-81.91
513801,408960.0,3389910.0,29,190,9,3,2585.0,9.2,497,15,13,409010,3389850,495,0,5,-72.78
513801,408960.0,3389910.0,29,190,9,3,2585.0,9.2,497,15,13,409025,3389875,495,0,5,-73.83
513801,408960.0,3389910.0,29,190,9,3,2585.0,9.2,497,15,13,409000,3389860,496,0,13,-76.55
513801,408960.0,3389910.0,29,190,9,3,2585.0,9.2,497,15,13,408990,3389910,496,0,6,-87.24
513801,408960.0,3389910.0,29,190,9,3,2585.0,9.2,497,15,13,409020,3389880,495,0,5,-77.7
513801,408960.0,3389910.0,29,190,9,3,2585.0,9.2,497,15,13,409030,3389870,495,0,13,-68.94
513801,408960.0,3389910.0,29,190,9,3,2585.0,9.2,497,15,13,409120,3390060,497,0,5,-94.48
513801,408960.0,3389910.0,29,190,9,3,2585.0,9.2,497,15,13,409140,3390080,497,0,13,-94.13
513801,408960.0,3389910.0,29,190,9,3,2585.0,9.2,497,15,13,409015,3389845,495,0,13,-69.8
513801,408960.0,3389910.0,29,190,9,3,2585.0,9.2,497,15,13,409005,3389855,496,0,13,-75.94
513801,408960.0,3389910.0,29,190,9,3,2585.0,9.2,497,15,13,408980,3389920,497,0,5,-87.25
513801,408960.0,3389910.0,29,190,9,3,2585.0,9.2,497,15,13,409145,3390075,497,0,5,-93.28
513801,408960.0,3389910.0,29,190,9,3,2585.0,9.2,497,15,13,408985,3389915,497,0,5,-86.94
513801,408960.0,3389910.0,29,190,9,3,2585.0,9.2,497,15,13,409150,3390070,497,0,5,-94.2
513801,408960.0,3389910.0,29,190,9,3,2585.0,9.2,497,15,13,409125,3390055,497,0,5,-93.44
513801,408960.0,3389910.0,29,190,9,3,2585.0,9.2,497,15,13,409060,3389840,495,0,5,-92.5
513801,408960.0,3389910.0,29,190,9,3,2585.0,9.2,497,15,13,409135,3390045,497,21,5,-90.78
513801,408960.0,3389910.0,29,190,9,3,2585.0,9.2,497,15,13,409065,3389835,495,18,5,-93.5
513801,408960.0,3389910.0,29,190,9,3,2585.0,9.2,497,15,13,408975,3389885,496,0,6,-86.43
513801,408960.0,3389910.0,29,190,9,3,2585.0,9.2,497,15,13,408960,3389900,497,0,13,-87.5
513801,408960.0,3389910.0,29,190,9,3,2585.0,9.2,497,15,13,409200,3390165,497,0,10,-99.64
513801,408960.0,3389910.0,29,190,9,3,2585.0,9.2,497,15,13,409195,3390160,497,0,10,-98.3
513801,408960.0,3389910.0,29,190,9,3,2585.0,9.2,497,15,13,409215,3390180,498,0,5,-97.5
513801,408960.0,3389910.0,29,190,9,3,2585.0,9.2,497,15,13,409120,3390085,497,0,13,-97.58
513801,408960.0,3389910.0,29,190,9,3,2585.0,9.2,497,15,13,409190,3390155,496,0,10,-100.34
513801,408960.0,3389910.0,29,190,9,3,2585.0,9.2,497,15,13,409210,3390175,497,0,5,-99.33
513801,408960.0,3389910.0,29,190,9,3,2585.0,9.2,497,15,13,409140,3390105,496,0,12,-98.45
513801,408960.0,3389910.0,29,190,9,3,2585.0,9.2,497,15,13,409125,3390090,497,0,5,-97.09
513801,408960.0,3389910.0,29,190,9,3,2585.0,9.2,497,15,13,409130,3390095,496,0,5,-98.82
513801,408960.0,3389910.0,29,190,9,3,2585.0,9.2,497,15,13,409165,3390130,496,0,5,-97.54
513801,408960.0,3389910.0,29,190,9,3,2585.0,9.2,497,15,13,409155,3390120,496,0,6,-99.16
513801,408960.0,3389910.0,29,190,9,3,2585.0,9.2,497,15,13,409160,3390125,495,0,5,-98.64
513801,408960.0,3389910.0,29,190,9,3,2585.0,9.2,497,15,13,409145,3390110,496,0,5,-99.14
513801,408960.0,3389910.0,29,190,9,3,2585.0,9.2,497,15,13,409150,3390115,496,0,5,-98.37
513801,408960.0,3389910.0,29,190,9,3,2585.0,9.2,497,15,13,409135,3390100,496,0,12,-98.91
513801,408960.0,3389910.0,29,190,9,3,2585.0,9.2,497,15,13,409170,3390135,496,0,5,-100.04
513801,408960.0,3389910.0,29,190,9,3,2585.0,9.2,497,15,13,409185,3390150,496,0,10,-99.61
513801,408960.0,3389910.0,29,190,9,3,2585.0,9.2,497,15,13,409180,3390145,496,0,10,-99.71
513801,408960.0,3389910.0,29,190,9,3,2585.0,9.2,497,15,13,409175,3390140,496,0,5,-98.27
513801,408960.0,3389910.0,29,190,9,3,2585.0,9.2,497,15,13,409225,3390190,498,15,11,-103.0
513801,408960.0,3389910.0,29,190,9,3,2585.0,9.2,497,15,13,409205,3390170,497,0,5,-98.33
513801,408960.0,3389910.0,29,190,9,3,2585.0,9.2,497,15,13,408965,3389885,497,6,5,-77.67
513801,408960.0,3389910.0,29,190,9,3,2585.0,9.2,497,15,13,408970,3389900,497,5,5,-104.0
513801,408960.0,3389910.0,29,190,9,3,2585.0,9.2,497,15,13,409575,3389615,499,0,12,-84.0
513801,408960.0,3389910.0,29,190,9,3,2585.0,9.2,497,15,13,409015,3389855,495,0,13,-72.0
513801,408960.0,3389910.0,29,190,9,3,2585.0,9.2,497,15,13,409150,3390080,496,0,5,-90.91
513801,408960.0,3389910.0,29,190,9,3,2585.0,9.2,497,15,13,409155,3390075,496,0,5,-93.44
513801,408960.0,3389910.0,29,190,9,3,2585.0,9.2,497,15,13,409020,3389870,495,0,5,-73.53
513801,408960.0,3389910.0,29,190,9,3,2585.0,9.2,497,15,13,408980,3389910,497,0,5,-92.46
513801,408960.0,3389910.0,29,190,9,3,2585.0,9.2,497,15,13,409000,3389850,496,0,5,-76.68
513801,408960.0,3389910.0,29,190,9,3,2585.0,9.2,497,15,13,409130,3390060,497,0,13,-93.18
513801,408960.0,3389910.0,29,190,9,3,2585.0,9.2,497,15,13,409145,3390065,497,0,5,-92.71
513801,408960.0,3389910.0,29,190,9,3,2585.0,9.2,497,15,13,408960,3389890,497,0,13,-80.0
513801,408960.0,3389910.0,29,190,9,3,2585.0,9.2,497,15,13,409120,3390050,498,0,5,-94.15
513801,408960.0,3389910.0,29,190,9,3,2585.0,9.2,497,15,13,409140,3390070,497,0,5,-94.47
513801,408960.0,3389910.0,29,190,9,3,2585.0,9.2,497,15,13,409030,3389880,495,0,5,-72.39
513801,408960.0,3389910.0,29,190,9,3,2585.0,9.2,497,15,13,408995,3389915,496,0,6,-80.06
513801,408960.0,3389910.0,29,190,9,3,2585.0,9.2,497,15,13,408990,3389920,497,21,5,-84.0
513801,408960.0,3389910.0,29,190,9,3,2585.0,9.2,497,15,13,409010,3389860,495,0,5,-76.35
513801,408960.0,3389910.0,29,190,9,3,2585.0,9.2,497,15,13,409125,3390045,498,0,5,-92.33
513801,408960.0,3389910.0,29,190,9,3,2585.0,9.2,497,15,13,409025,3389865,495,0,5,-69.86
513801,408960.0,3389910.0,29,190,9,3,2585.0,9.2,497,15,13,409050,3389820,495,0,5,-100.64
513801,408960.0,3389910.0,29,190,9,3,2585.0,9.2,497,15,13,409005,3389845,495,0,5,-74.0
513801,408960.0,3389910.0,29,190,9,3,2585.0,9.2,497,15,13,409135,3390055,497,0,5,-94.59
513801,408960.0,3389910.0,29,190,9,3,2585.0,9.2,497,15,13,408985,3389905,496,0,5,-94.19
513801,408960.0,3389910.0,29,190,9,3,2585.0,9.2,497,15,13,409035,3389875,495,0,5,-71.08
513801,408960.0,3389910.0,29,190,9,3,2585.0,9.2,497,15,13,409055,3389815,495,0,5,-94.0
513801,408960.0,3389910.0,29,190,9,3,2585.0,9.2,497,15,13,408975,3389895,497,6,5,-101.33
513801,408960.0,3389910.0,29,190,9,3,2585.0,9.2,497,15,13,409160,3390010,497,0,5,-95.5
513801,408960.0,3389910.0,29,190,9,3,2585.0,9.2,497,15,13,409125,3389715,497,0,6,-112.0
513801,408960.0,3389910.0,29,190,9,3,2585.0,9.2,497,15,13,408590,3389110,494,0,5,-93.0
513801,408960.0,3389910.0,29,190,9,3,2585.0,9.2,497,15,13,408520,3388980,493,0,5,-123.0
513801,408960.0,3389910.0,29,190,9,3,2585.0,9.2,497,15,13,408475,3388905,495,0,5,-96.0
513801,408960.0,3389910.0,29,190,9,3,2585.0,9.2,497,15,13,408915,3389835,496,6,6,-88.0
513801,408960.0,3389910.0,29,190,9,3,2585.0,9.2,497,15,13,409230,3390160,497,0,5,-98.33
513801,408960.0,3389910.0,29,190,9,3,2585.0,9.2,497,15,13,409180,3390190,498,0,5,-101.62
513801,408960.0,3389910.0,29,190,9,3,2585.0,9.2,497,15,13,409210,3390140,496,0,10,-100.5
513801,408960.0,3389910.0,29,190,9,3,2585.0,9.2,497,15,13,408925,3389765,496,0,6,-114.27
513801,408960.0,3389910.0,29,190,9,3,2585.0,9.2,497,15,13,409245,3390085,495,0,5,-95.5
513801,408960.0,3389910.0,29,190,9,3,2585.0,9.2,497,15,13,409185,3390185,497,0,5,-104.42
513801,408960.0,3389910.0,29,190,9,3,2585.0,9.2,497,15,13,408950,3389800,496,0,6,-87.59
513801,408960.0,3389910.0,29,190,9,3,2585.0,9.2,497,15,13,408930,3389780,496,0,6,-92.28
513801,408960.0,3389910.0,29,190,9,3,2585.0,9.2,497,15,13,409190,3390200,498,0,5,-101.7
513801,408960.0,3389910.0,29,190,9,3,2585.0,9.2,497,15,13,408940,3389790,496,0,6,-93.73
513801,408960.0,3389910.0,29,190,9,3,2585.0,9.2,497,15,13,409175,3390175,497,0,5,-103.09
513801,408960.0,3389910.0,29,190,9,3,2585.0,9.2,497,15,13,408955,3389795,496,0,6,-85.4
513801,408960.0,3389910.0,29,190,9,3,2585.0,9.2,497,15,13,409225,3390145,496,0,5,-97.0
513801,408960.0,3389910.0,29,190,9,3,2585.0,9.2,497,15,13,409235,3390155,497,0,5,-102.0
513801,408960.0,3389910.0,29,190,9,3,2585.0,9.2,497,15,13,408945,3389785,496,0,6,-92.45
513801,408960.0,3389910.0,29,190,9,3,2585.0,9.2,497,15,13,409165,3390165,497,0,5,-103.0
513801,408960.0,3389910.0,29,190,9,3,2585.0,9.2,497,15,13,409195,3390195,498,0,5,-102.29
513801,408960.0,3389910.0,29,190,9,3,2585.0,9.2,497,15,13,409215,3390135,496,0,5,-102.71
513801,408960.0,3389910.0,29,190,9,3,2585.0,9.2,497,15,13,408935,3389775,496,0,6,-97.48
513801,408960.0,3389910.0,29,190,9,3,2585.0,9.2,497,15,13,409160,3390170,497,0,5,-102.57
513801,408960.0,3389910.0,29,190,9,3,2585.0,9.2,497,15,13,409170,3390180,497,0,5,-101.55
513801,408960.0,3389910.0,29,190,9,3,2585.0,9.2,497,15,13,409220,3390150,496,0,10,-94.67
513801,408960.0,3389910.0,29,190,9,3,2585.0,9.2,497,15,13,409205,3390125,495,0,10,-97.5
513801,408960.0,3389910.0,29,190,9,3,2585.0,9.2,497,15,13,408920,3389770,496,0,6,-93.45
513801,408960.0,3389910.0,29,190,9,3,2585.0,9.2,497,15,13,409200,3390130,495,0,10,-98.44
513801,408960.0,3389910.0,29,190,9,3,2585.0,9.2,497,15,13,409105,3390100,497,0,6,-95.25
513801,408960.0,3389910.0,29,190,9,3,2585.0,9.2,497,15,13,409115,3390090,497,0,5,-95.55
513801,408960.0,3389910.0,29,190,9,3,2585.0,9.2,497,15,13,409110,3390085,497,0,6,-94.55
513801,408960.0,3389910.0,29,190,9,3,2585.0,9.2,497,15,13,409240,3390275,497,0,13,-114.5
513801,408960.0,3389910.0,29,190,9,3,2585.0,9.2,497,15,13,409235,3390290,496,0,5,-105.0
513801,408960.0,3389910.0,29,190,9,3,2585.0,9.2,497,15,13,409245,3390280,497,0,13,-107.33
513801,408960.0,3389910.0,29,190,9,3,2585.0,9.2,497,15,13,409100,3390095,497,0,6,-95.0
513801,408960.0,3389910.0,29,190,9,3,2585.0,9.2,497,15,13,408470,3388900,495,0,5,-106.25
513801,408960.0,3389910.0,29,190,9,3,2585.0,9.2,497,15,13,409070,3389845,495,0,5,-96.0
513801,408960.0,3389910.0,29,190,9,3,2585.0,9.2,497,15,13,409025,3389820,495,0,5,-79.67
513801,408960.0,3389910.0,29,190,9,3,2585.0,9.2,497,15,13,408995,3389770,496,0,6,-83.33
513801,408960.0,3389910.0,29,190,9,3,2585.0,9.2,497,15,13,408980,3389775,496,0,6,-74.18
513801,408960.0,3389910.0,29,190,9,3,2585.0,9.2,497,15,13,409015,3389830,495,0,5,-73.63
513801,408960.0,3389910.0,29,190,9,3,2585.0,9.2,497,15,13,409065,3389860,495,0,5,-98.63
513801,408960.0,3389910.0,29,190,9,3,2585.0,9.2,497,15,13,408965,3389800,496,0,6,-80.17
513801,408960.0,3389910.0,29,190,9,3,2585.0,9.2,497,15,13,408975,3389790,496,0,6,-79.27
513801,408960.0,3389910.0,29,190,9,3,2585.0,9.2,497,15,13,409000,3389835,496,0,5,-74.23
513801,408960.0,3389910.0,29,190,9,3,2585.0,9.2,497,15,13,408970,3389785,496,0,6,-79.57
513801,408960.0,3389910.0,29,190,9,3,2585.0,9.2,497,15,13,408960,3389795,496,0,6,-82.08
513801,408960.0,3389910.0,29,190,9,3,2585.0,9.2,497,15,13,409045,3389880,495,21,5,-76.21
513801,408960.0,3389910.0,29,190,9,3,2585.0,9.2,497,15,13,408985,3389780,496,0,6,-78.16
513801,408960.0,3389910.0,29,190,9,3,2585.0,9.2,497,15,13,409005,3389840,495,0,5,-71.76
513801,408960.0,3389910.0,29,190,9,3,2585.0,9.2,497,15,13,409060,3389855,495,0,13,-91.56
513801,408960.0,3389910.0,29,190,9,3,2585.0,9.2,497,15,13,409040,3389875,495,0,5,-73.0
513801,408960.0,3389910.0,29,190,9,3,2585.0,9.2,497,15,13,409050,3389865,495,21,13,-80.6
513801,408960.0,3389910.0,29,190,9,3,2585.0,9.2,497,15,13,408990,3389765,496,0,5,-77.6
513801,408960.0,3389910.0,29,190,9,3,2585.0,9.2,497,15,13,409055,3389870,495,21,5,-97.22
513801,408960.0,3389910.0,29,190,9,3,2585.0,9.2,497,15,13,409010,3389825,495,6,5,-75.2
513801,408960.0,3389910.0,29,190,9,3,2585.0,9.2,497,15,13,408740,3389440,497,0,6,-88.0
513801,408960.0,3389910.0,29,190,9,3,2585.0,9.2,497,15,13,408760,3389380,495,12,13,-85.33
513801,408960.0,3389910.0,29,190,9,3,2585.0,9.2,497,15,13,408730,3389410,497,0,6,-94.8
513801,408960.0,3389910.0,29,190,9,3,2585.0,9.2,497,15,13,408750,3389430,497,0,5,-91.55
513801,408960.0,3389910.0,29,190,9,3,2585.0,9.2,497,15,13,408745,3389435,497,0,5,-94.2
513801,408960.0,3389910.0,29,190,9,3,2585.0,9.2,497,15,13,408735,3389405,497,0,5,-95.4
513801,408960.0,3389910.0,29,190,9,3,2585.0,9.2,497,15,13,408755,3389425,496,0,5,-90.46
513801,408960.0,3389910.0,29,190,9,3,2585.0,9.2,497,15,13,409240,3389750,499,0,13,-116.5
513801,408960.0,3389910.0,29,190,9,3,2585.0,9.2,497,15,13,409150,3389620,499,0,13,-104.33
513801,408960.0,3389910.0,29,190,9,3,2585.0,9.2,497,15,13,409255,3389755,499,0,13,-113.0
513801,408960.0,3389910.0,29,190,9,3,2585.0,9.2,497,15,13,409155,3389615,499,0,13,-109.5
513801,408960.0,3389910.0,29,190,9,3,2585.0,9.2,497,15,13,409135,3389635,499,0,5,-107.33
513801,408960.0,3389910.0,29,190,9,3,2585.0,9.2,497,15,13,409120,3389630,498,0,13,-124.4
513801,408960.0,3389910.0,29,190,9,3,2585.0,9.2,497,15,13,409275,3389735,500,21,5,-103.5
513801,408960.0,3389910.0,29,190,9,3,2585.0,9.2,497,15,13,409190,3389660,500,18,6,-102.4
513801,408960.0,3389910.0,29,190,9,3,2585.0,9.2,497,15,13,408295,3390135,502,0,5,-116.33
513801,408960.0,3389910.0,29,190,9,3,2585.0,9.2,497,15,13,408310,3390135,502,0,13,-120.33
513801,408960.0,3389910.0,29,190,9,3,2585.0,9.2,497,15,13,408515,3388980,494,0,5,-96.5
513801,408960.0,3389910.0,29,190,9,3,2585.0,9.2,497,15,13,408510,3388975,494,0,5,-101.5
513801,408960.0,3389910.0,29,190,9,3,2585.0,9.2,497,15,13,408785,3389430,496,12,5,-89.67
513801,408960.0,3389910.0,29,190,9,3,2585.0,9.2,497,15,13,408795,3389440,496,9,13,-92.0
513801,408960.0,3389910.0,29,190,9,3,2585.0,9.2,497,15,13,408775,3389420,496,12,13,-91.33
513801,408960.0,3389910.0,29,190,9,3,2585.0,9.2,497,15,13,408770,3389415,496,0,5,-89.32
513801,408960.0,3389910.0,29,190,9,3,2585.0,9.2,497,15,13,408740,3389385,496,0,13,-91.72
513801,408960.0,3389910.0,29,190,9,3,2585.0,9.2,497,15,13,408710,3389355,496,0,5,-93.0
513801,408960.0,3389910.0,29,190,9,3,2585.0,9.2,497,15,13,408760,3389405,496,0,6,-89.54
513801,408960.0,3389910.0,29,190,9,3,2585.0,9.2,497,15,13,408715,3389360,496,0,13,-93.6
513801,408960.0,3389910.0,29,190,9,3,2585.0,9.2,497,15,13,408720,3389365,496,0,13,-98.2
513801,408960.0,3389910.0,29,190,9,3,2585.0,9.2,497,15,13,408745,3389390,496,0,13,-88.78
513801,408960.0,3389910.0,29,190,9,3,2585.0,9.2,497,15,13,408765,3389410,496,0,5,-90.36
513801,408960.0,3389910.0,29,190,9,3,2585.0,9.2,497,15,13,408755,3389400,496,0,6,-88.05
513801,408960.0,3389910.0,29,190,9,3,2585.0,9.2,497,15,13,408730,3389375,496,0,13,-88.67
513801,408960.0,3389910.0,29,190,9,3,2585.0,9.2,497,15,13,408780,3389425,496,12,13,-84.0
513801,408960.0,3389910.0,29,190,9,3,2585.0,9.2,497,15,13,408750,3389395,496,0,5,-89.56
513801,408960.0,3389910.0,29,190,9,3,2585.0,9.2,497,15,13,408725,3389370,496,0,13,-93.44
513801,408960.0,3389910.0,29,190,9,3,2585.0,9.2,497,15,13,408705,3389350,496,0,5,-94.5
513801,408960.0,3389910.0,29,190,9,3,2585.0,9.2,497,15,13,408735,3389380,496,0,13,-91.08
513801,408960.0,3389910.0,29,190,9,3,2585.0,9.2,497,15,13,408790,3389435,496,0,13,-89.5
513801,408960.0,3389910.0,29,190,9,3,2585.0,9.2,497,15,13,409260,3390310,495,0,5,-94.4
513801,408960.0,3389910.0,29,190,9,3,2585.0,9.2,497,15,13,409235,3390275,497,0,13,-100.5
513801,408960.0,3389910.0,29,190,9,3,2585.0,9.2,497,15,13,409265,3390305,495,0,5,-101.57
513801,408960.0,3389910.0,29,190,9,3,2585.0,9.2,497,15,13,409225,3390265,497,0,5,-101.0
513801,408960.0,3389910.0,29,190,9,3,2585.0,9.2,497,15,13,409270,3390320,495,0,6,-101.0
513801,408960.0,3389910.0,29,190,9,3,2585.0,9.2,497,15,13,409245,3390285,496,0,13,-102.67
513801,408960.0,3389910.0,29,190,9,3,2585.0,9.2,497,15,13,409255,3390295,496,0,5,-103.8
513801,408960.0,3389910.0,29,190,9,3,2585.0,9.2,497,15,13,409275,3390315,495,0,6,-100.67
513801,408960.0,3389910.0,29,190,9,3,2585.0,9.2,497,15,13,409125,3389720,497,0,6,-104.5
513801,408960.0,3389910.0,29,190,9,3,2585.0,9.2,497,15,13,409010,3389780,495,9,6,-86.0
513801,408960.0,3389910.0,29,190,9,3,2585.0,9.2,497,15,13,409000,3389770,495,0,6,-76.0
513801,408960.0,3389910.0,29,190,9,3,2585.0,9.2,497,15,13,409075,3389915,496,18,5,-75.33
513801,408960.0,3389910.0,29,190,9,3,2585.0,9.2,497,15,13,409060,3389910,496,18,5,-75.13
513801,408960.0,3389910.0,29,190,9,3,2585.0,9.2,497,15,13,409050,3389900,496,0,13,-71.44
513801,408960.0,3389910.0,29,190,9,3,2585.0,9.2,497,15,13,409145,3389985,498,0,5,-93.0
513801,408960.0,3389910.0,29,190,9,3,2585.0,9.2,497,15,13,409040,3389890,495,0,5,-70.15
513801,408960.0,3389910.0,29,190,9,3,2585.0,9.2,497,15,13,409065,3389905,496,0,5,-78.78
513801,408960.0,3389910.0,29,190,9,3,2585.0,9.2,497,15,13,408970,3389820,496,0,6,-80.52
513801,408960.0,3389910.0,29,190,9,3,2585.0,9.2,497,15,13,408975,3389815,496,0,6,-78.64
513801,408960.0,3389910.0,29,190,9,3,2585.0,9.2,497,15,13,408965,3389805,496,0,6,-81.84
513801,408960.0,3389910.0,29,190,9,3,2585.0,9.2,497,15,13,408995,3389835,496,0,5,-74.6
513801,408960.0,3389910.0,29,190,9,3,2585.0,9.2,497,15,13,408990,3389840,496,0,5,-76.04
513801,408960.0,3389910.0,29,190,9,3,2585.0,9.2,497,15,13,408985,3389825,496,0,6,-75.41
513801,408960.0,3389910.0,29,190,9,3,2585.0,9.2,497,15,13,408980,3389830,496,0,6,-78.71
513801,408960.0,3389910.0,29,190,9,3,2585.0,9.2,497,15,13,408960,3389810,496,0,6,-85.42
513801,408960.0,3389910.0,29,190,9,3,2585.0,9.2,497,15,13,409055,3389895,496,21,13,-79.71
513801,408960.0,3389910.0,29,190,9,3,2585.0,9.2,497,15,13,409045,3389885,495,21,5,-73.64
513801,408960.0,3389910.0,29,190,9,3,2585.0,9.2,497,15,13,409070,3389920,496,18,5,-75.5
513801,408960.0,3389910.0,29,190,9,3,2585.0,9.2,497,15,13,408635,3389205,495,0,13,-87.5
513801,408960.0,3389910.0,29,190,9,3,2585.0,9.2,497,15,13,408730,3389415,497,0,6,-93.5
513801,408960.0,3389910.0,29,190,9,3,2585.0,9.2,497,15,13,408755,3389440,497,0,13,-91.11
513801,408960.0,3389910.0,29,190,9,3,2585.0,9.2,497,15,13,408735,3389420,497,0,6,-92.78
513801,408960.0,3389910.0,29,190,9,3,2585.0,9.2,497,15,13,408740,3389425,497,0,5,-92.25
513801,408960.0,3389910.0,29,190,9,3,2585.0,9.2,497,15,13,408745,3389430,497,0,5,-92.2
513801,408960.0,3389910.0,29,190,9,3,2585.0,9.2,497,15,13,408750,3389435,497,0,5,-89.58
513801,408960.0,3389910.0,29,190,9,3,2585.0,9.2,497,15,13,409070,3389925,496,0,5,-76.6
513801,408960.0,3389910.0,29,190,9,3,2585.0,9.2,497,15,13,409075,3389930,496,6,5,-84.5
513801,408960.0,3389910.0,29,190,9,3,2585.0,9.2,497,15,13,409090,3389985,497,0,5,-79.63
513801,408960.0,3389910.0,29,190,9,3,2585.0,9.2,497,15,13,409040,3389955,496,0,5,-77.33
513801,408960.0,3389910.0,29,190,9,3,2585.0,9.2,497,15,13,409065,3389940,496,0,12,-74.89
513801,408960.0,3389910.0,29,190,9,3,2585.0,9.2,497,15,13,409050,3389945,496,0,12,-77.37
513801,408960.0,3389910.0,29,190,9,3,2585.0,9.2,497,15,13,409085,3390000,498,0,13,-84.94
513801,408960.0,3389910.0,29,190,9,3,2585.0,9.2,497,15,13,409055,3389950,496,0,12,-76.64
513801,408960.0,3389910.0,29,190,9,3,2585.0,9.2,497,15,13,409080,3389995,498,0,13,-83.0
513801,408960.0,3389910.0,29,190,9,3,2585.0,9.2,497,15,13,409095,3389990,497,0,13,-78.0
513801,408960.0,3389910.0,29,190,9,3,2585.0,9.2,497,15,13,409060,3389935,496,0,12,-76.06
513801,408960.0,3389910.0,29,190,9,3,2585.0,9.2,497,15,13,409045,3389960,496,0,5,-78.59
513801,408960.0,3389910.0,29,190,9,3,2585.0,9.2,497,15,13,409135,3390175,496,0,6,-107.0
513801,408960.0,3389910.0,29,190,9,3,2585.0,9.2,497,15,13,409240,3390130,496,45,13,-108.5
513801,408960.0,3389910.0,29,190,9,3,2585.0,9.2,497,15,13,408940,3389830,497,0,6,-89.38
513801,408960.0,3389910.0,29,190,9,3,2585.0,9.2,497,15,13,408920,3389810,496,0,6,-86.33
513801,408960.0,3389910.0,29,190,9,3,2585.0,9.2,497,15,13,409140,3390190,497,21,5,-101.0
513801,408960.0,3389910.0,29,190,9,3,2585.0,9.2,497,15,13,408905,3389785,495,0,5,-108.0
513801,408960.0,3389910.0,29,190,9,3,2585.0,9.2,497,15,13,408925,3389805,496,0,6,-90.25
513801,408960.0,3389910.0,29,190,9,3,2585.0,9.2,497,15,13,408930,3389820,496,6,6,-85.83
513801,408960.0,3389910.0,29,190,9,3,2585.0,9.2,497,15,13,408955,3389835,496,15,6,-83.47
513801,408960.0,3389910.0,29,190,9,3,2585.0,9.2,497,15,13,408945,3389825,496,0,6,-92.65
513801,408960.0,3389910.0,29,190,9,3,2585.0,9.2,497,15,13,409250,3390140,496,45,5,-104.67
513801,408960.0,3389910.0,29,190,9,3,2585.0,9.2,497,15,13,408950,3389840,497,0,6,-81.33
513801,408960.0,3389910.0,29,190,9,3,2585.0,9.2,497,15,13,409175,3390215,498,18,6,-99.0
513801,408960.0,3389910.0,29,190,9,3,2585.0,9.2,497,15,13,408910,3389800,496,0,6,-88.0
513801,408960.0,3389910.0,29,190,9,3,2585.0,9.2,497,15,13,409210,3390100,495,60,5,-101.5
513801,408960.0,3389910.0,29,190,9,3,2585.0,9.2,497,15,13,408915,3389795,496,0,6,-90.0
513801,408960.0,3389910.0,29,190,9,3,2585.0,9.2,497,15,13,408935,3389815,496,0,6,-85.67
513801,408960.0,3389910.0,29,190,9,3,2585.0,9.2,497,15,13,408895,3389775,495,0,12,-85.0
513801,408960.0,3389910.0,29,190,9,3,2585.0,9.2,497,15,13,408850,3389625,495,0,6,-87.0
513801,408960.0,3389910.0,29,190,9,3,2585.0,9.2,497,15,13,408855,3389630,495,0,13,-87.63
513801,408960.0,3389910.0,29,190,9,3,2585.0,9.2,497,15,13,408955,3389690,498,0,5,-78.67
513801,408960.0,3389910.0,29,190,9,3,2585.0,9.2,497,15,13,408950,3389685,498,0,5,-78.04
513801,408960.0,3389910.0,29,190,9,3,2585.0,9.2,497,15,13,408940,3389695,498,0,12,-82.9
513801,408960.0,3389910.0,29,190,9,3,2585.0,9.2,497,15,13,408920,3389715,497,0,5,-83.0
513801,408960.0,3389910.0,29,190,9,3,2585.0,9.2,497,15,13,408790,3389525,495,0,6,-88.75
513801,408960.0,3389910.0,29,190,9,3,2585.0,9.2,497,15,13,408865,3389620,495,0,5,-86.51
513801,408960.0,3389910.0,29,190,9,3,2585.0,9.2,497,15,13,408870,3389605,495,0,5,-86.12
513801,408960.0,3389910.0,29,190,9,3,2585.0,9.2,497,15,13,408925,3389720,497,0,5,-81.48
513801,408960.0,3389910.0,29,190,9,3,2585.0,9.2,497,15,13,408935,3389710,497,0,5,-83.06
513801,408960.0,3389910.0,29,190,9,3,2585.0,9.2,497,15,13,408930,3389705,497,0,5,-84.62
513801,408960.0,3389910.0,29,190,9,3,2585.0,9.2,497,15,13,408945,3389700,498,0,13,-78.67
513801,408960.0,3389910.0,29,190,9,3,2585.0,9.2,497,15,13,408840,3389635,495,24,6,-88.67
513801,408960.0,3389910.0,29,190,9,3,2585.0,9.2,497,15,13,408860,3389615,495,0,13,-87.26
513801,408960.0,3389910.0,29,190,9,3,2585.0,9.2,497,15,13,408910,3389725,496,0,6,-92.08
513801,408960.0,3389910.0,29,190,9,3,2585.0,9.2,497,15,13,408875,3389610,495,0,5,-87.23
513801,408960.0,3389910.0,29,190,9,3,2585.0,9.2,497,15,13,408900,3389735,496,0,6,-90.78
513801,408960.0,3389910.0,29,190,9,3,2585.0,9.2,497,15,13,408915,3389730,496,0,5,-87.89
513801,408960.0,3389910.0,29,190,9,3,2585.0,9.2,497,15,13,408845,3389640,495,24,6,-86.5
513801,408960.0,3389910.0,29,190,9,3,2585.0,9.2,497,15,13,408795,3389530,495,0,6,-86.36
513801,408960.0,3389910.0,29,190,9,3,2585.0,9.2,497,15,13,408905,3389740,496,0,6,-95.2
513801,408960.0,3389910.0,29,190,9,3,2585.0,9.2,497,15,13,408540,3389010,493,0,13,-95.33
513801,408960.0,3389910.0,29,190,9,3,2585.0,9.2,497,15,13,408505,3388965,494,0,5,-97.5
513801,408960.0,3389910.0,29,190,9,3,2585.0,9.2,497,15,13,408905,3389835,496,6,6,-98.0
513801,408960.0,3389910.0,29,190,9,3,2585.0,9.2,497,15,13,409210,3390130,495,0,10,-94.8
513801,408960.0,3389910.0,29,190,9,3,2585.0,9.2,497,15,13,408950,3389790,496,0,6,-86.63
513801,408960.0,3389910.0,29,190,9,3,2585.0,9.2,497,15,13,409190,3390190,498,0,5,-102.5
513801,408960.0,3389910.0,29,190,9,3,2585.0,9.2,497,15,13,409185,3390195,498,0,5,-105.43
513801,408960.0,3389910.0,29,190,9,3,2585.0,9.2,497,15,13,409170,3390170,497,0,5,-101.36
513801,408960.0,3389910.0,29,190,9,3,2585.0,9.2,497,15,13,408930,3389770,496,0,6,-96.04
513801,408960.0,3389910.0,29,190,9,3,2585.0,9.2,497,15,13,409165,3390175,497,0,5,-103.67
513801,408960.0,3389910.0,29,190,9,3,2585.0,9.2,497,15,13,408935,3389765,496,0,5,-86.02
513801,408960.0,3389910.0,29,190,9,3,2585.0,9.2,497,15,13,408955,3389785,496,0,6,-82.22
513801,408960.0,3389910.0,29,190,9,3,2585.0,9.2,497,15,13,408940,3389800,496,0,6,-91.11
513801,408960.0,3389910.0,29,190,9,3,2585.0,9.2,497,15,13,408945,3389795,496,0,6,-89.86
513801,408960.0,3389910.0,29,190,9,3,2585.0,9.2,497,15,13,409175,3390165,497,0,5,-102.72
513801,408960.0,3389910.0,29,190,9,3,2585.0,9.2,497,15,13,409180,3390200,498,0,5,-99.4
513801,408960.0,3389910.0,29,190,9,3,2585.0,9.2,497,15,13,409195,3390185,498,0,5,-102.57
513801,408960.0,3389910.0,29,190,9,3,2585.0,9.2,497,15,13,409160,3390180,497,0,6,-102.5
513801,408960.0,3389910.0,29,190,9,3,2585.0,9.2,497,15,13,409200,3390140,496,0,10,-95.88
513801,408960.0,3389910.0,29,190,9,3,2585.0,9.2,497,15,13,409205,3390135,496,0,10,-97.33
513801,408960.0,3389910.0,29,190,9,3,2585.0,9.2,497,15,13,409220,3390160,497,0,5,-93.82
513801,408960.0,3389910.0,29,190,9,3,2585.0,9.2,497,15,13,409225,3390155,497,0,5,-102.71
513801,408960.0,3389910.0,29,190,9,3,2585.0,9.2,497,15,13,408920,3389780,496,0,6,-102.73
513801,408960.0,3389910.0,29,190,9,3,2585.0,9.2,497,15,13,408925,3389775,496,0,6,-99.94
513801,408960.0,3389910.0,29,190,9,3,2585.0,9.2,497,15,13,409235,3390145,496,45,5,-104.0
513801,408960.0,3389910.0,29,190,9,3,2585.0,9.2,497,15,13,409230,3390150,496,0,5,-93.67
513801,408960.0,3389910.0,29,190,9,3,2585.0,9.2,497,15,13,408865,3389565,495,0,5,-85.29
513801,408960.0,3389910.0,29,190,9,3,2585.0,9.2,497,15,13,408825,3389525,494,0,5,-85.5
513801,408960.0,3389910.0,29,190,9,3,2585.0,9.2,497,15,13,409280,3390350,495,0,5,-92.0
513801,408960.0,3389910.0,29,190,9,3,2585.0,9.2,497,15,13,408850,3389600,495,0,13,-85.0
513801,408960.0,3389910.0,29,190,9,3,2585.0,9.2,497,15,13,408860,3389570,495,5,5,-82.74
513801,408960.0,3389910.0,29,190,9,3,2585.0,9.2,497,15,13,408830,3389540,495,0,5,-85.15
513801,408960.0,3389910.0,29,190,9,3,2585.0,9.2,497,15,13,408840,3389590,495,0,13,-84.83
513801,408960.0,3389910.0,29,190,9,3,2585.0,9.2,497,15,13,408820,3389530,495,0,5,-86.28
513801,408960.0,3389910.0,29,190,9,3,2585.0,9.2,497,15,13,408855,3389595,495,0,5,-85.54
513801,408960.0,3389910.0,29,190,9,3,2585.0,9.2,497,15,13,409295,3390355,496,0,10,-100.67
513801,408960.0,3389910.0,29,190,9,3,2585.0,9.2,497,15,13,408805,3389545,495,0,5,-87.0
513801,408960.0,3389910.0,29,190,9,3,2585.0,9.2,497,15,13,408875,3389575,495,0,5,-80.0
513801,408960.0,3389910.0,29,190,9,3,2585.0,9.2,497,15,13,408800,3389550,495,0,6,-86.5
513801,408960.0,3389910.0,29,190,9,3,2585.0,9.2,497,15,13,408815,3389555,495,0,5,-86.16
513801,408960.0,3389910.0,29,190,9,3,2585.0,9.2,497,15,13,408810,3389560,495,0,6,-86.0
513801,408960.0,3389910.0,29,190,9,3,2585.0,9.2,497,15,13,409285,3390345,495,0,5,-103.0
513801,408960.0,3389910.0,29,190,9,3,2585.0,9.2,497,15,13,408870,3389580,495,0,13,-81.53
513801,408960.0,3389910.0,29,190,9,3,2585.0,9.2,497,15,13,408835,3389535,494,0,5,-84.58
513801,408960.0,3389910.0,29,190,9,3,2585.0,9.2,497,15,13,408845,3389585,495,0,13,-85.74
513801,408960.0,3389910.0,29,190,9,3,2585.0,9.2,497,15,13,409240,3390170,497,0,11,-107.0
513801,408960.0,3389910.0,29,190,9,3,2585.0,9.2,497,15,13,409160,3390090,496,0,12,-90.78
513801,408960.0,3389910.0,29,190,9,3,2585.0,9.2,497,15,13,409140,3390150,496,18,6,-102.43
513801,408960.0,3389910.0,29,190,9,3,2585.0,9.2,497,15,13,409135,3390135,496,0,6,-101.5
513801,408960.0,3389910.0,29,190,9,3,2585.0,9.2,497,15,13,409125,3390125,496,0,6,-99.6
513801,408960.0,3389910.0,29,190,9,3,2585.0,9.2,497,15,13,409220,3390230,498,0,6,-104.0
513801,408960.0,3389910.0,29,190,9,3,2585.0,9.2,497,15,13,409170,3390100,496,0,12,-90.0
513801,408960.0,3389910.0,29,190,9,3,2585.0,9.2,497,15,13,409210,3390220,499,0,5,-103.67
513801,408960.0,3389910.0,29,190,9,3,2585.0,9.2,497,15,13,409165,3390085,496,0,12,-90.83
513801,408960.0,3389910.0,29,190,9,3,2585.0,9.2,497,15,13,409215,3390215,499,0,5,-114.5
513801,408960.0,3389910.0,29,190,9,3,2585.0,9.2,497,15,13,409200,3390210,499,0,5,-101.0
513801,408960.0,3389910.0,29,190,9,3,2585.0,9.2,497,15,13,409155,3390155,496,0,5,-102.78
513801,408960.0,3389910.0,29,190,9,3,2585.0,9.2,497,15,13,409205,3390205,499,0,5,-103.45
513801,408960.0,3389910.0,29,190,9,3,2585.0,9.2,497,15,13,409195,3390115,495,60,5,-90.75
513801,408960.0,3389910.0,29,190,9,3,2585.0,9.2,497,15,13,409150,3390160,496,0,6,-104.86
513801,408960.0,3389910.0,29,190,9,3,2585.0,9.2,497,15,13,409145,3390145,496,0,6,-103.88
513801,408960.0,3389910.0,29,190,9,3,2585.0,9.2,497,15,13,409190,3390120,495,0,5,-94.78
513801,408960.0,3389910.0,29,190,9,3,2585.0,9.2,497,15,13,409180,3390110,495,0,6,-94.09
513801,408960.0,3389910.0,29,190,9,3,2585.0,9.2,497,15,13,409120,3390130,496,12,6,-95.0
513801,408960.0,3389910.0,29,190,9,3,2585.0,9.2,497,15,13,409130,3390140,496,18,6,-102.0
513801,408960.0,3389910.0,29,190,9,3,2585.0,9.2,497,15,13,409185,3390105,495,0,6,-90.14
513801,408960.0,3389910.0,29,190,9,3,2585.0,9.2,497,15,13,408940,3389870,497,15,5,-80.5
513801,408960.0,3389910.0,29,190,9,3,2585.0,9.2,497,15,13,409175,3390095,496,0,12,-92.08
513801,408960.0,3389910.0,29,190,9,3,2585.0,9.2,497,15,13,409160,3390320,497,0,5,-98.0
513801,408960.0,3389910.0,29,190,9,3,2585.0,9.2,497,15,13,409210,3390350,495,0,6,-103.75
513801,408960.0,3389910.0,29,190,9,3,2585.0,9.2,497,15,13,409205,3390355,494,0,6,-105.5
513801,408960.0,3389910.0,29,190,9,3,2585.0,9.2,497,15,13,409270,3390325,495,0,6,-95.67
513801,408960.0,3389910.0,29,190,9,3,2585.0,9.2,497,15,13,409275,3390330,495,0,6,-102.5
513801,408960.0,3389910.0,29,190,9,3,2585.0,9.2,497,15,13,409110,3390095,497,0,6,-95.77
513801,408960.0,3389910.0,29,190,9,3,2585.0,9.2,497,15,13,409105,3390090,497,0,6,-92.83
513801,408960.0,3389910.0,29,190,9,3,2585.0,9.2,497,15,13,409250,3390275,497,0,13,-99.5
513801,408960.0,3389910.0,29,190,9,3,2585.0,9.2,497,15,13,409115,3390100,497,0,6,-96.17
513801,408960.0,3389910.0,29,190,9,3,2585.0,9.2,497,15,13,409255,3390280,496,0,13,-109.5
513801,408960.0,3389910.0,29,190,9,3,2585.0,9.2,497,15,13,409100,3390085,497,0,6,-92.65
513801,408960.0,3389910.0,29,190,9,3,2585.0,9.2,497,15,13,409055,3389845,495,0,5,-99.0
513801,408960.0,3389910.0,29,190,9,3,2585.0,9.2,497,15,13,409005,3389815,495,6,5,-78.0
513801,408960.0,3389910.0,29,190,9,3,2585.0,9.2,497,15,13,408990,3389790,496,0,6,-78.45
513801,408960.0,3389910.0,29,190,9,3,2585.0,9.2,497,15,13,409060,3389880,496,21,5,-95.0
513801,408960.0,3389910.0,29,190,9,3,2585.0,9.2,497,15,13,408975,3389765,496,0,5,-71.9
513801,408960.0,3389910.0,29,190,9,3,2585.0,9.2,497,15,13,409000,3389820,495,0,5,-74.06
513801,408960.0,3389910.0,29,190,9,3,2585.0,9.2,497,15,13,408980,3389800,496,0,6,-78.03
513801,408960.0,3389910.0,29,190,9,3,2585.0,9.2,497,15,13,408960,3389780,496,0,6,-78.81
513801,408960.0,3389910.0,29,190,9,3,2585.0,9.2,497,15,13,408970,3389770,496,0,5,-77.68
513801,408960.0,3389910.0,29,190,9,3,2585.0,9.2,497,15,13,408985,3389795,496,0,6,-75.89
513801,408960.0,3389910.0,29,190,9,3,2585.0,9.2,497,15,13,408965,3389775,496,0,5,-83.34
513801,408960.0,3389910.0,29,190,9,3,2585.0,9.2,497,15,13,409075,3389865,496,0,5,-102.53
513801,408960.0,3389910.0,29,190,9,3,2585.0,9.2,497,15,13,409045,3389855,495,21,13,-80.5
513801,408960.0,3389910.0,29,190,9,3,2585.0,9.2,497,15,13,409040,3389860,495,21,13,-84.5
513801,408960.0,3389910.0,29,190,9,3,2585.0,9.2,497,15,13,409010,3389810,495,6,5,-67.67
513801,408960.0,3389910.0,29,190,9,3,2585.0,9.2,497,15,13,409070,3389870,496,0,5,-98.4
513801,408960.0,3389910.0,29,190,9,3,2585.0,9.2,497,15,13,409015,3389805,495,6,5,-91.0
513801,408960.0,3389910.0,29,190,9,3,2585.0,9.2,497,15,13,409050,3389850,495,0,5,-94.38
513801,408960.0,3389910.0,29,190,9,3,2585.0,9.2,497,15,13,409025,3389835,495,21,13,-72.86
513801,408960.0,3389910.0,29,190,9,3,2585.0,9.2,497,15,13,409030,3389830,495,21,13,-86.0
513801,408960.0,3389910.0,29,190,9,3,2585.0,9.2,497,15,13,409085,3389895,496,0,5,-89.0
513801,408960.0,3389910.0,29,190,9,3,2585.0,9.2,497,15,13,409065,3389875,496,0,5,-90.25
513801,408960.0,3389910.0,29,190,9,3,2585.0,9.2,497,15,13,409020,3389840,495,0,13,-72.36
513801,408960.0,3389910.0,29,190,9,3,2585.0,9.2,497,15,13,408995,3389785,495,0,6,-85.43
513801,408960.0,3389910.0,29,190,9,3,2585.0,9.2,497,15,13,409040,3389845,495,21,5,-78.0
513801,408960.0,3389910.0,29,190,9,3,2585.0,9.2,497,15,13,409020,3389825,495,0,5,-90.67
513801,408960.0,3389910.0,29,190,9,3,2585.0,9.2,497,15,13,409005,3389810,495,6,5,-78.56
513801,408960.0,3389910.0,29,190,9,3,2585.0,9.2,497,15,13,409060,3389865,495,0,5,-98.33
513801,408960.0,3389910.0,29,190,9,3,2585.0,9.2,497,15,13,409000,3389805,495,6,5,-75.86
513801,408960.0,3389910.0,29,190,9,3,2585.0,9.2,497,15,13,408965,3389770,496,0,5,-87.97
513801,408960.0,3389910.0,29,190,9,3,2585.0,9.2,497,15,13,408995,3389800,495,0,6,-77.35
513801,408960.0,3389910.0,29,190,9,3,2585.0,9.2,497,15,13,408990,3389795,496,0,6,-76.9
513801,408960.0,3389910.0,29,190,9,3,2585.0,9.2,497,15,13,408980,3389785,496,0,6,-73.53
513801,408960.0,3389910.0,29,190,9,3,2585.0,9.2,497,15,13,408975,3389780,496,0,6,-75.81
513801,408960.0,3389910.0,29,190,9,3,2585.0,9.2,497,15,13,408970,3389775,496,0,5,-81.4
513801,408960.0,3389910.0,29,190,9,3,2585.0,9.2,497,15,13,408985,3389790,496,0,6,-78.83
513801,408960.0,3389910.0,29,190,9,3,2585.0,9.2,497,15,13,409065,3389870,495,0,5,-108.25
513801,408960.0,3389910.0,29,190,9,3,2585.0,9.2,497,15,13,408960,3389765,496,0,5,-83.68
513801,408960.0,3389910.0,29,190,9,3,2585.0,9.2,497,15,13,409015,3389820,495,6,5,-85.5
513801,408960.0,3389910.0,29,190,9,3,2585.0,9.2,497,15,13,409045,3389850,495,21,5,-88.6
513801,408960.0,3389910.0,29,190,9,3,2585.0,9.2,497,15,13,409070,3389875,496,0,5,-97.67
513801,408960.0,3389910.0,29,190,9,3,2585.0,9.2,497,15,13,409050,3389855,495,21,13,-86.33
513801,408960.0,3389910.0,29,190,9,3,2585.0,9.2,497,15,13,409030,3389835,495,21,13,-80.0
513801,408960.0,3389910.0,29,190,9,3,2585.0,9.2,497,15,13,409035,3389840,495,21,5,-89.75
513801,408960.0,3389910.0,29,190,9,3,2585.0,9.2,497,15,13,409025,3389830,495,0,13,-82.14
513801,408960.0,3389910.0,29,190,9,3,2585.0,9.2,497,15,13,409200,3390005,497,0,5,-107.0
513801,408960.0,3389910.0,29,190,9,3,2585.0,9.2,497,15,13,409055,3389860,495,0,13,-95.0
513801,408960.0,3389910.0,29,190,9,3,2585.0,9.2,497,15,13,409010,3389765,495,0,6,-84.0
513801,408960.0,3389910.0,29,190,9,3,2585.0,9.2,497,15,13,409065,3389920,496,18,5,-74.0
513801,408960.0,3389910.0,29,190,9,3,2585.0,9.2,497,15,13,409040,3389895,495,0,12,-69.33
513801,408960.0,3389910.0,29,190,9,3,2585.0,9.2,497,15,13,409070,3389905,496,18,5,-85.5
513801,408960.0,3389910.0,29,190,9,3,2585.0,9.2,497,15,13,409050,3389885,495,21,5,-73.2
513801,408960.0,3389910.0,29,190,9,3,2585.0,9.2,497,15,13,408990,3389825,496,0,5,-77.32
513801,408960.0,3389910.0,29,190,9,3,2585.0,9.2,497,15,13,408970,3389805,496,0,6,-78.41
513801,408960.0,3389910.0,29,190,9,3,2585.0,9.2,497,15,13,408985,3389840,496,0,5,-77.99
513801,408960.0,3389910.0,29,190,9,3,2585.0,9.2,497,15,13,409000,3389775,495,0,6,-74.5
513801,408960.0,3389910.0,29,190,9,3,2585.0,9.2,497,15,13,409055,3389890,496,21,13,-81.0
513801,408960.0,3389910.0,29,190,9,3,2585.0,9.2,497,15,13,409045,3389900,496,0,5,-70.69
513801,408960.0,3389910.0,29,190,9,3,2585.0,9.2,497,15,13,408960,3389815,496,0,6,-85.04
513801,408960.0,3389910.0,29,190,9,3,2585.0,9.2,497,15,13,408995,3389830,496,0,5,-74.63
513801,408960.0,3389910.0,29,190,9,3,2585.0,9.2,497,15,13,408975,3389810,496,0,6,-76.78
513801,408960.0,3389910.0,29,190,9,3,2585.0,9.2,497,15,13,408965,3389820,496,0,6,-84.89
513801,408960.0,3389910.0,29,190,9,3,2585.0,9.2,497,15,13,408980,3389835,496,0,6,-79.04
513801,408960.0,3389910.0,29,190,9,3,2585.0,9.2,497,15,13,409060,3389915,496,18,5,-70.7
513801,408960.0,3389910.0,29,190,9,3,2585.0,9.2,497,15,13,409140,3389995,497,0,13,-98.0
513801,408960.0,3389910.0,29,190,9,3,2585.0,9.2,497,15,13,409085,3389860,496,0,5,-101.5
513801,408960.0,3389910.0,29,190,9,3,2585.0,9.2,497,15,13,409065,3389780,495,0,13,-107.0
513801,408960.0,3389910.0,29,190,9,3,2585.0,9.2,497,15,13,409230,3389925,500,0,12,-118.5
513801,408960.0,3389910.0,29,190,9,3,2585.0,9.2,497,15,13,408965,3389880,497,6,5,-84.75
513801,408960.0,3389910.0,29,190,9,3,2585.0,9.2,497,15,13,409000,3389915,496,0,6,-82.14
513801,408960.0,3389910.0,29,190,9,3,2585.0,9.2,497,15,13,409120,3390035,498,0,5,-91.44
513801,408960.0,3389910.0,29,190,9,3,2585.0,9.2,497,15,13,409030,3389885,495,0,5,-71.81
513801,408960.0,3389910.0,29,190,9,3,2585.0,9.2,497,15,13,408975,3389870,496,6,6,-82.13
513801,408960.0,3389910.0,29,190,9,3,2585.0,9.2,497,15,13,409035,3389890,495,0,12,-68.46
513801,408960.0,3389910.0,29,190,9,3,2585.0,9.2,497,15,13,408995,3389850,496,0,5,-77.23
513801,408960.0,3389910.0,29,190,9,3,2585.0,9.2,497,15,13,408980,3389855,496,0,6,-79.98
513801,408960.0,3389910.0,29,190,9,3,2585.0,9.2,497,15,13,409025,3389900,495,0,5,-72.95
513801,408960.0,3389910.0,29,190,9,3,2585.0,9.2,497,15,13,408985,3389860,496,0,6,-79.33
513801,408960.0,3389910.0,29,190,9,3,2585.0,9.2,497,15,13,409010,3389905,496,0,6,-74.68
513801,408960.0,3389910.0,29,190,9,3,2585.0,9.2,497,15,13,409165,3390080,496,0,5,-89.33
513801,408960.0,3389910.0,29,190,9,3,2585.0,9.2,497,15,13,408990,3389845,496,0,5,-77.44
513801,408960.0,3389910.0,29,190,9,3,2585.0,9.2,497,15,13,409005,3389920,496,24,6,-77.58
513801,408960.0,3389910.0,29,190,9,3,2585.0,9.2,497,15,13,409020,3389895,496,0,5,-74.75
513801,408960.0,3389910.0,29,190,9,3,2585.0,9.2,497,15,13,409130,3390025,498,0,5,-97.33
513801,408960.0,3389910.0,29,190,9,3,2585.0,9.2,497,15,13,409125,3390040,498,0,5,-91.88
513801,408960.0,3389910.0,29,190,9,3,2585.0,9.2,497,15,13,409015,3389910,496,0,6,-76.66
513801,408960.0,3389910.0,29,190,9,3,2585.0,9.2,497,15,13,409170,3390065,496,0,5,-93.0
513801,408960.0,3389910.0,29,190,9,3,2585.0,9.2,497,15,13,409160,3390075,496,0,5,-94.88
513801,408960.0,3389910.0,29,190,9,3,2585.0,9.2,497,15,13,409185,3390060,496,0,5,-93.5
513801,408960.0,3389910.0,29,190,9,3,2585.0,9.2,497,15,13,409145,3390020,497,0,5,-86.5
513801,408960.0,3389910.0,29,190,9,3,2585.0,9.2,497,15,13,408970,3389865,496,6,6,-73.71
513801,408960.0,3389910.0,29,190,9,3,2585.0,9.2,497,15,13,409175,3390070,496,0,5,-90.0
513801,408960.0,3389910.0,29,190,9,3,2585.0,9.2,497,15,13,409140,3390015,497,0,5,-92.5
513801,408960.0,3389910.0,29,190,9,3,2585.0,9.2,497,15,13,409265,3389745,499,0,5,-109.33
513801,408960.0,3389910.0,29,190,9,3,2585.0,9.2,497,15,13,409135,3389615,499,0,13,-116.5
513801,408960.0,3389910.0,29,190,9,3,2585.0,9.2,497,15,13,409140,3389630,499,0,13,-98.0
513801,408960.0,3389910.0,29,190,9,3,2585.0,9.2,497,15,13,409145,3389625,499,0,5,-121.5
513801,408960.0,3389910.0,29,190,9,3,2585.0,9.2,497,15,13,409255,3389735,500,21,5,-106.75
513801,408960.0,3389910.0,29,190,9,3,2585.0,9.2,497,15,13,409275,3389755,499,0,13,-104.5
513801,408960.0,3389910.0,29,190,9,3,2585.0,9.2,497,15,13,409250,3389740,500,0,5,-105.5
513801,408960.0,3389910.0,29,190,9,3,2585.0,9.2,497,15,13,408650,3389225,496,0,13,-88.0
513801,408960.0,3389910.0,29,190,9,3,2585.0,9.2,497,15,13,408810,3389460,495,9,5,-99.33
513801,408960.0,3389910.0,29,190,9,3,2585.0,9.2,497,15,13,409210,3390340,495,0,5,-106.5
513801,408960.0,3389910.0,29,190,9,3,2585.0,9.2,497,15,13,408720,3389400,497,0,6,-93.0
513801,408960.0,3389910.0,29,190,9,3,2585.0,9.2,497,15,13,408770,3389430,496,0,13,-92.26
513801,408960.0,3389910.0,29,190,9,3,2585.0,9.2,497,15,13,408775,3389425,496,0,13,-89.75
513801,408960.0,3389910.0,29,190,9,3,2585.0,9.2,497,15,13,408725,3389395,497,0,5,-91.6
513801,408960.0,3389910.0,29,190,9,3,2585.0,9.2,497,15,13,408750,3389370,495,0,13,-86.33
513801,408960.0,3389910.0,29,190,9,3,2585.0,9.2,497,15,13,408740,3389380,496,0,13,-88.1
513801,408960.0,3389910.0,29,190,9,3,2585.0,9.2,497,15,13,408730,3389390,496,0,13,-90.57
513801,408960.0,3389910.0,29,190,9,3,2585.0,9.2,497,15,13,408765,3389435,496,0,5,-92.04
513801,408960.0,3389910.0,29,190,9,3,2585.0,9.2,497,15,13,408760,3389440,496,0,13,-91.55
513801,408960.0,3389910.0,29,190,9,3,2585.0,9.2,497,15,13,408735,3389385,496,0,13,-90.71
513801,408960.0,3389910.0,29,190,9,3,2585.0,9.2,497,15,13,408745,3389375,495,0,13,-87.22
513801,408960.0,3389910.0,29,190,9,3,2585.0,9.2,497,15,13,408780,3389420,496,12,13,-90.5
513801,408960.0,3389910.0,29,190,9,3,2585.0,9.2,497,15,13,408755,3389370,495,0,13,-85.67
513801,408960.0,3389910.0,29,190,9,3,2585.0,9.2,497,15,13,408765,3389440,496,0,5,-91.89
513801,408960.0,3389910.0,29,190,9,3,2585.0,9.2,497,15,13,408785,3389420,496,0,13,-102.0
513801,408960.0,3389910.0,29,190,9,3,2585.0,9.2,497,15,13,408760,3389435,496,0,5,-91.67
513801,408960.0,3389910.0,29,190,9,3,2585.0,9.2,497,15,13,408740,3389375,496,0,13,-89.6
513801,408960.0,3389910.0,29,190,9,3,2585.0,9.2,497,15,13,408735,3389390,496,0,5,-92.47
513801,408960.0,3389910.0,29,190,9,3,2585.0,9.2,497,15,13,408730,3389385,496,0,13,-92.33
513801,408960.0,3389910.0,29,190,9,3,2585.0,9.2,497,15,13,408770,3389425,496,0,13,-92.37
513801,408960.0,3389910.0,29,190,9,3,2585.0,9.2,497,15,13,408745,3389380,496,0,13,-89.09
513801,408960.0,3389910.0,29,190,9,3,2585.0,9.2,497,15,13,408775,3389430,496,0,5,-91.1
513801,408960.0,3389910.0,29,190,9,3,2585.0,9.2,497,15,13,408725,3389400,497,0,5,-99.0
513801,408960.0,3389910.0,29,190,9,3,2585.0,9.2,497,15,13,408705,3389340,496,0,13,-89.67
513801,408960.0,3389910.0,29,190,9,3,2585.0,9.2,497,15,13,408850,3389685,496,0,5,-93.5
513801,408960.0,3389910.0,29,190,9,3,2585.0,9.2,497,15,13,408790,3389465,495,0,13,-89.67
513801,408960.0,3389910.0,29,190,9,3,2585.0,9.2,497,15,13,408785,3389480,495,0,13,-90.9
513801,408960.0,3389910.0,29,190,9,3,2585.0,9.2,497,15,13,408880,3389655,496,0,13,-85.81
513801,408960.0,3389910.0,29,190,9,3,2585.0,9.2,497,15,13,408775,3389450,496,0,5,-91.12
513801,408960.0,3389910.0,29,190,9,3,2585.0,9.2,497,15,13,408780,3389475,495,0,13,-88.36
513801,408960.0,3389910.0,29,190,9,3,2585.0,9.2,497,15,13,408890,3389645,496,0,13,-84.71
513801,408960.0,3389910.0,29,190,9,3,2585.0,9.2,497,15,13,408910,3389665,497,0,5,-83.18
513801,408960.0,3389910.0,29,190,9,3,2585.0,9.2,497,15,13,408915,3389670,497,0,5,-82.86
513801,408960.0,3389910.0,29,190,9,3,2585.0,9.2,497,15,13,408900,3389675,497,0,13,-84.52
513801,408960.0,3389910.0,29,190,9,3,2585.0,9.2,497,15,13,408885,3389660,496,0,13,-86.37
513801,408960.0,3389910.0,29,190,9,3,2585.0,9.2,497,15,13,408925,3389620,496,0,6,-78.5
513801,408960.0,3389910.0,29,190,9,3,2585.0,9.2,497,15,13,408905,3389680,497,0,5,-83.76
513801,408960.0,3389910.0,29,190,9,3,2585.0,9.2,497,15,13,408895,3389650,496,0,13,-85.67
513801,408960.0,3389910.0,29,190,9,3,2585.0,9.2,497,15,13,408760,3389455,496,0,5,-92.75
513801,408960.0,3389910.0,29,190,9,3,2585.0,9.2,497,15,13,408765,3389460,496,0,13,-93.54
513801,408960.0,3389910.0,29,190,9,3,2585.0,9.2,497,15,13,408770,3389445,496,0,5,-90.83
513801,408960.0,3389910.0,29,190,9,3,2585.0,9.2,497,15,13,408795,3389470,495,0,5,-87.16
513801,408960.0,3389910.0,29,190,9,3,2585.0,9.2,497,15,13,408870,3389705,496,0,5,-90.33
513801,408960.0,3389910.0,29,190,9,3,2585.0,9.2,497,15,13,408865,3389560,495,0,5,-83.33
513801,408960.0,3389910.0,29,190,9,3,2585.0,9.2,497,15,13,408810,3389565,495,0,6,-83.0
513801,408960.0,3389910.0,29,190,9,3,2585.0,9.2,497,15,13,408840,3389535,494,0,5,-85.5
513801,408960.0,3389910.0,29,190,9,3,2585.0,9.2,497,15,13,408845,3389540,494,12,12,-82.6
513801,408960.0,3389910.0,29,190,9,3,2585.0,9.2,497,15,13,408830,3389585,495,0,5,-85.64
513801,408960.0,3389910.0,29,190,9,3,2585.0,9.2,497,15,13,408835,3389590,495,0,5,-85.33
513801,408960.0,3389910.0,29,190,9,3,2585.0,9.2,497,15,13,409295,3390370,496,0,10,-92.0
513801,408960.0,3389910.0,29,190,9,3,2585.0,9.2,497,15,13,408850,3389525,494,0,5,-82.5
513801,408960.0,3389910.0,29,190,9,3,2585.0,9.2,497,15,13,408815,3389570,495,0,6,-83.25
513801,408960.0,3389910.0,29,190,9,3,2585.0,9.2,497,15,13,408820,3389595,496,18,6,-87.5
513801,408960.0,3389910.0,29,190,9,3,2585.0,9.2,497,15,13,409275,3390335,495,0,5,-97.67
513801,408960.0,3389910.0,29,190,9,3,2585.0,9.2,497,15,13,409270,3390340,495,0,5,-101.5
513801,408960.0,3389910.0,29,190,9,3,2585.0,9.2,497,15,13,408895,3389770,495,0,5,-81.0
513801,408960.0,3389910.0,29,190,9,3,2585.0,9.2,497,15,13,408910,3389785,495,0,5,-100.5
513801,408960.0,3389910.0,29,190,9,3,2585.0,9.2,497,15,13,409200,3390095,495,60,6,-94.0
513801,408960.0,3389910.0,29,190,9,3,2585.0,9.2,497,15,13,408950,3389825,496,15,6,-87.6
513801,408960.0,3389910.0,29,190,9,3,2585.0,9.2,497,15,13,408955,3389830,496,15,6,-84.64
513801,408960.0,3389910.0,29,190,9,3,2585.0,9.2,497,15,13,408930,3389805,496,0,6,-94.8
513801,408960.0,3389910.0,29,190,9,3,2585.0,9.2,497,15,13,408940,3389835,497,0,6,-94.0
513801,408960.0,3389910.0,29,190,9,3,2585.0,9.2,497,15,13,408915,3389790,496,0,6,-104.43
513801,408960.0,3389910.0,29,190,9,3,2585.0,9.2,497,15,13,408935,3389810,496,0,6,-97.79
513801,408960.0,3389910.0,29,190,9,3,2585.0,9.2,497,15,13,408885,3389780,495,0,12,-88.33
513801,408960.0,3389910.0,29,190,9,3,2585.0,9.2,497,15,13,409175,3390210,498,0,6,-96.5
513801,408960.0,3389910.0,29,190,9,3,2585.0,9.2,497,15,13,408920,3389815,496,0,6,-80.0
513801,408960.0,3389910.0,29,190,9,3,2585.0,9.2,497,15,13,408945,3389840,497,0,6,-99.4
513801,408960.0,3389910.0,29,190,9,3,2585.0,9.2,497,15,13,408890,3389765,495,0,5,-81.0
513801,408960.0,3389910.0,29,190,9,3,2585.0,9.2,497,15,13,409255,3390300,496,0,5,-100.4
513801,408960.0,3389910.0,29,190,9,3,2585.0,9.2,497,15,13,409260,3390305,496,0,5,-113.67
513801,408960.0,3389910.0,29,190,9,3,2585.0,9.2,497,15,13,409245,3390290,496,0,5,-96.5
513801,408960.0,3389910.0,29,190,9,3,2585.0,9.2,497,15,13,409265,3390310,495,0,6,-108.0
513801,408960.0,3389910.0,29,190,9,3,2585.0,9.2,497,15,13,409275,3390320,495,0,6,-103.25
513801,408960.0,3389910.0,29,190,9,3,2585.0,9.2,497,15,13,409270,3390315,495,0,6,-97.5
513801,408960.0,3389910.0,29,190,9,3,2585.0,9.2,497,15,13,409045,3389730,496,0,5,-89.5
513801,408960.0,3389910.0,29,190,9,3,2585.0,9.2,497,15,13,408980,3389665,497,0,5,-103.13
513801,408960.0,3389910.0,29,190,9,3,2585.0,9.2,497,15,13,409090,3389695,497,18,5,-126.5
513801,408960.0,3389910.0,29,190,9,3,2585.0,9.2,497,15,13,409085,3389690,497,0,13,-108.33
513801,408960.0,3389910.0,29,190,9,3,2585.0,9.2,497,15,13,408960,3389645,497,0,13,-112.33
513801,408960.0,3389910.0,29,190,9,3,2585.0,9.2,497,15,13,409080,3389685,497,0,5,-106.14
513801,408960.0,3389910.0,29,190,9,3,2585.0,9.2,497,15,13,408985,3389670,497,0,5,-96.72
513801,408960.0,3389910.0,29,190,9,3,2585.0,9.2,497,15,13,408970,3389655,497,0,13,-101.0
513801,408960.0,3389910.0,29,190,9,3,2585.0,9.2,497,15,13,408965,3389650,497,0,13,-100.0
513801,408960.0,3389910.0,29,190,9,3,2585.0,9.2,497,15,13,408995,3389680,497,15,5,-82.43
513801,408960.0,3389910.0,29,190,9,3,2585.0,9.2,497,15,13,408990,3389675,497,15,5,-92.29
513801,408960.0,3389910.0,29,190,9,3,2585.0,9.2,497,15,13,409040,3389725,496,0,12,-81.67
513801,408960.0,3389910.0,29,190,9,3,2585.0,9.2,497,15,13,408505,3388960,494,0,5,-98.17
513801,408960.0,3389910.0,29,190,9,3,2585.0,9.2,497,15,13,408745,3389360,495,0,5,-87.5
513801,408960.0,3389910.0,29,190,9,3,2585.0,9.2,497,15,13,408740,3389355,495,0,5,-75.0
513801,408960.0,3389910.0,29,190,9,3,2585.0,9.2,497,15,13,408495,3388930,495,0,5,-92.17
513801,408960.0,3389910.0,29,190,9,3,2585.0,9.2,497,15,13,408500,3388955,494,0,5,-91.0
513801,408960.0,3389910.0,29,190,9,3,2585.0,9.2,497,15,13,408715,3389390,497,0,5,-84.5
513801,408960.0,3389910.0,29,190,9,3,2585.0,9.2,497,15,13,408515,3388950,494,0,12,-96.67
513801,408960.0,3389910.0,29,190,9,3,2585.0,9.2,497,15,13,408780,3389510,495,0,6,-91.25
513801,408960.0,3389910.0,29,190,9,3,2585.0,9.2,497,15,13,408930,3389660,497,0,12,-91.0
513801,408960.0,3389910.0,29,190,9,3,2585.0,9.2,497,15,13,408895,3389615,496,5,5,-84.16
513801,408960.0,3389910.0,29,190,9,3,2585.0,9.2,497,15,13,408920,3389650,497,0,5,-84.33
513801,408960.0,3389910.0,29,190,9,3,2585.0,9.2,497,15,13,408765,3389485,496,0,6,-91.33
513801,408960.0,3389910.0,29,190,9,3,2585.0,9.2,497,15,13,408935,3389655,497,0,12,-84.2
513801,408960.0,3389910.0,29,190,9,3,2585.0,9.2,497,15,13,408940,3389670,497,0,12,-82.42
513801,408960.0,3389910.0,29,190,9,3,2585.0,9.2,497,15,13,408790,3389520,495,0,5,-91.57
513801,408960.0,3389910.0,29,190,9,3,2585.0,9.2,497,15,13,408905,3389625,496,0,5,-86.08
513801,408960.0,3389910.0,29,190,9,3,2585.0,9.2,497,15,13,408950,3389680,498,0,5,-81.21
513801,408960.0,3389910.0,29,190,9,3,2585.0,9.2,497,15,13,408890,3389620,496,5,5,-86.38
513801,408960.0,3389910.0,29,190,9,3,2585.0,9.2,497,15,13,408775,3389495,495,0,5,-88.5
513801,408960.0,3389910.0,29,190,9,3,2585.0,9.2,497,15,13,408880,3389610,495,5,5,-86.59
513801,408960.0,3389910.0,29,190,9,3,2585.0,9.2,497,15,13,408760,3389490,496,18,6,-94.0
513801,408960.0,3389910.0,29,190,9,3,2585.0,9.2,497,15,13,408795,3389515,495,0,5,-89.24
513801,408960.0,3389910.0,29,190,9,3,2585.0,9.2,497,15,13,408900,3389630,496,5,5,-83.39
513801,408960.0,3389910.0,29,190,9,3,2585.0,9.2,497,15,13,408910,3389640,496,6,5,-81.14
513801,408960.0,3389910.0,29,190,9,3,2585.0,9.2,497,15,13,408885,3389605,495,5,5,-86.81
513801,408960.0,3389910.0,29,190,9,3,2585.0,9.2,497,15,13,408745,3389465,497,0,6,-87.0
513801,408960.0,3389910.0,29,190,9,3,2585.0,9.2,497,15,13,408785,3389505,495,0,5,-93.0
513801,408960.0,3389910.0,29,190,9,3,2585.0,9.2,497,15,13,408915,3389635,496,0,5,-79.86
513801,408960.0,3389910.0,29,190,9,3,2585.0,9.2,497,15,13,408925,3389645,497,0,5,-84.67
513801,408960.0,3389910.0,29,190,9,3,2585.0,9.2,497,15,13,408955,3389675,498,0,5,-79.83
513801,408960.0,3389910.0,29,190,9,3,2585.0,9.2,497,15,13,409215,3390250,498,0,5,-98.67
513801,408960.0,3389910.0,29,190,9,3,2585.0,9.2,497,15,13,409255,3390290,496,0,5,-109.33
513801,408960.0,3389910.0,29,190,9,3,2585.0,9.2,497,15,13,409270,3390305,495,0,5,-101.38
513801,408960.0,3389910.0,29,190,9,3,2585.0,9.2,497,15,13,409265,3390320,495,0,6,-102.75
513801,408960.0,3389910.0,29,190,9,3,2585.0,9.2,497,15,13,409250,3390285,496,0,13,-101.83
513801,408960.0,3389910.0,29,190,9,3,2585.0,9.2,497,15,13,409245,3390300,496,0,5,-99.0
513801,408960.0,3389910.0,29,190,9,3,2585.0,9.2,497,15,13,408850,3389540,494,12,12,-81.0
513801,408960.0,3389910.0,29,190,9,3,2585.0,9.2,497,15,13,408825,3389585,495,0,6,-83.4
513801,408960.0,3389910.0,29,190,9,3,2585.0,9.2,497,15,13,408860,3389550,494,0,12,-87.0
513801,408960.0,3389910.0,29,190,9,3,2585.0,9.2,497,15,13,409305,3390385,497,0,10,-101.0
513801,408960.0,3389910.0,29,190,9,3,2585.0,9.2,497,15,13,408835,3389595,495,0,5,-84.45
513801,408960.0,3389910.0,29,190,9,3,2585.0,9.2,497,15,13,408840,3389530,494,12,5,-83.86
513801,408960.0,3389910.0,29,190,9,3,2585.0,9.2,497,15,13,408830,3389600,496,0,6,-86.83
513801,408960.0,3389910.0,29,190,9,3,2585.0,9.2,497,15,13,409295,3390375,496,0,10,-111.0
513801,408960.0,3389910.0,29,190,9,3,2585.0,9.2,497,15,13,408820,3389590,496,18,6,-83.0
513801,408960.0,3389910.0,29,190,9,3,2585.0,9.2,497,15,13,408870,3389560,495,0,5,-81.0
513801,408960.0,3389910.0,29,190,9,3,2585.0,9.2,497,15,13,408815,3389565,495,0,6,-87.5
513801,408960.0,3389910.0,29,190,9,3,2585.0,9.2,497,15,13,408845,3389535,494,12,12,-84.43
513801,408960.0,3389910.0,29,190,9,3,2585.0,9.2,497,15,13,408835,3389585,495,0,5,-84.8
513801,408960.0,3389910.0,29,190,9,3,2585.0,9.2,497,15,13,408840,3389540,494,0,12,-83.8
513801,408960.0,3389910.0,29,190,9,3,2585.0,9.2,497,15,13,408860,3389560,495,0,5,-82.43
513801,408960.0,3389910.0,29,190,9,3,2585.0,9.2,497,15,13,408810,3389570,495,0,6,-77.5
513801,408960.0,3389910.0,29,190,9,3,2585.0,9.2,497,15,13,408830,3389590,495,0,6,-83.5
513801,408960.0,3389910.0,29,190,9,3,2585.0,9.2,497,15,13,409295,3390365,496,0,10,-101.25
513801,408960.0,3389910.0,29,190,9,3,2585.0,9.2,497,15,13,408805,3389575,496,0,6,-86.0
513801,408960.0,3389910.0,29,190,9,3,2585.0,9.2,497,15,13,409205,3390340,495,0,5,-111.25
513801,408960.0,3389910.0,29,190,9,3,2585.0,9.2,497,15,13,409060,3389705,497,0,12,-92.22
513801,408960.0,3389910.0,29,190,9,3,2585.0,9.2,497,15,13,409020,3389665,497,18,13,-83.75
513801,408960.0,3389910.0,29,190,9,3,2585.0,9.2,497,15,13,409050,3389695,497,0,12,-98.96
513801,408960.0,3389910.0,29,190,9,3,2585.0,9.2,497,15,13,409025,3389670,497,18,13,-87.6
513801,408960.0,3389910.0,29,190,9,3,2585.0,9.2,497,15,13,409000,3389645,497,9,5,-109.0
513801,408960.0,3389910.0,29,190,9,3,2585.0,9.2,497,15,13,409045,3389690,497,0,5,-99.76
513801,408960.0,3389910.0,29,190,9,3,2585.0,9.2,497,15,13,409095,3389740,496,9,6,-117.5
513801,408960.0,3389910.0,29,190,9,3,2585.0,9.2,497,15,13,409010,3389655,497,0,5,-106.6
513801,408960.0,3389910.0,29,190,9,3,2585.0,9.2,497,15,13,409040,3389685,497,0,5,-98.48
513801,408960.0,3389910.0,29,190,9,3,2585.0,9.2,497,15,13,409035,3389680,497,0,5,-97.12
513801,408960.0,3389910.0,29,190,9,3,2585.0,9.2,497,15,13,409005,3389650,497,0,5,-110.17
513801,408960.0,3389910.0,29,190,9,3,2585.0,9.2,497,15,13,409030,3389675,497,0,5,-96.77
513801,408960.0,3389910.0,29,190,9,3,2585.0,9.2,497,15,13,409055,3389700,497,0,5,-94.12
513801,408960.0,3389910.0,29,190,9,3,2585.0,9.2,497,15,13,409015,3389660,497,18,13,-87.0
513801,408960.0,3389910.0,29,190,9,3,2585.0,9.2,497,15,13,409075,3389720,497,9,5,-103.0
513801,408960.0,3389910.0,29,190,9,3,2585.0,9.2,497,15,13,409065,3389710,497,0,5,-96.0
513801,408960.0,3389910.0,29,190,9,3,2585.0,9.2,497,15,13,408755,3389375,495,0,13,-84.0
513801,408960.0,3389910.0,29,190,9,3,2585.0,9.2,497,15,13,408720,3389390,497,0,5,-89.5
513801,408960.0,3389910.0,29,190,9,3,2585.0,9.2,497,15,13,408730,3389400,497,0,5,-96.5
513801,408960.0,3389910.0,29,190,9,3,2585.0,9.2,497,15,13,408775,3389435,496,0,5,-90.89
513801,408960.0,3389910.0,29,190,9,3,2585.0,9.2,497,15,13,408725,3389385,496,0,13,-89.67
513801,408960.0,3389910.0,29,190,9,3,2585.0,9.2,497,15,13,408760,3389430,496,0,5,-90.77
513801,408960.0,3389910.0,29,190,9,3,2585.0,9.2,497,15,13,408740,3389370,495,0,13,-87.08
513801,408960.0,3389910.0,29,190,9,3,2585.0,9.2,497,15,13,408745,3389365,495,0,13,-83.33
513801,408960.0,3389910.0,29,190,9,3,2585.0,9.2,497,15,13,408750,3389380,495,0,13,-92.13
513801,408960.0,3389910.0,29,190,9,3,2585.0,9.2,497,15,13,408735,3389395,496,0,5,-93.46
513801,408960.0,3389910.0,29,190,9,3,2585.0,9.2,497,15,13,408770,3389440,496,0,5,-91.89
513801,408960.0,3389910.0,29,190,9,3,2585.0,9.2,497,15,13,408765,3389425,496,0,13,-91.55
513801,408960.0,3389910.0,29,190,9,3,2585.0,9.2,497,15,13,408700,3389330,496,0,13,-94.33
513801,408960.0,3389910.0,29,190,9,3,2585.0,9.2,497,15,13,409240,3389850,501,21,6,-117.5
513801,408960.0,3389910.0,29,190,9,3,2585.0,9.2,497,15,13,409015,3389935,496,24,6,-78.23
513801,408960.0,3389910.0,29,190,9,3,2585.0,9.2,497,15,13,409085,3390005,498,0,13,-84.71
513801,408960.0,3389910.0,29,190,9,3,2585.0,9.2,497,15,13,409115,3390035,498,0,5,-92.39
513801,408960.0,3389910.0,29,190,9,3,2585.0,9.2,497,15,13,409090,3390020,498,0,13,-85.6
513801,408960.0,3389910.0,29,190,9,3,2585.0,9.2,497,15,13,409035,3389955,496,24,6,-76.28
513801,408960.0,3389910.0,29,190,9,3,2585.0,9.2,497,15,13,409030,3389960,496,24,6,-75.31
513801,408960.0,3389910.0,29,190,9,3,2585.0,9.2,497,15,13,409080,3390010,498,0,13,-85.09
513801,408960.0,3389910.0,29,190,9,3,2585.0,9.2,497,15,13,409105,3390025,498,0,13,-90.88
513801,408960.0,3389910.0,29,190,9,3,2585.0,9.2,497,15,13,409110,3390040,498,0,13,-94.14
513801,408960.0,3389910.0,29,190,9,3,2585.0,9.2,497,15,13,409095,3390015,498,0,13,-87.71
513801,408960.0,3389910.0,29,190,9,3,2585.0,9.2,497,15,13,409100,3390030,498,0,13,-90.76
513801,408960.0,3389910.0,29,190,9,3,2585.0,9.2,497,15,13,409025,3389945,496,24,6,-76.14
513801,408960.0,3389910.0,29,190,9,3,2585.0,9.2,497,15,13,409260,3389870,501,0,5,-113.0
513801,408960.0,3389910.0,29,190,9,3,2585.0,9.2,497,15,13,409020,3389950,496,24,6,-76.62
513801,408960.0,3389910.0,29,190,9,3,2585.0,9.2,497,15,13,409010,3389940,496,24,6,-80.69
513801,408960.0,3389910.0,29,190,9,3,2585.0,9.2,497,15,13,409005,3389925,496,24,6,-80.08
513801,408960.0,3389910.0,29,190,9,3,2585.0,9.2,497,15,13,409075,3390075,498,21,5,-90.75
513801,408960.0,3389910.0,29,190,9,3,2585.0,9.2,497,15,13,408920,3389745,496,0,6,-89.08
513801,408960.0,3389910.0,29,190,9,3,2585.0,9.2,497,15,13,408870,3389655,496,0,5,-86.88
513801,408960.0,3389910.0,29,190,9,3,2585.0,9.2,497,15,13,408945,3389730,497,0,5,-85.89
513801,408960.0,3389910.0,29,190,9,3,2585.0,9.2,497,15,13,408910,3389695,497,0,13,-83.15
513801,408960.0,3389910.0,29,190,9,3,2585.0,9.2,497,15,13,408895,3389720,496,21,6,-90.86
513801,408960.0,3389910.0,29,190,9,3,2585.0,9.2,497,15,13,408825,3389610,496,0,6,-80.0
513801,408960.0,3389910.0,29,190,9,3,2585.0,9.2,497,15,13,408935,3389760,496,0,5,-88.02
513801,408960.0,3389910.0,29,190,9,3,2585.0,9.2,497,15,13,408925,3389750,496,0,6,-85.61
513801,408960.0,3389910.0,29,190,9,3,2585.0,9.2,497,15,13,408835,3389620,495,0,6,-89.0
513801,408960.0,3389910.0,29,190,9,3,2585.0,9.2,497,15,13,408860,3389645,496,0,6,-84.6
513801,408960.0,3389910.0,29,190,9,3,2585.0,9.2,497,15,13,408885,3389710,496,21,6,-90.8
513801,408960.0,3389910.0,29,190,9,3,2585.0,9.2,497,15,13,408930,3389755,496,0,5,-86.62
513801,408960.0,3389910.0,29,190,9,3,2585.0,9.2,497,15,13,408890,3389715,496,21,6,-87.5
513801,408960.0,3389910.0,29,190,9,3,2585.0,9.2,497,15,13,408865,3389650,496,0,6,-88.67
513801,408960.0,3389910.0,29,190,9,3,2585.0,9.2,497,15,13,408955,3389740,497,0,5,-82.59
513801,408960.0,3389910.0,29,190,9,3,2585.0,9.2,497,15,13,408905,3389690,497,0,5,-83.44
513801,408960.0,3389910.0,29,190,9,3,2585.0,9.2,497,15,13,408915,3389700,497,0,13,-81.87
513801,408960.0,3389910.0,29,190,9,3,2585.0,9.2,497,15,13,408880,3389705,496,21,6,-93.75
513801,408960.0,3389910.0,29,190,9,3,2585.0,9.2,497,15,13,408940,3389725,497,0,5,-84.0
513801,408960.0,3389910.0,29,190,9,3,2585.0,9.2,497,15,13,408900,3389685,497,0,13,-85.91
513801,408960.0,3389910.0,29,190,9,3,2585.0,9.2,497,15,13,408950,3389735,497,0,5,-82.81
513801,408960.0,3389910.0,29,190,9,3,2585.0,9.2,497,15,13,408875,3389660,496,0,13,-85.83
513801,408960.0,3389910.0,29,190,9,3,2585.0,9.2,497,15,13,408885,3389595,495,5,13,-85.33
513801,408960.0,3389910.0,29,190,9,3,2585.0,9.2,497,15,13,408880,3389600,495,5,5,-84.41
513801,408960.0,3389910.0,29,190,9,3,2585.0,9.2,497,15,13,408820,3389500,495,0,5,-85.27
513801,408960.0,3389910.0,29,190,9,3,2585.0,9.2,497,15,13,408810,3389510,495,0,5,-86.36
513801,408960.0,3389910.0,29,190,9,3,2585.0,9.2,497,15,13,408800,3389520,495,0,5,-86.28
513801,408960.0,3389910.0,29,190,9,3,2585.0,9.2,497,15,13,409280,3390320,495,0,6,-96.6
513801,408960.0,3389910.0,29,190,9,3,2585.0,9.2,497,15,13,408815,3389505,495,0,5,-87.65
513801,408960.0,3389910.0,29,190,9,3,2585.0,9.2,497,15,13,408805,3389515,495,0,13,-87.17
513801,408960.0,3389910.0,29,190,9,3,2585.0,9.2,497,15,13,408825,3389495,495,0,5,-80.5
513801,408960.0,3389910.0,29,190,9,3,2585.0,9.2,497,15,13,409215,3390130,495,0,5,-97.5
513801,408960.0,3389910.0,29,190,9,3,2585.0,9.2,497,15,13,409210,3390125,495,0,5,-96.0
513801,408960.0,3389910.0,29,190,9,3,2585.0,9.2,497,15,13,409160,3390175,497,0,6,-99.0
513801,408960.0,3389910.0,29,190,9,3,2585.0,9.2,497,15,13,409230,3390145,496,45,5,-98.5
513801,408960.0,3389910.0,29,190,9,3,2585.0,9.2,497,15,13,409165,3390180,497,0,6,-105.56
513801,408960.0,3389910.0,29,190,9,3,2585.0,9.2,497,15,13,409185,3390200,498,0,5,-99.0
513801,408960.0,3389910.0,29,190,9,3,2585.0,9.2,497,15,13,409235,3390150,496,45,5,-105.0
513801,408960.0,3389910.0,29,190,9,3,2585.0,9.2,497,15,13,409225,3390160,497,0,5,-89.62
513801,408960.0,3389910.0,29,190,9,3,2585.0,9.2,497,15,13,409190,3390185,498,0,5,-103.11
513801,408960.0,3389910.0,29,190,9,3,2585.0,9.2,497,15,13,408940,3389795,496,0,6,-93.21
513801,408960.0,3389910.0,29,190,9,3,2585.0,9.2,497,15,13,408945,3389800,496,0,6,-89.99
513801,408960.0,3389910.0,29,190,9,3,2585.0,9.2,497,15,13,409175,3390170,497,0,5,-101.26
513801,408960.0,3389910.0,29,190,9,3,2585.0,9.2,497,15,13,408935,3389770,496,0,6,-90.41
513801,408960.0,3389910.0,29,190,9,3,2585.0,9.2,497,15,13,408955,3389790,496,0,6,-83.24
513801,408960.0,3389910.0,29,190,9,3,2585.0,9.2,497,15,13,409180,3390195,498,0,5,-101.75
513801,408960.0,3389910.0,29,190,9,3,2585.0,9.2,497,15,13,408950,3389785,496,0,6,-84.76
513801,408960.0,3389910.0,29,190,9,3,2585.0,9.2,497,15,13,409195,3390190,498,0,5,-101.68
513801,408960.0,3389910.0,29,190,9,3,2585.0,9.2,497,15,13,409170,3390165,497,0,5,-102.46
513801,408960.0,3389910.0,29,190,9,3,2585.0,9.2,497,15,13,408930,3389765,496,0,6,-95.5
513801,408960.0,3389910.0,29,190,9,3,2585.0,9.2,497,15,13,408920,3389775,496,0,6,-100.0
513801,408960.0,3389910.0,29,190,9,3,2585.0,9.2,497,15,13,409200,3390135,495,0,10,-95.11
513801,408960.0,3389910.0,29,190,9,3,2585.0,9.2,497,15,13,409220,3390155,497,0,10,-95.18
513801,408960.0,3389910.0,29,190,9,3,2585.0,9.2,497,15,13,408925,3389780,496,0,6,-100.47
513801,408960.0,3389910.0,29,190,9,3,2585.0,9.2,497,15,13,409205,3390140,496,0,10,-94.2
513801,408960.0,3389910.0,29,190,9,3,2585.0,9.2,497,15,13,408955,3389860,497,6,5,-83.5
513801,408960.0,3389910.0,29,190,9,3,2585.0,9.2,497,15,13,408940,3389845,497,6,6,-86.67
513801,408960.0,3389910.0,29,190,9,3,2585.0,9.2,497,15,13,409135,3390160,496,18,6,-107.0
513801,408960.0,3389910.0,29,190,9,3,2585.0,9.2,497,15,13,409130,3390155,496,18,6,-100.5
513801,408960.0,3389910.0,29,190,9,3,2585.0,9.2,497,15,13,408945,3389850,497,6,6,-92.5
513801,408960.0,3389910.0,29,190,9,3,2585.0,9.2,497,15,13,409185,3390090,496,60,12,-91.5
513801,408960.0,3389910.0,29,190,9,3,2585.0,9.2,497,15,13,408825,3389810,496,0,5,-87.5
513801,408960.0,3389910.0,29,190,9,3,2585.0,9.2,497,15,13,409160,3390105,496,0,12,-93.15
513801,408960.0,3389910.0,29,190,9,3,2585.0,9.2,497,15,13,409170,3390115,496,0,6,-91.73
513801,408960.0,3389910.0,29,190,9,3,2585.0,9.2,497,15,13,409205,3390230,499,0,6,-99.0
513801,408960.0,3389910.0,29,190,9,3,2585.0,9.2,497,15,13,409155,3390140,496,0,5,-102.81
513801,408960.0,3389910.0,29,190,9,3,2585.0,9.2,497,15,13,409175,3390120,495,0,5,-93.24
513801,408960.0,3389910.0,29,190,9,3,2585.0,9.2,497,15,13,409145,3390130,496,0,5,-102.31
513801,408960.0,3389910.0,29,190,9,3,2585.0,9.2,497,15,13,409140,3390125,496,0,6,-100.72
513801,408960.0,3389910.0,29,190,9,3,2585.0,9.2,497,15,13,409215,3390240,498,0,5,-109.33
513801,408960.0,3389910.0,29,190,9,3,2585.0,9.2,497,15,13,409120,3390145,496,0,6,-98.5
513801,408960.0,3389910.0,29,190,9,3,2585.0,9.2,497,15,13,409150,3390135,496,0,5,-101.1
513801,408960.0,3389910.0,29,190,9,3,2585.0,9.2,497,15,13,409165,3390110,496,0,6,-91.4
513801,408960.0,3389910.0,29,190,9,3,2585.0,9.2,497,15,13,409180,3390085,496,60,12,-97.0
513801,408960.0,3389910.0,29,190,9,3,2585.0,9.2,497,15,13,407310,3388525,495,0,10,-92.0
513801,408960.0,3389910.0,29,190,9,3,2585.0,9.2,497,15,13,409260,3389820,500,0,12,-120.67
513801,408960.0,3389910.0,29,190,9,3,2585.0,9.2,497,15,13,409065,3389935,496,0,5,-74.74
513801,408960.0,3389910.0,29,190,9,3,2585.0,9.2,497,15,13,409060,3389940,496,0,12,-75.58
513801,408960.0,3389910.0,29,190,9,3,2585.0,9.2,497,15,13,409050,3389950,496,0,12,-78.89
513801,408960.0,3389910.0,29,190,9,3,2585.0,9.2,497,15,13,409055,3389945,496,0,12,-75.55
513801,408960.0,3389910.0,29,190,9,3,2585.0,9.2,497,15,13,409090,3389990,497,0,5,-83.0
513801,408960.0,3389910.0,29,190,9,3,2585.0,9.2,497,15,13,409040,3389960,496,0,6,-74.85
513801,408960.0,3389910.0,29,190,9,3,2585.0,9.2,497,15,13,409045,3389955,496,0,12,-77.29
513801,408960.0,3389910.0,29,190,9,3,2585.0,9.2,497,15,13,409105,3389975,497,6,5,-87.5
513801,408960.0,3389910.0,29,190,9,3,2585.0,9.2,497,15,13,409080,3390000,498,0,13,-81.94
513801,408960.0,3389910.0,29,190,9,3,2585.0,9.2,497,15,13,409085,3389995,498,0,13,-83.38
513801,408960.0,3389910.0,29,190,9,3,2585.0,9.2,497,15,13,409210,3389790,499,0,5,-123.33
513801,408960.0,3389910.0,29,190,9,3,2585.0,9.2,497,15,13,409095,3389985,497,0,5,-104.67
513801,408960.0,3389910.0,29,190,9,3,2585.0,9.2,497,15,13,409070,3389930,496,6,5,-72.77
513801,408960.0,3389910.0,29,190,9,3,2585.0,9.2,497,15,13,409075,3389925,496,6,5,-77.6
513801,408960.0,3389910.0,29,190,9,3,2585.0,9.2,497,15,13,409145,3390175,496,18,6,-98.5
513801,408960.0,3389910.0,29,190,9,3,2585.0,9.2,497,15,13,409205,3390115,495,0,5,-98.5
513801,408960.0,3389910.0,29,190,9,3,2585.0,9.2,497,15,13,409155,3390165,496,0,6,-99.56
513801,408960.0,3389910.0,29,190,9,3,2585.0,9.2,497,15,13,408955,3389805,496,0,6,-86.17
513801,408960.0,3389910.0,29,190,9,3,2585.0,9.2,497,15,13,408930,3389830,497,6,6,-89.4
513801,408960.0,3389910.0,29,190,9,3,2585.0,9.2,497,15,13,409240,3390160,497,0,5,-96.0
513801,408960.0,3389910.0,29,190,9,3,2585.0,9.2,497,15,13,408945,3389815,496,15,6,-86.66
513801,408960.0,3389910.0,29,190,9,3,2585.0,9.2,497,15,13,409200,3390120,495,0,10,-101.6
513801,408960.0,3389910.0,29,190,9,3,2585.0,9.2,497,15,13,408940,3389820,496,0,6,-90.0
513801,408960.0,3389910.0,29,190,9,3,2585.0,9.2,497,15,13,408950,3389810,496,15,6,-87.93
513801,408960.0,3389910.0,29,190,9,3,2585.0,9.2,497,15,13,409195,3390205,499,0,5,-105.67
513801,408960.0,3389910.0,29,190,9,3,2585.0,9.2,497,15,13,409150,3390170,496,18,6,-104.14
513801,408960.0,3389910.0,29,190,9,3,2585.0,9.2,497,15,13,409190,3390210,499,0,5,-109.0
513801,408960.0,3389910.0,29,190,9,3,2585.0,9.2,497,15,13,408910,3389770,495,0,6,-109.0
513801,408960.0,3389910.0,29,190,9,3,2585.0,9.2,497,15,13,408905,3389775,495,0,5,-113.67
513801,408960.0,3389910.0,29,190,9,3,2585.0,9.2,497,15,13,408895,3389785,495,0,12,-90.0
513801,408960.0,3389910.0,29,190,9,3,2585.0,9.2,497,15,13,408915,3389765,496,0,6,-103.8
513801,408960.0,3389910.0,29,190,9,3,2585.0,9.2,497,15,13,408900,3389780,495,0,5,-103.75
513801,408960.0,3389910.0,29,190,9,3,2585.0,9.2,497,15,13,409215,3390105,495,0,5,-110.0
513801,408960.0,3389910.0,29,190,9,3,2585.0,9.2,497,15,13,408935,3389825,496,0,6,-100.67
513801,408960.0,3389910.0,29,190,9,3,2585.0,9.2,497,15,13,408910,3389540,495,0,5,-87.5
513801,408960.0,3389910.0,29,190,9,3,2585.0,9.2,497,15,13,408810,3389480,495,0,5,-85.93
513801,408960.0,3389910.0,29,190,9,3,2585.0,9.2,497,15,13,408800,3389470,495,0,5,-90.38
513801,408960.0,3389910.0,29,190,9,3,2585.0,9.2,497,15,13,408805,3389465,495,0,5,-86.83
513801,408960.0,3389910.0,29,190,9,3,2585.0,9.2,497,15,13,408815,3389475,495,9,13,-88.75
513801,408960.0,3389910.0,29,190,9,3,2585.0,9.2,497,15,13,409050,3390000,498,21,6,-72.75
513801,408960.0,3389910.0,29,190,9,3,2585.0,9.2,497,15,13,409230,3389820,500,21,5,-110.0
513801,408960.0,3389910.0,29,190,9,3,2585.0,9.2,497,15,13,409225,3389805,500,0,12,-109.4
513801,408960.0,3389910.0,29,190,9,3,2585.0,9.2,497,15,13,409060,3389970,497,0,13,-80.53
513801,408960.0,3389910.0,29,190,9,3,2585.0,9.2,497,15,13,409095,3389955,497,6,5,-82.5
513801,408960.0,3389910.0,29,190,9,3,2585.0,9.2,497,15,13,409065,3389965,497,0,13,-78.55
513801,408960.0,3389910.0,29,190,9,3,2585.0,9.2,497,15,13,409220,3389810,500,0,5,-113.4
513801,408960.0,3389910.0,29,190,9,3,2585.0,9.2,497,15,13,409055,3389995,498,0,6,-76.17
513801,408960.0,3389910.0,29,190,9,3,2585.0,9.2,497,15,13,409070,3389980,497,0,5,-78.0
513801,408960.0,3389910.0,29,190,9,3,2585.0,9.2,497,15,13,409075,3389975,497,0,5,-80.44
513801,408960.0,3389910.0,29,190,9,3,2585.0,9.2,497,15,13,409085,3389945,497,6,5,-97.0
513801,408960.0,3389910.0,29,190,9,3,2585.0,9.2,497,15,13,409080,3389950,497,6,5,-76.57
513801,408960.0,3389910.0,29,190,9,3,2585.0,9.2,497,15,13,409045,3389985,497,0,6,-77.2
513801,408960.0,3389910.0,29,190,9,3,2585.0,9.2,497,15,13,408785,3389510,495,0,5,-90.25
513801,408960.0,3389910.0,29,190,9,3,2585.0,9.2,497,15,13,408955,3389680,498,0,5,-79.33
513801,408960.0,3389910.0,29,190,9,3,2585.0,9.2,497,15,13,408775,3389500,495,0,6,-88.67
513801,408960.0,3389910.0,29,190,9,3,2585.0,9.2,497,15,13,408900,3389625,496,5,5,-86.5
513801,408960.0,3389910.0,29,190,9,3,2585.0,9.2,497,15,13,408905,3389630,496,0,5,-84.38
513801,408960.0,3389910.0,29,190,9,3,2585.0,9.2,497,15,13,408950,3389675,498,0,5,-84.0
513801,408960.0,3389910.0,29,190,9,3,2585.0,9.2,497,15,13,408890,3389615,496,5,13,-84.41
513801,408960.0,3389910.0,29,190,9,3,2585.0,9.2,497,15,13,408790,3389515,495,0,5,-86.36
513801,408960.0,3389910.0,29,190,9,3,2585.0,9.2,497,15,13,408880,3389605,495,5,5,-84.05
513801,408960.0,3389910.0,29,190,9,3,2585.0,9.2,497,15,13,408885,3389610,495,5,13,-85.04
513801,408960.0,3389910.0,29,190,9,3,2585.0,9.2,497,15,13,408935,3389660,497,0,12,-79.4
513801,408960.0,3389910.0,29,190,9,3,2585.0,9.2,497,15,13,408925,3389650,497,0,5,-86.86
513801,408960.0,3389910.0,29,190,9,3,2585.0,9.2,497,15,13,408760,3389485,496,18,6,-98.67
513801,408960.0,3389910.0,29,190,9,3,2585.0,9.2,497,15,13,408895,3389620,496,5,5,-87.38
513801,408960.0,3389910.0,29,190,9,3,2585.0,9.2,497,15,13,408765,3389490,495,18,6,-93.0
513801,408960.0,3389910.0,29,190,9,3,2585.0,9.2,497,15,13,408780,3389505,495,0,6,-89.71
513801,408960.0,3389910.0,29,190,9,3,2585.0,9.2,497,15,13,408795,3389520,495,0,5,-88.9
513801,408960.0,3389910.0,29,190,9,3,2585.0,9.2,497,15,13,408940,3389665,497,0,12,-86.0
513801,408960.0,3389910.0,29,190,9,3,2585.0,9.2,497,15,13,408920,3389645,497,0,5,-84.0
513801,408960.0,3389910.0,29,190,9,3,2585.0,9.2,497,15,13,408915,3389640,496,6,5,-79.47
513801,408960.0,3389910.0,29,190,9,3,2585.0,9.2,497,15,13,408910,3389635,496,0,5,-80.42
513801,408960.0,3389910.0,29,190,9,3,2585.0,9.2,497,15,13,408770,3389495,495,0,6,-96.67
513801,408960.0,3389910.0,29,190,9,3,2585.0,9.2,497,15,13,408945,3389670,498,0,12,-86.0
513801,408960.0,3389910.0,29,190,9,3,2585.0,9.2,497,15,13,408755,3389480,496,18,6,-89.5
513801,408960.0,3389910.0,29,190,9,3,2585.0,9.2,497,15,13,408930,3389655,497,0,12,-93.63
513801,408960.0,3389910.0,29,190,9,3,2585.0,9.2,497,15,13,408865,3389685,496,21,6,-89.5
513801,408960.0,3389910.0,29,190,9,3,2585.0,9.2,497,15,13,408785,3389445,496,0,13,-89.91
513801,408960.0,3389910.0,29,190,9,3,2585.0,9.2,497,15,13,408900,3389650,496,0,5,-85.27
513801,408960.0,3389910.0,29,190,9,3,2585.0,9.2,497,15,13,408790,3389460,495,0,13,-89.88
513801,408960.0,3389910.0,29,190,9,3,2585.0,9.2,497,15,13,408880,3389670,496,0,13,-87.4
513801,408960.0,3389910.0,29,190,9,3,2585.0,9.2,497,15,13,408885,3389665,496,0,13,-86.37
513801,408960.0,3389910.0,29,190,9,3,2585.0,9.2,497,15,13,408795,3389455,495,0,13,-87.1
513801,408960.0,3389910.0,29,190,9,3,2585.0,9.2,497,15,13,408905,3389645,496,6,5,-81.91
513801,408960.0,3389910.0,29,190,9,3,2585.0,9.2,497,15,13,408910,3389660,497,0,5,-83.96
513801,408960.0,3389910.0,29,190,9,3,2585.0,9.2,497,15,13,408895,3389675,497,0,13,-85.0
513801,408960.0,3389910.0,29,190,9,3,2585.0,9.2,497,15,13,408890,3389680,497,0,13,-86.69
513801,408960.0,3389910.0,29,190,9,3,2585.0,9.2,497,15,13,408765,3389465,496,0,5,-91.39
513801,408960.0,3389910.0,29,190,9,3,2585.0,9.2,497,15,13,408780,3389450,496,0,13,-90.63
513801,408960.0,3389910.0,29,190,9,3,2585.0,9.2,497,15,13,408915,3389655,497,0,5,-82.71
513801,408960.0,3389910.0,29,190,9,3,2585.0,9.2,497,15,13,408760,3389470,496,0,5,-91.4
513801,408960.0,3389910.0,29,190,9,3,2585.0,9.2,497,15,13,408775,3389475,495,0,13,-90.08
513801,408960.0,3389910.0,29,190,9,3,2585.0,9.2,497,15,13,408770,3389480,495,0,5,-91.42
513801,408960.0,3389910.0,29,190,9,3,2585.0,9.2,497,15,13,408930,3389640,497,0,5,-88.67
513801,408960.0,3389910.0,29,190,9,3,2585.0,9.2,497,15,13,408875,3389695,496,21,6,-89.33
513801,408960.0,3389910.0,29,190,9,3,2585.0,9.2,497,15,13,408925,3389625,496,0,5,-96.33
513801,408960.0,3389910.0,29,190,9,3,2585.0,9.2,497,15,13,408620,3389165,494,0,13,-98.0
513801,408960.0,3389910.0,29,190,9,3,2585.0,9.2,497,15,13,408600,3389125,494,0,6,-97.0
513801,408960.0,3389910.0,29,190,9,3,2585.0,9.2,497,15,13,409265,3390355,495,0,5,-108.5
513801,408960.0,3389910.0,29,190,9,3,2585.0,9.2,497,15,13,408905,3389810,496,0,5,-83.0
513801,408960.0,3389910.0,29,190,9,3,2585.0,9.2,497,15,13,409160,3390185,497,18,6,-104.0
513801,408960.0,3389910.0,29,190,9,3,2585.0,9.2,497,15,13,408925,3389790,496,0,6,-98.43
513801,408960.0,3389910.0,29,190,9,3,2585.0,9.2,497,15,13,408935,3389800,496,0,6,-90.25
513801,408960.0,3389910.0,29,190,9,3,2585.0,9.2,497,15,13,409200,3390145,496,0,10,-97.54
513801,408960.0,3389910.0,29,190,9,3,2585.0,9.2,497,15,13,409165,3390190,497,18,6,-100.5
513801,408960.0,3389910.0,29,190,9,3,2585.0,9.2,497,15,13,408930,3389795,496,0,6,-93.49
513801,408960.0,3389910.0,29,190,9,3,2585.0,9.2,497,15,13,409205,3390150,496,0,10,-95.14
513801,408960.0,3389910.0,29,190,9,3,2585.0,9.2,497,15,13,408945,3389770,496,0,5,-82.81
513801,408960.0,3389910.0,29,190,9,3,2585.0,9.2,497,15,13,408950,3389775,496,0,5,-81.4
513801,408960.0,3389910.0,29,190,9,3,2585.0,9.2,497,15,13,409190,3390175,497,0,5,-101.2
513801,408960.0,3389910.0,29,190,9,3,2585.0,9.2,497,15,13,408955,3389780,496,0,6,-80.11
513801,408960.0,3389910.0,29,190,9,3,2585.0,9.2,497,15,13,409195,3390180,497,0,5,-101.71
513801,408960.0,3389910.0,29,190,9,3,2585.0,9.2,497,15,13,409175,3390200,498,0,6,-101.5
513801,408960.0,3389910.0,29,190,9,3,2585.0,9.2,497,15,13,409180,3390165,497,0,5,-103.51
513801,408960.0,3389910.0,29,190,9,3,2585.0,9.2,497,15,13,409215,3390160,497,0,5,-96.82
513801,408960.0,3389910.0,29,190,9,3,2585.0,9.2,497,15,13,409185,3390170,497,0,5,-103.0
513801,408960.0,3389910.0,29,190,9,3,2585.0,9.2,497,15,13,408940,3389765,496,0,5,-86.3
513801,408960.0,3389910.0,29,190,9,3,2585.0,9.2,497,15,13,409170,3390195,497,0,6,-99.25
513801,408960.0,3389910.0,29,190,9,3,2585.0,9.2,497,15,13,408920,3389785,496,0,6,-116.6
513801,408960.0,3389910.0,29,190,9,3,2585.0,9.2,497,15,13,409210,3390155,496,0,10,-92.0
513801,408960.0,3389910.0,29,190,9,3,2585.0,9.2,497,15,13,409235,3390140,496,45,5,-104.0
513801,408960.0,3389910.0,29,190,9,3,2585.0,9.2,497,15,13,408615,3389175,494,0,13,-85.5
513801,408960.0,3389910.0,29,190,9,3,2585.0,9.2,497,15,13,408625,3389185,494,0,13,-84.0
513801,408960.0,3389910.0,29,190,9,3,2585.0,9.2,497,15,13,408905,3389755,496,0,6,-105.67
513801,408960.0,3389910.0,29,190,9,3,2585.0,9.2,497,15,13,408850,3389610,495,0,5,-87.23
513801,408960.0,3389910.0,29,190,9,3,2585.0,9.2,497,15,13,408840,3389620,495,0,6,-86.67
513801,408960.0,3389910.0,29,190,9,3,2585.0,9.2,497,15,13,408845,3389615,495,0,5,-84.67
513801,408960.0,3389910.0,29,190,9,3,2585.0,9.2,497,15,13,408880,3389740,495,21,5,-92.5
513801,408960.0,3389910.0,29,190,9,3,2585.0,9.2,497,15,13,408890,3389730,496,21,6,-87.09
513801,408960.0,3389910.0,29,190,9,3,2585.0,9.2,497,15,13,408895,3389725,496,21,6,-87.76
513801,408960.0,3389910.0,29,190,9,3,2585.0,9.2,497,15,13,408790,3389550,495,18,6,-91.5
513801,408960.0,3389910.0,29,190,9,3,2585.0,9.2,497,15,13,408945,3389715,497,0,5,-78.66
513801,408960.0,3389910.0,29,190,9,3,2585.0,9.2,497,15,13,408875,3389625,496,0,5,-85.88
513801,408960.0,3389910.0,29,190,9,3,2585.0,9.2,497,15,13,408925,3389695,498,0,5,-83.57
513801,408960.0,3389910.0,29,190,9,3,2585.0,9.2,497,15,13,408870,3389630,496,0,13,-86.11
513801,408960.0,3389910.0,29,190,9,3,2585.0,9.2,497,15,13,408860,3389640,496,0,5,-86.41
513801,408960.0,3389910.0,29,190,9,3,2585.0,9.2,497,15,13,408855,3389605,495,0,13,-85.93
513801,408960.0,3389910.0,29,190,9,3,2585.0,9.2,497,15,13,408915,3389745,496,0,6,-100.43
513801,408960.0,3389910.0,29,190,9,3,2585.0,9.2,497,15,13,408950,3389710,497,0,13,-75.94
513801,408960.0,3389910.0,29,190,9,3,2585.0,9.2,497,15,13,408920,3389700,497,0,5,-82.94
513801,408960.0,3389910.0,29,190,9,3,2585.0,9.2,497,15,13,408930,3389690,498,0,5,-85.4
513801,408960.0,3389910.0,29,190,9,3,2585.0,9.2,497,15,13,408940,3389720,497,0,5,-83.1
513801,408960.0,3389910.0,29,190,9,3,2585.0,9.2,497,15,13,408955,3389705,498,0,5,-74.95
513801,408960.0,3389910.0,29,190,9,3,2585.0,9.2,497,15,13,408935,3389685,498,0,12,-88.13
513801,408960.0,3389910.0,29,190,9,3,2585.0,9.2,497,15,13,408865,3389635,496,0,13,-85.44
513801,408960.0,3389910.0,29,190,9,3,2585.0,9.2,497,15,13,408910,3389750,496,0,6,-102.0
513801,408960.0,3389910.0,29,190,9,3,2585.0,9.2,497,15,13,408795,3389545,495,0,6,-90.0
513801,408960.0,3389910.0,29,190,9,3,2585.0,9.2,497,15,13,408885,3389735,496,21,5,-94.67
513801,408960.0,3389910.0,29,190,9,3,2585.0,9.2,497,15,13,408760,3389385,495,12,13,-91.5
513801,408960.0,3389910.0,29,190,9,3,2585.0,9.2,497,15,13,408750,3389415,496,0,5,-91.21
513801,408960.0,3389910.0,29,190,9,3,2585.0,9.2,497,15,13,408740,3389405,497,0,6,-92.39
513801,408960.0,3389910.0,29,190,9,3,2585.0,9.2,497,15,13,408755,3389420,496,0,5,-91.41
513801,408960.0,3389910.0,29,190,9,3,2585.0,9.2,497,15,13,408745,3389410,496,0,6,-91.61
513801,408960.0,3389910.0,29,190,9,3,2585.0,9.2,497,15,13,408690,3389315,497,0,5,-81.5
513801,408960.0,3389910.0,29,190,9,3,2585.0,9.2,497,15,13,409185,3390130,495,0,10,-95.1
513801,408960.0,3389910.0,29,190,9,3,2585.0,9.2,497,15,13,409120,3390105,496,0,6,-98.08
513801,408960.0,3389910.0,29,190,9,3,2585.0,9.2,497,15,13,408955,3389900,497,0,5,-84.0
513801,408960.0,3389910.0,29,190,9,3,2585.0,9.2,497,15,13,409200,3390185,498,0,5,-104.21
513801,408960.0,3389910.0,29,190,9,3,2585.0,9.2,497,15,13,409225,3390170,497,0,5,-98.0
513801,408960.0,3389910.0,29,190,9,3,2585.0,9.2,497,15,13,409145,3390090,496,0,12,-93.59
513801,408960.0,3389910.0,29,190,9,3,2585.0,9.2,497,15,13,409155,3390100,496,0,12,-93.93
513801,408960.0,3389910.0,29,190,9,3,2585.0,9.2,497,15,13,409170,3390155,496,0,5,-103.62
513801,408960.0,3389910.0,29,190,9,3,2585.0,9.2,497,15,13,409125,3390110,496,0,6,-99.92
513801,408960.0,3389910.0,29,190,9,3,2585.0,9.2,497,15,13,408940,3389885,497,0,5,-88.0
513801,408960.0,3389910.0,29,190,9,3,2585.0,9.2,497,15,13,409150,3390095,496,0,12,-95.66
513801,408960.0,3389910.0,29,190,9,3,2585.0,9.2,497,15,13,409160,3390145,496,0,5,-103.51
513801,408960.0,3389910.0,29,190,9,3,2585.0,9.2,497,15,13,409195,3390140,496,0,10,-96.43
513801,408960.0,3389910.0,29,190,9,3,2585.0,9.2,497,15,13,409165,3390150,496,0,5,-102.75
513801,408960.0,3389910.0,29,190,9,3,2585.0,9.2,497,15,13,409205,3390190,498,0,5,-102.2
513801,408960.0,3389910.0,29,190,9,3,2585.0,9.2,497,15,13,409140,3390085,496,0,5,-95.08
513801,408960.0,3389910.0,29,190,9,3,2585.0,9.2,497,15,13,409175,3390160,496,0,5,-103.29
513801,408960.0,3389910.0,29,190,9,3,2585.0,9.2,497,15,13,409130,3390115,496,0,5,-100.45
513801,408960.0,3389910.0,29,190,9,3,2585.0,9.2,497,15,13,409135,3390120,496,0,5,-102.79
513801,408960.0,3389910.0,29,190,9,3,2585.0,9.2,497,15,13,409210,3390195,498,0,5,-100.6
513801,408960.0,3389910.0,29,190,9,3,2585.0,9.2,497,15,13,409180,3390125,495,0,5,-93.86
513801,408960.0,3389910.0,29,190,9,3,2585.0,9.2,497,15,13,409190,3390135,496,0,10,-94.08
513801,408960.0,3389910.0,29,190,9,3,2585.0,9.2,497,15,13,409220,3390165,497,0,5,-94.0
513801,408960.0,3389910.0,29,190,9,3,2585.0,9.2,497,15,13,408825,3389480,495,0,5,-90.0
513801,408960.0,3389910.0,29,190,9,3,2585.0,9.2,497,15,13,408800,3389455,495,0,13,-88.33
513801,408960.0,3389910.0,29,190,9,3,2585.0,9.2,497,15,13,408805,3389460,495,9,5,-86.5
513801,408960.0,3389910.0,29,190,9,3,2585.0,9.2,497,15,13,408800,3389530,495,0,5,-86.56
513801,408960.0,3389910.0,29,190,9,3,2585.0,9.2,497,15,13,408810,3389540,495,0,5,-86.9
513801,408960.0,3389910.0,29,190,9,3,2585.0,9.2,497,15,13,408835,3389555,495,0,5,-84.04
513801,408960.0,3389910.0,29,190,9,3,2585.0,9.2,497,15,13,408850,3389580,495,0,5,-84.36
513801,408960.0,3389910.0,29,190,9,3,2585.0,9.2,497,15,13,408875,3389595,495,5,13,-84.91
513801,408960.0,3389910.0,29,190,9,3,2585.0,9.2,497,15,13,408840,3389570,495,0,13,-84.48
513801,408960.0,3389910.0,29,190,9,3,2585.0,9.2,497,15,13,408855,3389575,495,0,5,-83.24
513801,408960.0,3389910.0,29,190,9,3,2585.0,9.2,497,15,13,408815,3389535,495,0,5,-84.27
513801,408960.0,3389910.0,29,190,9,3,2585.0,9.2,497,15,13,408820,3389550,495,0,5,-84.23
513801,408960.0,3389910.0,29,190,9,3,2585.0,9.2,497,15,13,408805,3389525,495,0,5,-87.44
513801,408960.0,3389910.0,29,190,9,3,2585.0,9.2,497,15,13,408830,3389560,495,0,5,-85.2
513801,408960.0,3389910.0,29,190,9,3,2585.0,9.2,497,15,13,408825,3389545,495,0,5,-83.85
513801,408960.0,3389910.0,29,190,9,3,2585.0,9.2,497,15,13,409295,3390335,496,0,5,-100.5
513801,408960.0,3389910.0,29,190,9,3,2585.0,9.2,497,15,13,408845,3389565,495,0,5,-83.45
513801,408960.0,3389910.0,29,190,9,3,2585.0,9.2,497,15,13,409300,3390350,496,0,10,-101.5
513801,408960.0,3389910.0,29,190,9,3,2585.0,9.2,497,15,13,408860,3389590,495,0,5,-83.62
513801,408960.0,3389910.0,29,190,9,3,2585.0,9.2,497,15,13,409290,3390340,495,0,5,-101.0
513801,408960.0,3389910.0,29,190,9,3,2585.0,9.2,497,15,13,409285,3390325,495,0,5,-100.75
513801,408960.0,3389910.0,29,190,9,3,2585.0,9.2,497,15,13,409280,3390330,495,0,5,-99.75
513801,408960.0,3389910.0,29,190,9,3,2585.0,9.2,497,15,13,408865,3389585,495,0,13,-83.81
513801,408960.0,3389910.0,29,190,9,3,2585.0,9.2,497,15,13,408870,3389600,495,0,13,-86.61
513801,408960.0,3389910.0,29,190,9,3,2585.0,9.2,497,15,13,409305,3390345,497,0,5,-103.33
513801,408960.0,3389910.0,29,190,9,3,2585.0,9.2,497,15,13,408950,3389865,497,0,13,-79.0
513801,408960.0,3389910.0,29,190,9,3,2585.0,9.2,497,15,13,409140,3390155,496,18,6,-102.67
513801,408960.0,3389910.0,29,190,9,3,2585.0,9.2,497,15,13,409145,3390160,496,18,6,-103.5
513801,408960.0,3389910.0,29,190,9,3,2585.0,9.2,497,15,13,409135,3390130,496,0,6,-100.67
513801,408960.0,3389910.0,29,190,9,3,2585.0,9.2,497,15,13,409130,3390125,496,0,6,-102.27
513801,408960.0,3389910.0,29,190,9,3,2585.0,9.2,497,15,13,409220,3390235,498,0,5,-102.8
513801,408960.0,3389910.0,29,190,9,3,2585.0,9.2,497,15,13,409205,3390220,499,0,5,-119.0
513801,408960.0,3389910.0,29,190,9,3,2585.0,9.2,497,15,13,409200,3390215,499,0,5,-103.0
513801,408960.0,3389910.0,29,190,9,3,2585.0,9.2,497,15,13,409150,3390145,496,0,5,-102.97
513801,408960.0,3389910.0,29,190,9,3,2585.0,9.2,497,15,13,409225,3390240,498,0,13,-100.33
513801,408960.0,3389910.0,29,190,9,3,2585.0,9.2,497,15,13,409155,3390150,496,0,5,-103.14
513801,408960.0,3389910.0,29,190,9,3,2585.0,9.2,497,15,13,409180,3390115,495,0,5,-92.23
513801,408960.0,3389910.0,29,190,9,3,2585.0,9.2,497,15,13,409160,3390095,496,0,12,-90.27
513801,408960.0,3389910.0,29,190,9,3,2585.0,9.2,497,15,13,409210,3390205,499,0,5,-104.0
513801,408960.0,3389910.0,29,190,9,3,2585.0,9.2,497,15,13,409215,3390210,499,0,5,-97.5
513801,408960.0,3389910.0,29,190,9,3,2585.0,9.2,497,15,13,409185,3390120,495,0,5,-93.19
513801,408960.0,3389910.0,29,190,9,3,2585.0,9.2,497,15,13,409165,3390100,496,0,12,-89.73
513801,408960.0,3389910.0,29,190,9,3,2585.0,9.2,497,15,13,409190,3390105,495,60,6,-88.5
513801,408960.0,3389910.0,29,190,9,3,2585.0,9.2,497,15,13,409175,3390090,496,0,12,-93.14
513801,408960.0,3389910.0,29,190,9,3,2585.0,9.2,497,15,13,409170,3390085,496,0,12,-93.5
513801,408960.0,3389910.0,29,190,9,3,2585.0,9.2,497,15,13,408910,3389755,496,0,6,-94.0
513801,408960.0,3389910.0,29,190,9,3,2585.0,9.2,497,15,13,408915,3389760,496,0,6,-86.5
513801,408960.0,3389910.0,29,190,9,3,2585.0,9.2,497,15,13,408890,3389735,496,21,6,-89.89
513801,408960.0,3389910.0,29,190,9,3,2585.0,9.2,497,15,13,408870,3389635,496,0,5,-85.46
513801,408960.0,3389910.0,29,190,9,3,2585.0,9.2,497,15,13,408845,3389610,495,0,5,-87.31
513801,408960.0,3389910.0,29,190,9,3,2585.0,9.2,497,15,13,408885,3389730,496,21,5,-90.17
513801,408960.0,3389910.0,29,190,9,3,2585.0,9.2,497,15,13,408920,3389685,497,0,5,-84.17
513801,408960.0,3389910.0,29,190,9,3,2585.0,9.2,497,15,13,408940,3389705,498,0,13,-79.9
513801,408960.0,3389910.0,29,190,9,3,2585.0,9.2,497,15,13,408850,3389615,495,0,5,-87.56
513801,408960.0,3389910.0,29,190,9,3,2585.0,9.2,497,15,13,408935,3389700,498,0,5,-81.4
513801,408960.0,3389910.0,29,190,9,3,2585.0,9.2,497,15,13,408950,3389715,497,0,13,-77.73
513801,408960.0,3389910.0,29,190,9,3,2585.0,9.2,497,15,13,408925,3389690,498,0,5,-84.58
513801,408960.0,3389910.0,29,190,9,3,2585.0,9.2,497,15,13,408900,3389745,496,0,6,-85.0
513801,408960.0,3389910.0,29,190,9,3,2585.0,9.2,497,15,13,408930,3389695,498,0,5,-84.48
513801,408960.0,3389910.0,29,190,9,3,2585.0,9.2,497,15,13,408945,3389710,498,0,13,-78.16
513801,408960.0,3389910.0,29,190,9,3,2585.0,9.2,497,15,13,408840,3389605,495,0,5,-85.43
513801,408960.0,3389910.0,29,190,9,3,2585.0,9.2,497,15,13,408865,3389630,495,0,13,-85.22
513801,408960.0,3389910.0,29,190,9,3,2585.0,9.2,497,15,13,408955,3389720,497,0,5,-78.17
513801,408960.0,3389910.0,29,190,9,3,2585.0,9.2,497,15,13,408875,3389640,496,0,13,-86.04
513801,408960.0,3389910.0,29,190,9,3,2585.0,9.2,497,15,13,408860,3389625,495,0,13,-85.63
513801,408960.0,3389910.0,29,190,9,3,2585.0,9.2,497,15,13,408855,3389620,495,0,5,-86.1
513801,408960.0,3389910.0,29,190,9,3,2585.0,9.2,497,15,13,408880,3389725,496,0,5,-95.4
513801,408960.0,3389910.0,29,190,9,3,2585.0,9.2,497,15,13,408895,3389740,496,0,6,-88.5
513801,408960.0,3389910.0,29,190,9,3,2585.0,9.2,497,15,13,408905,3389750,496,0,6,-85.67
513801,408960.0,3389910.0,29,190,9,3,2585.0,9.2,497,15,13,408855,3389555,494,12,5,-82.7
513801,408960.0,3389910.0,29,190,9,3,2585.0,9.2,497,15,13,408820,3389570,495,0,5,-83.17
513801,408960.0,3389910.0,29,190,9,3,2585.0,9.2,497,15,13,408825,3389565,495,0,5,-87.05
513801,408960.0,3389910.0,29,190,9,3,2585.0,9.2,497,15,13,408815,3389595,496,18,6,-87.0
513801,408960.0,3389910.0,29,190,9,3,2585.0,9.2,497,15,13,408835,3389575,495,0,13,-84.88
513801,408960.0,3389910.0,29,190,9,3,2585.0,9.2,497,15,13,408830,3389580,495,0,5,-82.75
513801,408960.0,3389910.0,29,190,9,3,2585.0,9.2,497,15,13,409305,3390365,497,0,10,-101.75
513801,408960.0,3389910.0,29,190,9,3,2585.0,9.2,497,15,13,408840,3389550,495,0,5,-83.03
513801,408960.0,3389910.0,29,190,9,3,2585.0,9.2,497,15,13,408850,3389560,495,0,5,-84.15
513801,408960.0,3389910.0,29,190,9,3,2585.0,9.2,497,15,13,408845,3389545,494,0,12,-84.0
513801,408960.0,3389910.0,29,190,9,3,2585.0,9.2,497,15,13,409300,3390370,496,0,10,-103.0
513801,408960.0,3389910.0,29,190,9,3,2585.0,9.2,497,15,13,409195,3389740,500,21,5,-106.5
513801,408960.0,3389910.0,29,190,9,3,2585.0,9.2,497,15,13,409070,3389455,494,0,5,-99.5
513801,408960.0,3389910.0,29,190,9,3,2585.0,9.2,497,15,13,409020,3389670,497,18,13,-85.5
513801,408960.0,3389910.0,29,190,9,3,2585.0,9.2,497,15,13,409045,3389685,497,0,13,-100.04
513801,408960.0,3389910.0,29,190,9,3,2585.0,9.2,497,15,13,409050,3389700,497,0,12,-95.47
513801,408960.0,3389910.0,29,190,9,3,2585.0,9.2,497,15,13,409015,3389655,497,18,5,-99.0
513801,408960.0,3389910.0,29,190,9,3,2585.0,9.2,497,15,13,409040,3389690,497,0,5,-94.78
513801,408960.0,3389910.0,29,190,9,3,2585.0,9.2,497,15,13,409000,3389650,497,0,5,-107.0
513801,408960.0,3389910.0,29,190,9,3,2585.0,9.2,497,15,13,409055,3389695,497,0,5,-93.19
513801,408960.0,3389910.0,29,190,9,3,2585.0,9.2,497,15,13,409035,3389675,497,0,5,-97.25
513801,408960.0,3389910.0,29,190,9,3,2585.0,9.2,497,15,13,409030,3389680,497,0,13,-92.53
513801,408960.0,3389910.0,29,190,9,3,2585.0,9.2,497,15,13,409060,3389710,497,0,12,-119.0
513801,408960.0,3389910.0,29,190,9,3,2585.0,9.2,497,15,13,409025,3389665,497,0,13,-104.4
513801,408960.0,3389910.0,29,190,9,3,2585.0,9.2,497,15,13,409065,3389705,497,0,12,-104.33
513801,408960.0,3389910.0,29,190,9,3,2585.0,9.2,497,15,13,408665,3389275,497,0,5,-94.0
513801,408960.0,3389910.0,29,190,9,3,2585.0,9.2,497,15,13,408670,3389270,498,0,13,-94.5
513801,408960.0,3389910.0,29,190,9,3,2585.0,9.2,497,15,13,409240,3390215,499,15,6,-114.0
513801,408960.0,3389910.0,29,190,9,3,2585.0,9.2,497,15,13,409190,3390145,496,0,10,-94.7
513801,408960.0,3389910.0,29,190,9,3,2585.0,9.2,497,15,13,409185,3390160,497,0,5,-101.88
513801,408960.0,3389910.0,29,190,9,3,2585.0,9.2,497,15,13,409180,3390155,496,0,5,-102.33
513801,408960.0,3389910.0,29,190,9,3,2585.0,9.2,497,15,13,409160,3390135,496,0,5,-101.89
513801,408960.0,3389910.0,29,190,9,3,2585.0,9.2,497,15,13,409125,3390100,496,0,5,-99.39
513801,408960.0,3389910.0,29,190,9,3,2585.0,9.2,497,15,13,409145,3390120,496,0,6,-100.9
513801,408960.0,3389910.0,29,190,9,3,2585.0,9.2,497,15,13,409170,3390125,495,0,5,-94.58
513801,408960.0,3389910.0,29,190,9,3,2585.0,9.2,497,15,13,409130,3390085,497,0,5,-97.29
513801,408960.0,3389910.0,29,190,9,3,2585.0,9.2,497,15,13,409165,3390140,496,0,5,-101.4
513801,408960.0,3389910.0,29,190,9,3,2585.0,9.2,497,15,13,409195,3390150,496,0,10,-99.26
513801,408960.0,3389910.0,29,190,9,3,2585.0,9.2,497,15,13,409135,3390090,496,0,5,-97.47
513801,408960.0,3389910.0,29,190,9,3,2585.0,9.2,497,15,13,409155,3390110,496,0,12,-95.95
513801,408960.0,3389910.0,29,190,9,3,2585.0,9.2,497,15,13,409150,3390105,496,0,12,-97.17
513801,408960.0,3389910.0,29,190,9,3,2585.0,9.2,497,15,13,409205,3390180,498,0,5,-97.5
513801,408960.0,3389910.0,29,190,9,3,2585.0,9.2,497,15,13,409200,3390175,497,0,5,-102.17
513801,408960.0,3389910.0,29,190,9,3,2585.0,9.2,497,15,13,409220,3390195,498,0,5,-98.67
513801,408960.0,3389910.0,29,190,9,3,2585.0,9.2,497,15,13,408955,3389910,497,0,5,-77.5
513801,408960.0,3389910.0,29,190,9,3,2585.0,9.2,497,15,13,409175,3390130,495,0,5,-95.89
513801,408960.0,3389910.0,29,190,9,3,2585.0,9.2,497,15,13,409140,3390115,496,0,5,-99.8
513801,408960.0,3389910.0,29,190,9,3,2585.0,9.2,497,15,13,409120,3390095,497,0,5,-97.52
513801,408960.0,3389910.0,29,190,9,3,2585.0,9.2,497,15,13,409215,3390170,497,0,5,-97.17
513801,408960.0,3389910.0,29,190,9,3,2585.0,9.2,497,15,13,409210,3390165,497,0,5,-97.67
