Cell Index,Cell X,Cell Y,Height,Azimuth,Electrical Downtilt,Mechanical Downtilt,Frequency Band,RS Power,Cell Altitude,Cell Building Height,Cell Clutter Index,X,Y,Altitude,Building Height,Clutter Index,RSRP
603601,413380.0,3386545.0,30,220,3,3,2585.0,9.2,484,6,6,413450,3386215,487,0,12,-95.0
603601,413380.0,3386545.0,30,220,3,3,2585.0,9.2,484,6,6,413490,3386465,486,0,5,-86.0
603601,413380.0,3386545.0,30,220,3,3,2585.0,9.2,484,6,6,413540,3386495,485,0,5,-76.0
603601,413380.0,3386545.0,30,220,3,3,2585.0,9.2,484,6,6,413555,3386490,485,0,5,-73.67
603601,413380.0,3386545.0,30,220,3,3,2585.0,9.2,484,6,6,413485,3386480,486,0,5,-83.06
603601,413380.0,3386545.0,30,220,3,3,2585.0,9.2,484,6,6,413495,3386470,486,0,5,-82.1
603601,413380.0,3386545.0,30,220,3,3,2585.0,9.2,484,6,6,413480,3386475,486,0,5,-81.17
603601,413380.0,3386545.0,30,220,3,3,2585.0,9.2,484,6,6,413550,3386485,485,0,5,-79.27
603601,413380.0,3386545.0,30,220,3,3,2585.0,9.2,484,6,6,412670,3383225,484,0,6,-97.5
603601,413380.0,3386545.0,30,220,3,3,2585.0,9.2,484,6,6,413440,3386650,484,0,14,-113.5
603601,413380.0,3386545.0,30,220,3,3,2585.0,9.2,484,6,6,413565,3386605,484,18,5,-101.5
603601,413380.0,3386545.0,30,220,3,3,2585.0,9.2,484,6,6,413575,3386615,485,0,5,-112.0
603601,413380.0,3386545.0,30,220,3,3,2585.0,9.2,484,6,6,413560,3386610,484,18,5,-106.33
603601,413380.0,3386545.0,30,220,3,3,2585.0,9.2,484,6,6,413595,3386635,485,18,14,-107.5
603601,413380.0,3386545.0,30,220,3,3,2585.0,9.2,484,6,6,413530,3386580,483,0,5,-103.6
603601,413380.0,3386545.0,30,220,3,3,2585.0,9.2,484,6,6,413570,3386620,485,18,5,-110.0
603601,413380.0,3386545.0,30,220,3,3,2585.0,9.2,484,6,6,413760,3386330,488,20,5,-115.0
603601,413380.0,3386545.0,30,220,3,3,2585.0,9.2,484,6,6,413550,3386600,484,0,5,-98.33
603601,413380.0,3386545.0,30,220,3,3,2585.0,9.2,484,6,6,413535,3386575,483,0,5,-104.5
603601,413380.0,3386545.0,30,220,3,3,2585.0,9.2,484,6,6,413545,3386585,484,0,5,-103.2
603601,413380.0,3386545.0,30,220,3,3,2585.0,9.2,484,6,6,413525,3386565,483,0,14,-104.0
603601,413380.0,3386545.0,30,220,3,3,2585.0,9.2,484,6,6,413520,3386570,483,0,14,-105.5
603601,413380.0,3386545.0,30,220,3,3,2585.0,9.2,484,6,6,413555,3386595,484,0,14,-99.0
603601,413380.0,3386545.0,30,220,3,3,2585.0,9.2,484,6,6,413540,3386590,484,0,5,-104.63
603601,413380.0,3386545.0,30,220,3,3,2585.0,9.2,484,6,6,413275,3386165,489,0,5,-91.4
603601,413380.0,3386545.0,30,220,3,3,2585.0,9.2,484,6,6,413835,3386035,498,0,5,-89.0
603601,413380.0,3386545.0,30,220,3,3,2585.0,9.2,484,6,6,413425,3386625,484,0,14,-113.0
603601,413380.0,3386545.0,30,220,3,3,2585.0,9.2,484,6,6,413435,3386635,484,0,5,-108.0
603601,413380.0,3386545.0,30,220,3,3,2585.0,9.2,484,6,6,413380,3386590,484,0,5,-107.0
603601,413380.0,3386545.0,30,220,3,3,2585.0,9.2,484,6,6,413365,3386565,484,0,6,-107.8
603601,413380.0,3386545.0,30,220,3,3,2585.0,9.2,484,6,6,413370,3386580,484,0,5,-96.0
603601,413380.0,3386545.0,30,220,3,3,2585.0,9.2,484,6,6,413375,3386575,484,0,5,-91.0
603601,413380.0,3386545.0,30,220,3,3,2585.0,9.2,484,6,6,413400,3386610,484,18,5,-109.5
603601,413380.0,3386545.0,30,220,3,3,2585.0,9.2,484,6,6,413385,3386585,484,6,5,-111.67
603601,413380.0,3386545.0,30,220,3,3,2585.0,9.2,484,6,6,413415,3386615,484,0,14,-112.25
603601,413380.0,3386545.0,30,220,3,3,2585.0,9.2,484,6,6,413405,3386605,484,18,5,-112.25
603601,413380.0,3386545.0,30,220,3,3,2585.0,9.2,484,6,6,413395,3386595,484,0,14,-106.0
603601,413380.0,3386545.0,30,220,3,3,2585.0,9.2,484,6,6,413360,3386570,484,0,6,-113.0
603601,413380.0,3386545.0,30,220,3,3,2585.0,9.2,484,6,6,413725,3386510,484,0,6,-102.67
603601,413380.0,3386545.0,30,220,3,3,2585.0,9.2,484,6,6,413625,3386450,486,0,5,-82.4
603601,413380.0,3386545.0,30,220,3,3,2585.0,9.2,484,6,6,413700,3386525,485,0,5,-97.0
603601,413380.0,3386545.0,30,220,3,3,2585.0,9.2,484,6,6,413610,3386475,485,0,5,-85.47
603601,413380.0,3386545.0,30,220,3,3,2585.0,9.2,484,6,6,413680,3386545,485,0,6,-99.41
603601,413380.0,3386545.0,30,220,3,3,2585.0,9.2,484,6,6,413685,3386550,485,0,6,-101.71
603601,413380.0,3386545.0,30,220,3,3,2585.0,9.2,484,6,6,413615,3386480,485,0,5,-79.67
603601,413380.0,3386545.0,30,220,3,3,2585.0,9.2,484,6,6,413655,3386440,486,0,5,-90.0
603601,413380.0,3386545.0,30,220,3,3,2585.0,9.2,484,6,6,413600,3386465,485,0,5,-88.93
603601,413380.0,3386545.0,30,220,3,3,2585.0,9.2,484,6,6,413630,3386455,486,0,5,-84.5
603601,413380.0,3386545.0,30,220,3,3,2585.0,9.2,484,6,6,413635,3386460,485,0,5,-87.0
603601,413380.0,3386545.0,30,220,3,3,2585.0,9.2,484,6,6,413690,3386555,485,0,5,-103.17
603601,413380.0,3386545.0,30,220,3,3,2585.0,9.2,484,6,6,413730,3386515,485,0,5,-103.91
603601,413380.0,3386545.0,30,220,3,3,2585.0,9.2,484,6,6,413735,3386520,485,0,5,-101.42
603601,413380.0,3386545.0,30,220,3,3,2585.0,9.2,484,6,6,413605,3386470,485,0,5,-83.26
603601,413380.0,3386545.0,30,220,3,3,2585.0,9.2,484,6,6,413450,3386315,486,0,5,-106.0
603601,413380.0,3386545.0,30,220,3,3,2585.0,9.2,484,6,6,413445,3386310,486,23,5,-88.0
603601,413380.0,3386545.0,30,220,3,3,2585.0,9.2,484,6,6,413740,3386485,485,0,6,-113.0
603601,413380.0,3386545.0,30,220,3,3,2585.0,9.2,484,6,6,413440,3386305,486,23,5,-95.0
603601,413380.0,3386545.0,30,220,3,3,2585.0,9.2,484,6,6,413620,3386445,486,0,5,-83.5
603601,413380.0,3386545.0,30,220,3,3,2585.0,9.2,484,6,6,413710,3386535,485,0,5,-103.33
603601,413380.0,3386545.0,30,220,3,3,2585.0,9.2,484,6,6,413315,3386205,489,0,5,-93.25
603601,413380.0,3386545.0,30,220,3,3,2585.0,9.2,484,6,6,413300,3386220,489,0,6,-93.67
603601,413380.0,3386545.0,30,220,3,3,2585.0,9.2,484,6,6,413325,3386195,488,0,5,-93.5
603601,413380.0,3386545.0,30,220,3,3,2585.0,9.2,484,6,6,413415,3386620,484,0,14,-113.5
603601,413380.0,3386545.0,30,220,3,3,2585.0,9.2,484,6,6,413425,3386630,484,18,5,-109.33
603601,413380.0,3386545.0,30,220,3,3,2585.0,9.2,484,6,6,413420,3386625,484,0,14,-112.5
603601,413380.0,3386545.0,30,220,3,3,2585.0,9.2,484,6,6,413400,3386605,484,0,5,-109.0
603601,413380.0,3386545.0,30,220,3,3,2585.0,9.2,484,6,6,413365,3386570,484,0,6,-101.88
603601,413380.0,3386545.0,30,220,3,3,2585.0,9.2,484,6,6,413375,3386580,484,0,5,-108.4
603601,413380.0,3386545.0,30,220,3,3,2585.0,9.2,484,6,6,413360,3386565,484,0,6,-103.2
603601,413380.0,3386545.0,30,220,3,3,2585.0,9.2,484,6,6,413430,3386635,484,18,5,-110.67
603601,413380.0,3386545.0,30,220,3,3,2585.0,9.2,484,6,6,413410,3386615,484,0,14,-110.5
603601,413380.0,3386545.0,30,220,3,3,2585.0,9.2,484,6,6,413405,3386610,484,18,5,-107.33
603601,413380.0,3386545.0,30,220,3,3,2585.0,9.2,484,6,6,413385,3386590,484,0,14,-111.25
603601,413380.0,3386545.0,30,220,3,3,2585.0,9.2,484,6,6,413370,3386575,484,0,5,-93.45
603601,413380.0,3386545.0,30,220,3,3,2585.0,9.2,484,6,6,413250,3386525,485,0,5,-138.0
603601,413380.0,3386545.0,30,220,3,3,2585.0,9.2,484,6,6,413235,3386510,486,0,5,-87.56
603601,413380.0,3386545.0,30,220,3,3,2585.0,9.2,484,6,6,413230,3386505,486,0,5,-96.0
603601,413380.0,3386545.0,30,220,3,3,2585.0,9.2,484,6,6,413220,3386515,485,0,5,-89.0
603601,413380.0,3386545.0,30,220,3,3,2585.0,9.2,484,6,6,413330,3386185,488,0,5,-100.5
603601,413380.0,3386545.0,30,220,3,3,2585.0,9.2,484,6,6,413285,3386240,490,0,6,-90.0
603601,413380.0,3386545.0,30,220,3,3,2585.0,9.2,484,6,6,413310,3386205,489,0,5,-97.0
603601,413380.0,3386545.0,30,220,3,3,2585.0,9.2,484,6,6,413325,3386200,488,0,5,-96.33
603601,413380.0,3386545.0,30,220,3,3,2585.0,9.2,484,6,6,413610,3386500,485,0,5,-96.0
603601,413380.0,3386545.0,30,220,3,3,2585.0,9.2,484,6,6,413705,3386425,486,0,5,-89.0
603601,413380.0,3386545.0,30,220,3,3,2585.0,9.2,484,6,6,413720,3386450,485,0,5,-94.25
603601,413380.0,3386545.0,30,220,3,3,2585.0,9.2,484,6,6,413600,3386490,485,0,5,-74.0
603601,413380.0,3386545.0,30,220,3,3,2585.0,9.2,484,6,6,413670,3386560,484,0,6,-108.0
603601,413380.0,3386545.0,30,220,3,3,2585.0,9.2,484,6,6,413605,3386485,485,0,5,-82.83
603601,413380.0,3386545.0,30,220,3,3,2585.0,9.2,484,6,6,413700,3386430,486,0,6,-83.0
603601,413380.0,3386545.0,30,220,3,3,2585.0,9.2,484,6,6,413725,3386445,485,0,5,-92.2
603601,413380.0,3386545.0,30,220,3,3,2585.0,9.2,484,6,6,413730,3386460,485,0,5,-89.67
603601,413380.0,3386545.0,30,220,3,3,2585.0,9.2,484,6,6,413715,3386435,486,0,5,-88.2
603601,413380.0,3386545.0,30,220,3,3,2585.0,9.2,484,6,6,413675,3386555,485,0,6,-102.23
603601,413380.0,3386545.0,30,220,3,3,2585.0,9.2,484,6,6,413710,3386440,485,0,5,-86.67
603601,413380.0,3386545.0,30,220,3,3,2585.0,9.2,484,6,6,413275,3386135,489,0,5,-96.0
603601,413380.0,3386545.0,30,220,3,3,2585.0,9.2,484,6,6,413275,3386105,490,0,5,-94.0
603601,413380.0,3386545.0,30,220,3,3,2585.0,9.2,484,6,6,413115,3386520,485,0,5,-82.0
603601,413380.0,3386545.0,30,220,3,3,2585.0,9.2,484,6,6,413110,3386515,485,0,5,-81.75
603601,413380.0,3386545.0,30,220,3,3,2585.0,9.2,484,6,6,413340,3386575,484,0,6,-102.67
603601,413380.0,3386545.0,30,220,3,3,2585.0,9.2,484,6,6,413355,3386570,484,0,6,-118.0
603601,413380.0,3386545.0,30,220,3,3,2585.0,9.2,484,6,6,413425,3386660,484,0,14,-108.5
603601,413380.0,3386545.0,30,220,3,3,2585.0,9.2,484,6,6,413415,3386645,485,0,5,-110.5
603601,413380.0,3386545.0,30,220,3,3,2585.0,9.2,484,6,6,413355,3386585,485,0,6,-97.5
603601,413380.0,3386545.0,30,220,3,3,2585.0,9.2,484,6,6,413300,3386490,486,0,5,-94.67
603601,413380.0,3386545.0,30,220,3,3,2585.0,9.2,484,6,6,413350,3386540,484,0,6,-82.6
603601,413380.0,3386545.0,30,220,3,3,2585.0,9.2,484,6,6,413280,3386510,486,0,5,-101.75
603601,413380.0,3386545.0,30,220,3,3,2585.0,9.2,484,6,6,413285,3386505,486,0,5,-87.67
603601,413380.0,3386545.0,30,220,3,3,2585.0,9.2,484,6,6,413355,3386535,484,0,6,-96.38
603601,413380.0,3386545.0,30,220,3,3,2585.0,9.2,484,6,6,413345,3386525,485,0,6,-87.5
603601,413380.0,3386545.0,30,220,3,3,2585.0,9.2,484,6,6,413310,3386500,486,0,6,-82.5
603601,413380.0,3386545.0,30,220,3,3,2585.0,9.2,484,6,6,413295,3386515,486,0,5,-100.0
603601,413380.0,3386545.0,30,220,3,3,2585.0,9.2,484,6,6,413415,3386475,486,0,5,-76.0
603601,413380.0,3386545.0,30,220,3,3,2585.0,9.2,484,6,6,413380,3386650,486,0,5,-99.5
603601,413380.0,3386545.0,30,220,3,3,2585.0,9.2,484,6,6,413390,3386660,486,0,14,-138.0
603601,413380.0,3386545.0,30,220,3,3,2585.0,9.2,484,6,6,413395,3386655,486,0,5,-121.5
603601,413380.0,3386545.0,30,220,3,3,2585.0,9.2,484,6,6,413385,3386645,486,0,5,-123.33
603601,413380.0,3386545.0,30,220,3,3,2585.0,9.2,484,6,6,413675,3386640,486,0,6,-106.25
603601,413380.0,3386545.0,30,220,3,3,2585.0,9.2,484,6,6,413785,3386430,486,0,5,-92.6
603601,413380.0,3386545.0,30,220,3,3,2585.0,9.2,484,6,6,413780,3386425,486,0,5,-93.5
603601,413380.0,3386545.0,30,220,3,3,2585.0,9.2,484,6,6,413670,3386635,486,0,6,-107.5
603601,413380.0,3386545.0,30,220,3,3,2585.0,9.2,484,6,6,413600,3386565,484,0,14,-112.0
603601,413380.0,3386545.0,30,220,3,3,2585.0,9.2,484,6,6,413500,3386550,483,18,6,-98.67
603601,413380.0,3386545.0,30,220,3,3,2585.0,9.2,484,6,6,413505,3386545,483,18,6,-98.25
603601,413380.0,3386545.0,30,220,3,3,2585.0,9.2,484,6,6,413470,3386520,484,18,5,-72.5
603601,413380.0,3386545.0,30,220,3,3,2585.0,9.2,484,6,6,413485,3386525,484,18,6,-87.25
603601,413380.0,3386545.0,30,220,3,3,2585.0,9.2,484,6,6,413630,3386360,487,0,12,-111.0
603601,413380.0,3386545.0,30,220,3,3,2585.0,9.2,484,6,6,413655,3386375,487,0,5,-111.33
603601,413380.0,3386545.0,30,220,3,3,2585.0,9.2,484,6,6,413635,3386355,487,0,12,-109.33
603601,413380.0,3386545.0,30,220,3,3,2585.0,9.2,484,6,6,413440,3386490,485,0,5,-81.4
603601,413380.0,3386545.0,30,220,3,3,2585.0,9.2,484,6,6,413455,3386495,485,0,5,-80.81
603601,413380.0,3386545.0,30,220,3,3,2585.0,9.2,484,6,6,413445,3386485,486,0,5,-79.22
603601,413380.0,3386545.0,30,220,3,3,2585.0,9.2,484,6,6,413465,3386505,485,0,5,-80.67
603601,413380.0,3386545.0,30,220,3,3,2585.0,9.2,484,6,6,413575,3386455,486,0,5,-86.0
603601,413380.0,3386545.0,30,220,3,3,2585.0,9.2,484,6,6,413450,3386500,485,0,5,-78.56
603601,413380.0,3386545.0,30,220,3,3,2585.0,9.2,484,6,6,413605,3386325,487,0,5,-116.0
603601,413380.0,3386545.0,30,220,3,3,2585.0,9.2,484,6,6,413480,3386530,484,0,6,-91.4
603601,413380.0,3386545.0,30,220,3,3,2585.0,9.2,484,6,6,413460,3386510,485,18,5,-77.4
603601,413380.0,3386545.0,30,220,3,3,2585.0,9.2,484,6,6,413560,3386450,486,0,6,-80.0
603601,413380.0,3386545.0,30,220,3,3,2585.0,9.2,484,6,6,413475,3386515,484,18,5,-80.0
603601,413380.0,3386545.0,30,220,3,3,2585.0,9.2,484,6,6,413585,3386465,485,0,5,-84.5
603601,413380.0,3386545.0,30,220,3,3,2585.0,9.2,484,6,6,413590,3386480,485,0,5,-85.92
603601,413380.0,3386545.0,30,220,3,3,2585.0,9.2,484,6,6,413510,3386560,483,0,14,-99.0
603601,413380.0,3386545.0,30,220,3,3,2585.0,9.2,484,6,6,413570,3386460,485,0,5,-83.0
603601,413380.0,3386545.0,30,220,3,3,2585.0,9.2,484,6,6,413595,3386475,485,0,5,-81.67
603601,413380.0,3386545.0,30,220,3,3,2585.0,9.2,484,6,6,413580,3386470,485,0,5,-85.13
603601,413380.0,3386545.0,30,220,3,3,2585.0,9.2,484,6,6,413265,3385960,492,0,5,-88.5
603601,413380.0,3386545.0,30,220,3,3,2585.0,9.2,484,6,6,413640,3386410,487,0,5,-116.5
603601,413380.0,3386545.0,30,220,3,3,2585.0,9.2,484,6,6,413730,3386500,484,0,6,-105.0
603601,413380.0,3386545.0,30,220,3,3,2585.0,9.2,484,6,6,413735,3386495,485,0,7,-95.5
603601,413380.0,3386545.0,30,220,3,3,2585.0,9.2,484,6,6,413670,3386440,486,0,5,-85.86
603601,413380.0,3386545.0,30,220,3,3,2585.0,9.2,484,6,6,413480,3386250,487,0,12,-105.0
603601,413380.0,3386545.0,30,220,3,3,2585.0,9.2,484,6,6,413485,3386245,487,20,12,-103.5
603601,413380.0,3386545.0,30,220,3,3,2585.0,9.2,484,6,6,413675,3386435,486,0,6,-82.67
603601,413380.0,3386545.0,30,220,3,3,2585.0,9.2,484,6,6,413630,3386480,485,0,5,-81.5
603601,413380.0,3386545.0,30,220,3,3,2585.0,9.2,484,6,6,413615,3386455,486,0,5,-86.45
603601,413380.0,3386545.0,30,220,3,3,2585.0,9.2,484,6,6,413690,3386540,485,0,6,-99.5
603601,413380.0,3386545.0,30,220,3,3,2585.0,9.2,484,6,6,413795,3386635,487,0,5,-115.33
603601,413380.0,3386545.0,30,220,3,3,2585.0,9.2,484,6,6,413695,3386535,485,0,5,-102.0
603601,413380.0,3386545.0,30,220,3,3,2585.0,9.2,484,6,6,413635,3386475,485,0,5,-77.79
603601,413380.0,3386545.0,30,220,3,3,2585.0,9.2,484,6,6,413600,3386450,486,0,5,-90.5
603601,413380.0,3386545.0,30,220,3,3,2585.0,9.2,484,6,6,413685,3386525,485,0,6,-95.63
603601,413380.0,3386545.0,30,220,3,3,2585.0,9.2,484,6,6,413680,3386530,485,0,6,-96.29
603601,413380.0,3386545.0,30,220,3,3,2585.0,9.2,484,6,6,413620,3386470,485,0,5,-83.04
603601,413380.0,3386545.0,30,220,3,3,2585.0,9.2,484,6,6,413625,3386465,485,0,5,-87.92
603601,413380.0,3386545.0,30,220,3,3,2585.0,9.2,484,6,6,413740,3386510,485,0,6,-103.75
603601,413380.0,3386545.0,30,220,3,3,2585.0,9.2,484,6,6,413610,3386460,485,0,5,-87.47
603601,413380.0,3386545.0,30,220,3,3,2585.0,9.2,484,6,6,413790,3386640,487,0,5,-114.5
603601,413380.0,3386545.0,30,220,3,3,2585.0,9.2,484,6,6,413750,3386520,485,12,14,-101.0
603601,413380.0,3386545.0,30,220,3,3,2585.0,9.2,484,6,6,413605,3386445,486,0,5,-80.0
603601,413380.0,3386545.0,30,220,3,3,2585.0,9.2,484,6,6,413310,3386190,489,0,5,-95.3
603601,413380.0,3386545.0,30,220,3,3,2585.0,9.2,484,6,6,413295,3386165,489,0,6,-94.44
603601,413380.0,3386545.0,30,220,3,3,2585.0,9.2,484,6,6,413305,3386195,489,0,6,-98.0
603601,413380.0,3386545.0,30,220,3,3,2585.0,9.2,484,6,6,413265,3385995,492,0,5,-82.5
603601,413380.0,3386545.0,30,220,3,3,2585.0,9.2,484,6,6,413285,3386175,489,0,6,-92.4
603601,413380.0,3386545.0,30,220,3,3,2585.0,9.2,484,6,6,413300,3386200,489,0,6,-103.5
603601,413380.0,3386545.0,30,220,3,3,2585.0,9.2,484,6,6,413290,3386170,489,0,6,-91.0
603601,413380.0,3386545.0,30,220,3,3,2585.0,9.2,484,6,6,413275,3386185,489,0,5,-84.0
603601,413380.0,3386545.0,30,220,3,3,2585.0,9.2,484,6,6,413520,3386505,485,18,5,-77.0
603601,413380.0,3386545.0,30,220,3,3,2585.0,9.2,484,6,6,413470,3386415,487,0,12,-102.0
603601,413380.0,3386545.0,30,220,3,3,2585.0,9.2,484,6,6,413500,3386445,486,0,5,-79.5
603601,413380.0,3386545.0,30,220,3,3,2585.0,9.2,484,6,6,413590,3386535,484,18,6,-105.0
603601,413380.0,3386545.0,30,220,3,3,2585.0,9.2,484,6,6,413550,3386495,485,0,5,-79.5
603601,413380.0,3386545.0,30,220,3,3,2585.0,9.2,484,6,6,413490,3386475,486,0,5,-82.43
603601,413380.0,3386545.0,30,220,3,3,2585.0,9.2,484,6,6,413495,3386480,486,0,5,-80.75
603601,413380.0,3386545.0,30,220,3,3,2585.0,9.2,484,6,6,413750,3386375,487,0,5,-111.5
603601,413380.0,3386545.0,30,220,3,3,2585.0,9.2,484,6,6,413540,3386485,485,0,5,-77.43
603601,413380.0,3386545.0,30,220,3,3,2585.0,9.2,484,6,6,413510,3386455,486,0,6,-76.33
603601,413380.0,3386545.0,30,220,3,3,2585.0,9.2,484,6,6,413545,3386490,485,0,5,-80.29
603601,413380.0,3386545.0,30,220,3,3,2585.0,9.2,484,6,6,413485,3386470,486,0,5,-77.33
603601,413380.0,3386545.0,30,220,3,3,2585.0,9.2,484,6,6,413695,3386615,486,0,5,-103.0
603601,413380.0,3386545.0,30,220,3,3,2585.0,9.2,484,6,6,413740,3386590,485,0,5,-111.5
603601,413380.0,3386545.0,30,220,3,3,2585.0,9.2,484,6,6,413745,3386585,485,0,14,-117.5
603601,413380.0,3386545.0,30,220,3,3,2585.0,9.2,484,6,6,413690,3386620,486,0,5,-107.0
603601,413380.0,3386545.0,30,220,3,3,2585.0,9.2,484,6,6,413755,3386595,485,0,5,-113.0
603601,413380.0,3386545.0,30,220,3,3,2585.0,9.2,484,6,6,413685,3386605,485,0,6,-107.93
603601,413380.0,3386545.0,30,220,3,3,2585.0,9.2,484,6,6,413625,3386705,485,0,5,-102.33
603601,413380.0,3386545.0,30,220,3,3,2585.0,9.2,484,6,6,413680,3386610,485,0,6,-107.15
603601,413380.0,3386545.0,30,220,3,3,2585.0,9.2,484,6,6,413485,3386145,489,0,12,-101.67
603601,413380.0,3386545.0,30,220,3,3,2585.0,9.2,484,6,6,413370,3386560,484,0,6,-85.0
603601,413380.0,3386545.0,30,220,3,3,2585.0,9.2,484,6,6,413385,3386525,484,0,5,-76.5
603601,413380.0,3386545.0,30,220,3,3,2585.0,9.2,484,6,6,413415,3386515,484,0,5,-80.5
603601,413380.0,3386545.0,30,220,3,3,2585.0,9.2,484,6,6,413435,3386495,485,0,5,-79.38
603601,413380.0,3386545.0,30,220,3,3,2585.0,9.2,484,6,6,413310,3386460,487,0,6,-102.0
603601,413380.0,3386545.0,30,220,3,3,2585.0,9.2,484,6,6,413430,3386500,485,0,5,-80.52
603601,413380.0,3386545.0,30,220,3,3,2585.0,9.2,484,6,6,413405,3386505,485,0,5,-80.86
603601,413380.0,3386545.0,30,220,3,3,2585.0,9.2,484,6,6,413410,3386520,484,18,5,-77.0
603601,413380.0,3386545.0,30,220,3,3,2585.0,9.2,484,6,6,413420,3386490,485,0,5,-79.17
603601,413380.0,3386545.0,30,220,3,3,2585.0,9.2,484,6,6,413400,3386510,485,0,5,-77.11
603601,413380.0,3386545.0,30,220,3,3,2585.0,9.2,484,6,6,413425,3386485,486,0,5,-81.56
603601,413380.0,3386545.0,30,220,3,3,2585.0,9.2,484,6,6,413315,3386455,487,0,6,-85.33
603601,413380.0,3386545.0,30,220,3,3,2585.0,9.2,484,6,6,413360,3386550,484,0,6,-102.6
603601,413380.0,3386545.0,30,220,3,3,2585.0,9.2,484,6,6,413665,3386595,485,0,5,-106.5
603601,413380.0,3386545.0,30,220,3,3,2585.0,9.2,484,6,6,413760,3386460,486,12,5,-89.75
603601,413380.0,3386545.0,30,220,3,3,2585.0,9.2,484,6,6,413670,3386590,485,0,6,-107.0
603601,413380.0,3386545.0,30,220,3,3,2585.0,9.2,484,6,6,413770,3386450,486,0,5,-86.0
603601,413380.0,3386545.0,30,220,3,3,2585.0,9.2,484,6,6,413600,3386620,485,18,5,-110.2
603601,413380.0,3386545.0,30,220,3,3,2585.0,9.2,484,6,6,413645,3386575,484,18,7,-101.5
603601,413380.0,3386545.0,30,220,3,3,2585.0,9.2,484,6,6,413690,3386690,486,0,5,-113.0
603601,413380.0,3386545.0,30,220,3,3,2585.0,9.2,484,6,6,413675,3386585,485,0,6,-106.0
603601,413380.0,3386545.0,30,220,3,3,2585.0,9.2,484,6,6,413610,3386610,484,0,5,-106.25
603601,413380.0,3386545.0,30,220,3,3,2585.0,9.2,484,6,6,413825,3386435,488,0,5,-88.0
603601,413380.0,3386545.0,30,220,3,3,2585.0,9.2,484,6,6,413775,3386445,486,0,5,-86.0
603601,413380.0,3386545.0,30,220,3,3,2585.0,9.2,484,6,6,413475,3386580,482,0,14,-99.2
603601,413380.0,3386545.0,30,220,3,3,2585.0,9.2,484,6,6,413510,3386615,484,18,14,-100.63
603601,413380.0,3386545.0,30,220,3,3,2585.0,9.2,484,6,6,413495,3386640,484,0,14,-102.0
603601,413380.0,3386545.0,30,220,3,3,2585.0,9.2,484,6,6,413460,3386565,482,18,5,-92.75
603601,413380.0,3386545.0,30,220,3,3,2585.0,9.2,484,6,6,413455,3386600,482,18,5,-106.14
603601,413380.0,3386545.0,30,220,3,3,2585.0,9.2,484,6,6,413505,3386610,484,0,14,-101.43
603601,413380.0,3386545.0,30,220,3,3,2585.0,9.2,484,6,6,413570,3386715,486,0,5,-112.0
603601,413380.0,3386545.0,30,220,3,3,2585.0,9.2,484,6,6,413470,3386575,482,0,14,-109.0
603601,413380.0,3386545.0,30,220,3,3,2585.0,9.2,484,6,6,413450,3386595,482,18,5,-109.6
603601,413380.0,3386545.0,30,220,3,3,2585.0,9.2,484,6,6,413500,3386605,483,0,14,-98.86
603601,413380.0,3386545.0,30,220,3,3,2585.0,9.2,484,6,6,413545,3386650,486,0,5,-104.5
603601,413380.0,3386545.0,30,220,3,3,2585.0,9.2,484,6,6,413465,3386570,482,0,14,-108.2
603601,413380.0,3386545.0,30,220,3,3,2585.0,9.2,484,6,6,413515,3386620,484,18,5,-105.57
603601,413380.0,3386545.0,30,220,3,3,2585.0,9.2,484,6,6,413400,3386480,485,0,5,-79.0
603601,413380.0,3386545.0,30,220,3,3,2585.0,9.2,484,6,6,413285,3386515,486,0,5,-113.67
603601,413380.0,3386545.0,30,220,3,3,2585.0,9.2,484,6,6,413300,3386500,486,0,5,-104.33
603601,413380.0,3386545.0,30,220,3,3,2585.0,9.2,484,6,6,413280,3386520,486,0,5,-98.67
603601,413380.0,3386545.0,30,220,3,3,2585.0,9.2,484,6,6,413290,3386510,486,0,5,-104.17
603601,413380.0,3386545.0,30,220,3,3,2585.0,9.2,484,6,6,413340,3386540,485,0,6,-81.0
603601,413380.0,3386545.0,30,220,3,3,2585.0,9.2,484,6,6,413305,3386495,486,0,5,-126.0
603601,413380.0,3386545.0,30,220,3,3,2585.0,9.2,484,6,6,413310,3386490,486,0,6,-89.0
603601,413380.0,3386545.0,30,220,3,3,2585.0,9.2,484,6,6,413350,3386530,485,0,6,-83.75
603601,413380.0,3386545.0,30,220,3,3,2585.0,9.2,484,6,6,413355,3386525,485,0,5,-82.63
603601,413380.0,3386545.0,30,220,3,3,2585.0,9.2,484,6,6,413405,3386475,486,0,5,-67.5
603601,413380.0,3386545.0,30,220,3,3,2585.0,9.2,484,6,6,413345,3386535,485,0,6,-88.29
603601,413380.0,3386545.0,30,220,3,3,2585.0,9.2,484,6,6,413260,3386505,486,0,5,-84.0
603601,413380.0,3386545.0,30,220,3,3,2585.0,9.2,484,6,6,413300,3386305,489,0,6,-97.5
603601,413380.0,3386545.0,30,220,3,3,2585.0,9.2,484,6,6,413270,3386515,486,0,5,-128.67
603601,413380.0,3386545.0,30,220,3,3,2585.0,9.2,484,6,6,413255,3386500,486,0,5,-109.5
603601,413380.0,3386545.0,30,220,3,3,2585.0,9.2,484,6,6,413265,3386510,486,0,5,-80.67
603601,413380.0,3386545.0,30,220,3,3,2585.0,9.2,484,6,6,413250,3386495,486,0,5,-106.0
603601,413380.0,3386545.0,30,220,3,3,2585.0,9.2,484,6,6,413275,3386520,486,0,5,-101.2
603601,413380.0,3386545.0,30,220,3,3,2585.0,9.2,484,6,6,413200,3386525,485,0,5,-96.67
603601,413380.0,3386545.0,30,220,3,3,2585.0,9.2,484,6,6,413305,3386310,488,0,6,-95.0
603601,413380.0,3386545.0,30,220,3,3,2585.0,9.2,484,6,6,413605,3386550,484,0,5,-111.67
603601,413380.0,3386545.0,30,220,3,3,2585.0,9.2,484,6,6,413675,3386500,484,0,6,-91.4
603601,413380.0,3386545.0,30,220,3,3,2585.0,9.2,484,6,6,413695,3386480,484,0,5,-82.75
603601,413380.0,3386545.0,30,220,3,3,2585.0,9.2,484,6,6,413735,3386440,486,0,5,-92.57
603601,413380.0,3386545.0,30,220,3,3,2585.0,9.2,484,6,6,413690,3386475,484,0,5,-86.54
603601,413380.0,3386545.0,30,220,3,3,2585.0,9.2,484,6,6,413710,3386455,485,0,5,-89.17
603601,413380.0,3386545.0,30,220,3,3,2585.0,9.2,484,6,6,413730,3386435,486,0,5,-91.89
603601,413380.0,3386545.0,30,220,3,3,2585.0,9.2,484,6,6,413715,3386460,485,0,5,-84.6
603601,413380.0,3386545.0,30,220,3,3,2585.0,9.2,484,6,6,413685,3386470,485,0,5,-83.8
603601,413380.0,3386545.0,30,220,3,3,2585.0,9.2,484,6,6,413680,3386465,485,0,5,-87.64
603601,413380.0,3386545.0,30,220,3,3,2585.0,9.2,484,6,6,413670,3386495,485,0,6,-98.0
603601,413380.0,3386545.0,30,220,3,3,2585.0,9.2,484,6,6,413700,3386445,485,0,5,-89.0
603601,413380.0,3386545.0,30,220,3,3,2585.0,9.2,484,6,6,413705,3386450,485,0,5,-85.89
603601,413380.0,3386545.0,30,220,3,3,2585.0,9.2,484,6,6,413725,3386430,486,0,5,-89.33
603601,413380.0,3386545.0,30,220,3,3,2585.0,9.2,484,6,6,413600,3386550,484,0,5,-107.0
603601,413380.0,3386545.0,30,220,3,3,2585.0,9.2,484,6,6,413615,3386555,484,0,5,-104.8
603601,413380.0,3386545.0,30,220,3,3,2585.0,9.2,484,6,6,413715,3386455,485,0,5,-94.5
603601,413380.0,3386545.0,30,220,3,3,2585.0,9.2,484,6,6,413730,3386440,486,0,5,-90.8
603601,413380.0,3386545.0,30,220,3,3,2585.0,9.2,484,6,6,413670,3386500,485,0,6,-98.75
603601,413380.0,3386545.0,30,220,3,3,2585.0,9.2,484,6,6,413690,3386480,484,0,5,-88.13
603601,413380.0,3386545.0,30,220,3,3,2585.0,9.2,484,6,6,413675,3386495,484,0,6,-84.33
603601,413380.0,3386545.0,30,220,3,3,2585.0,9.2,484,6,6,413685,3386465,485,0,5,-88.85
603601,413380.0,3386545.0,30,220,3,3,2585.0,9.2,484,6,6,413710,3386460,485,0,5,-82.5
603601,413380.0,3386545.0,30,220,3,3,2585.0,9.2,484,6,6,413700,3386450,485,0,5,-92.29
603601,413380.0,3386545.0,30,220,3,3,2585.0,9.2,484,6,6,413660,3386490,485,0,5,-99.25
603601,413380.0,3386545.0,30,220,3,3,2585.0,9.2,484,6,6,413705,3386445,485,0,5,-92.5
603601,413380.0,3386545.0,30,220,3,3,2585.0,9.2,484,6,6,413680,3386470,485,0,5,-84.46
603601,413380.0,3386545.0,30,220,3,3,2585.0,9.2,484,6,6,413695,3386475,484,0,5,-81.42
603601,413380.0,3386545.0,30,220,3,3,2585.0,9.2,484,6,6,413665,3386485,485,0,5,-91.5
603601,413380.0,3386545.0,30,220,3,3,2585.0,9.2,484,6,6,413735,3386435,486,0,5,-95.83
603601,413380.0,3386545.0,30,220,3,3,2585.0,9.2,484,6,6,413610,3386560,484,0,5,-111.0
603601,413380.0,3386545.0,30,220,3,3,2585.0,9.2,484,6,6,413470,3386140,489,0,12,-107.2
603601,413380.0,3386545.0,30,220,3,3,2585.0,9.2,484,6,6,413285,3386080,490,0,6,-89.4
603601,413380.0,3386545.0,30,220,3,3,2585.0,9.2,484,6,6,413265,3386100,490,0,5,-96.5
603601,413380.0,3386545.0,30,220,3,3,2585.0,9.2,484,6,6,413280,3386075,490,0,5,-88.78
603601,413380.0,3386545.0,30,220,3,3,2585.0,9.2,484,6,6,413275,3386090,490,0,5,-91.0
603601,413380.0,3386545.0,30,220,3,3,2585.0,9.2,484,6,6,413330,3386500,485,0,6,-93.0
603601,413380.0,3386545.0,30,220,3,3,2585.0,9.2,484,6,6,413355,3386515,485,0,5,-82.89
603601,413380.0,3386545.0,30,220,3,3,2585.0,9.2,484,6,6,413345,3386505,485,0,5,-94.67
603601,413380.0,3386545.0,30,220,3,3,2585.0,9.2,484,6,6,413325,3386485,486,0,6,-81.5
603601,413380.0,3386545.0,30,220,3,3,2585.0,9.2,484,6,6,413350,3386520,485,0,5,-84.31
603601,413380.0,3386545.0,30,220,3,3,2585.0,9.2,484,6,6,413340,3386510,485,0,6,-84.0
603601,413380.0,3386545.0,30,220,3,3,2585.0,9.2,484,6,6,413285,3386525,485,0,5,-117.0
603601,413380.0,3386545.0,30,220,3,3,2585.0,9.2,484,6,6,413710,3386495,484,12,6,-87.33
603601,413380.0,3386545.0,30,220,3,3,2585.0,9.2,484,6,6,413730,3386555,485,12,5,-103.0
603601,413380.0,3386545.0,30,220,3,3,2585.0,9.2,484,6,6,413705,3386490,484,12,6,-91.33
603601,413380.0,3386545.0,30,220,3,3,2585.0,9.2,484,6,6,413660,3386445,486,0,5,-86.6
603601,413380.0,3386545.0,30,220,3,3,2585.0,9.2,484,6,6,413695,3386520,484,0,6,-94.4
603601,413380.0,3386545.0,30,220,3,3,2585.0,9.2,484,6,6,413655,3386480,485,0,5,-82.25
603601,413380.0,3386545.0,30,220,3,3,2585.0,9.2,484,6,6,413640,3386465,485,0,5,-87.94
603601,413380.0,3386545.0,30,220,3,3,2585.0,9.2,484,6,6,413685,3386510,484,0,6,-92.7
603601,413380.0,3386545.0,30,220,3,3,2585.0,9.2,484,6,6,413690,3386515,484,0,6,-92.67
603601,413380.0,3386545.0,30,220,3,3,2585.0,9.2,484,6,6,413680,3386505,484,0,7,-91.15
603601,413380.0,3386545.0,30,220,3,3,2585.0,9.2,484,6,6,413675,3386460,485,0,5,-86.18
603601,413380.0,3386545.0,30,220,3,3,2585.0,9.2,484,6,6,413670,3386455,485,0,5,-90.09
603601,413380.0,3386545.0,30,220,3,3,2585.0,9.2,484,6,6,413645,3386470,485,0,5,-84.71
603601,413380.0,3386545.0,30,220,3,3,2585.0,9.2,484,6,6,413665,3386450,485,0,5,-87.15
603601,413380.0,3386545.0,30,220,3,3,2585.0,9.2,484,6,6,413740,3386525,485,0,14,-98.5
603601,413380.0,3386545.0,30,220,3,3,2585.0,9.2,484,6,6,413615,3386440,486,0,6,-82.5
603601,413380.0,3386545.0,30,220,3,3,2585.0,9.2,484,6,6,413650,3386475,485,0,5,-86.09
603601,413380.0,3386545.0,30,220,3,3,2585.0,9.2,484,6,6,413600,3386425,486,0,5,-110.5
603601,413380.0,3386545.0,30,220,3,3,2585.0,9.2,484,6,6,413700,3386485,484,0,5,-86.0
603601,413380.0,3386545.0,30,220,3,3,2585.0,9.2,484,6,6,413720,3386545,485,12,5,-104.5
603601,413380.0,3386545.0,30,220,3,3,2585.0,9.2,484,6,6,413415,3386660,485,0,14,-115.33
603601,413380.0,3386545.0,30,220,3,3,2585.0,9.2,484,6,6,413470,3386605,483,0,14,-94.33
603601,413380.0,3386545.0,30,220,3,3,2585.0,9.2,484,6,6,413500,3386575,483,0,14,-99.5
603601,413380.0,3386545.0,30,220,3,3,2585.0,9.2,484,6,6,413490,3386585,483,18,5,-96.71
603601,413380.0,3386545.0,30,220,3,3,2585.0,9.2,484,6,6,413460,3386615,483,0,14,-112.0
603601,413380.0,3386545.0,30,220,3,3,2585.0,9.2,484,6,6,413595,3386650,485,18,5,-111.0
603601,413380.0,3386545.0,30,220,3,3,2585.0,9.2,484,6,6,413505,3386580,483,0,5,-107.2
603601,413380.0,3386545.0,30,220,3,3,2585.0,9.2,484,6,6,413660,3386735,486,0,6,-110.5
603601,413380.0,3386545.0,30,220,3,3,2585.0,9.2,484,6,6,413480,3386595,483,18,5,-102.81
603601,413380.0,3386545.0,30,220,3,3,2585.0,9.2,484,6,6,413515,3386570,483,0,14,-100.0
603601,413380.0,3386545.0,30,220,3,3,2585.0,9.2,484,6,6,413670,3386725,486,0,6,-109.5
603601,413380.0,3386545.0,30,220,3,3,2585.0,9.2,484,6,6,413475,3386610,483,0,14,-103.0
603601,413380.0,3386545.0,30,220,3,3,2585.0,9.2,484,6,6,413485,3386600,483,18,14,-103.56
603601,413380.0,3386545.0,30,220,3,3,2585.0,9.2,484,6,6,413675,3386730,486,0,6,-106.5
603601,413380.0,3386545.0,30,220,3,3,2585.0,9.2,484,6,6,413465,3386620,483,18,14,-107.0
603601,413380.0,3386545.0,30,220,3,3,2585.0,9.2,484,6,6,413495,3386590,483,18,5,-101.5
603601,413380.0,3386545.0,30,220,3,3,2585.0,9.2,484,6,6,413545,3386580,483,0,5,-95.5
603601,413380.0,3386545.0,30,220,3,3,2585.0,9.2,484,6,6,413585,3386620,485,0,5,-110.2
603601,413380.0,3386545.0,30,220,3,3,2585.0,9.2,484,6,6,413555,3386570,483,0,5,-105.75
603601,413380.0,3386545.0,30,220,3,3,2585.0,9.2,484,6,6,413510,3386685,485,0,5,-114.5
603601,413380.0,3386545.0,30,220,3,3,2585.0,9.2,484,6,6,413475,3386650,484,0,14,-113.0
603601,413380.0,3386545.0,30,220,3,3,2585.0,9.2,484,6,6,413590,3386605,484,0,5,-109.82
603601,413380.0,3386545.0,30,220,3,3,2585.0,9.2,484,6,6,413525,3386600,484,0,14,-104.0
603601,413380.0,3386545.0,30,220,3,3,2585.0,9.2,484,6,6,413540,3386575,483,0,5,-107.67
603601,413380.0,3386545.0,30,220,3,3,2585.0,9.2,484,6,6,413530,3386585,483,0,5,-104.5
603601,413380.0,3386545.0,30,220,3,3,2585.0,9.2,484,6,6,413560,3386635,485,18,5,-104.67
603601,413380.0,3386545.0,30,220,3,3,2585.0,9.2,484,6,6,413535,3386590,484,0,5,-105.67
603601,413380.0,3386545.0,30,220,3,3,2585.0,9.2,484,6,6,413570,3386625,485,18,5,-104.8
603601,413380.0,3386545.0,30,220,3,3,2585.0,9.2,484,6,6,413575,3386630,485,0,14,-110.4
603601,413380.0,3386545.0,30,220,3,3,2585.0,9.2,484,6,6,413520,3386595,484,0,14,-104.62
603601,413380.0,3386545.0,30,220,3,3,2585.0,9.2,484,6,6,413595,3386610,484,18,5,-108.0
603601,413380.0,3386545.0,30,220,3,3,2585.0,9.2,484,6,6,413085,3386535,485,0,5,-93.0
603601,413380.0,3386545.0,30,220,3,3,2585.0,9.2,484,6,6,413460,3386550,483,18,6,-82.67
603601,413380.0,3386545.0,30,220,3,3,2585.0,9.2,484,6,6,413540,3386470,485,0,5,-80.43
603601,413380.0,3386545.0,30,220,3,3,2585.0,9.2,484,6,6,413670,3386360,487,0,5,-111.0
603601,413380.0,3386545.0,30,220,3,3,2585.0,9.2,484,6,6,413500,3386510,484,18,5,-77.0
603601,413380.0,3386545.0,30,220,3,3,2585.0,9.2,484,6,6,413490,3386500,485,0,5,-81.88
603601,413380.0,3386545.0,30,220,3,3,2585.0,9.2,484,6,6,413480,3386490,485,0,5,-83.24
603601,413380.0,3386545.0,30,220,3,3,2585.0,9.2,484,6,6,413505,3386505,485,18,5,-83.6
603601,413380.0,3386545.0,30,220,3,3,2585.0,9.2,484,6,6,413485,3386485,485,0,5,-82.82
603601,413380.0,3386545.0,30,220,3,3,2585.0,9.2,484,6,6,413555,3386475,485,0,5,-82.29
603601,413380.0,3386545.0,30,220,3,3,2585.0,9.2,484,6,6,413495,3386495,485,0,5,-83.14
603601,413380.0,3386545.0,30,220,3,3,2585.0,9.2,484,6,6,413545,3386465,485,0,5,-77.1
603601,413380.0,3386545.0,30,220,3,3,2585.0,9.2,484,6,6,413550,3386480,485,0,5,-80.47
603601,413380.0,3386545.0,30,220,3,3,2585.0,9.2,484,6,6,413530,3386460,486,0,5,-71.0
603601,413380.0,3386545.0,30,220,3,3,2585.0,9.2,484,6,6,413535,3386455,486,0,5,-76.0
603601,413380.0,3386545.0,30,220,3,3,2585.0,9.2,484,6,6,413440,3386530,484,18,6,-89.0
603601,413380.0,3386545.0,30,220,3,3,2585.0,9.2,484,6,6,413450,3386540,483,0,6,-81.0
603601,413380.0,3386545.0,30,220,3,3,2585.0,9.2,484,6,6,413465,3386545,483,0,6,-100.6
603601,413380.0,3386545.0,30,220,3,3,2585.0,9.2,484,6,6,413385,3386485,485,0,5,-69.0
603601,413380.0,3386545.0,30,220,3,3,2585.0,9.2,484,6,6,413380,3386490,485,0,5,-81.56
603601,413380.0,3386545.0,30,220,3,3,2585.0,9.2,484,6,6,413405,3386545,484,0,6,-95.0
603601,413380.0,3386545.0,30,220,3,3,2585.0,9.2,484,6,6,413415,3386555,483,18,6,-100.63
603601,413380.0,3386545.0,30,220,3,3,2585.0,9.2,484,6,6,413410,3386560,483,18,6,-87.5
603601,413380.0,3386545.0,30,220,3,3,2585.0,9.2,484,6,6,413320,3386470,486,0,6,-89.5
603601,413380.0,3386545.0,30,220,3,3,2585.0,9.2,484,6,6,413235,3386335,487,0,5,-101.0
603601,413380.0,3386545.0,30,220,3,3,2585.0,9.2,484,6,6,413420,3386530,484,18,6,-88.75
603601,413380.0,3386545.0,30,220,3,3,2585.0,9.2,484,6,6,413360,3386510,485,0,5,-79.43
603601,413380.0,3386545.0,30,220,3,3,2585.0,9.2,484,6,6,413395,3386495,485,0,5,-77.14
603601,413380.0,3386545.0,30,220,3,3,2585.0,9.2,484,6,6,413390,3386500,485,0,5,-78.74
603601,413380.0,3386545.0,30,220,3,3,2585.0,9.2,484,6,6,413430,3386540,484,0,6,-91.33
603601,413380.0,3386545.0,30,220,3,3,2585.0,9.2,484,6,6,413370,3386520,485,0,5,-85.56
603601,413380.0,3386545.0,30,220,3,3,2585.0,9.2,484,6,6,413375,3386515,485,0,5,-76.3
603601,413380.0,3386545.0,30,220,3,3,2585.0,9.2,484,6,6,413365,3386505,485,0,5,-76.25
603601,413380.0,3386545.0,30,220,3,3,2585.0,9.2,484,6,6,413270,3386210,490,0,5,-87.0
603601,413380.0,3386545.0,30,220,3,3,2585.0,9.2,484,6,6,413205,3386540,485,0,5,-86.5
603601,413380.0,3386545.0,30,220,3,3,2585.0,9.2,484,6,6,413410,3386325,487,23,5,-93.5
603601,413380.0,3386545.0,30,220,3,3,2585.0,9.2,484,6,6,413260,3386515,486,0,5,-101.0
603601,413380.0,3386545.0,30,220,3,3,2585.0,9.2,484,6,6,413270,3386505,486,0,5,-84.57
603601,413380.0,3386545.0,30,220,3,3,2585.0,9.2,484,6,6,413275,3386510,486,0,5,-80.33
603601,413380.0,3386545.0,30,220,3,3,2585.0,9.2,484,6,6,413245,3386500,486,0,5,-90.0
603601,413380.0,3386545.0,30,220,3,3,2585.0,9.2,484,6,6,413435,3386350,487,23,5,-91.0
603601,413380.0,3386545.0,30,220,3,3,2585.0,9.2,484,6,6,413525,3386495,485,0,5,-85.0
603601,413380.0,3386545.0,30,220,3,3,2585.0,9.2,484,6,6,413520,3386500,485,0,5,-82.5
603601,413380.0,3386545.0,30,220,3,3,2585.0,9.2,484,6,6,413580,3386560,484,0,14,-110.67
603601,413380.0,3386545.0,30,220,3,3,2585.0,9.2,484,6,6,413720,3386380,487,0,5,-107.5
603601,413380.0,3386545.0,30,220,3,3,2585.0,9.2,484,6,6,413535,3386485,485,0,5,-82.15
603601,413380.0,3386545.0,30,220,3,3,2585.0,9.2,484,6,6,413510,3386470,486,0,5,-80.0
603601,413380.0,3386545.0,30,220,3,3,2585.0,9.2,484,6,6,413530,3386490,485,0,5,-82.58
603601,413380.0,3386545.0,30,220,3,3,2585.0,9.2,484,6,6,413505,3386475,486,0,5,-83.18
603601,413380.0,3386545.0,30,220,3,3,2585.0,9.2,484,6,6,413500,3386480,485,0,5,-80.88
603601,413380.0,3386545.0,30,220,3,3,2585.0,9.2,484,6,6,413590,3386550,484,0,14,-109.2
603601,413380.0,3386545.0,30,220,3,3,2585.0,9.2,484,6,6,413270,3386195,489,0,5,-86.0
603601,413380.0,3386545.0,30,220,3,3,2585.0,9.2,484,6,6,413660,3386545,484,0,7,-108.5
603601,413380.0,3386545.0,30,220,3,3,2585.0,9.2,484,6,6,413665,3386550,484,0,7,-102.67
603601,413380.0,3386545.0,30,220,3,3,2585.0,9.2,484,6,6,413675,3386560,485,0,6,-103.25
603601,413380.0,3386545.0,30,220,3,3,2585.0,9.2,484,6,6,413600,3386485,485,0,5,-83.29
603601,413380.0,3386545.0,30,220,3,3,2585.0,9.2,484,6,6,413735,3386460,485,0,5,-99.67
603601,413380.0,3386545.0,30,220,3,3,2585.0,9.2,484,6,6,413730,3386455,485,0,5,-89.6
603601,413380.0,3386545.0,30,220,3,3,2585.0,9.2,484,6,6,413740,3386465,485,12,5,-102.0
603601,413380.0,3386545.0,30,220,3,3,2585.0,9.2,484,6,6,413725,3386450,485,0,5,-87.86
603601,413380.0,3386545.0,30,220,3,3,2585.0,9.2,484,6,6,413670,3386555,484,0,6,-105.2
603601,413380.0,3386545.0,30,220,3,3,2585.0,9.2,484,6,6,413715,3386440,485,0,5,-89.67
603601,413380.0,3386545.0,30,220,3,3,2585.0,9.2,484,6,6,413720,3386445,485,0,5,-91.67
603601,413380.0,3386545.0,30,220,3,3,2585.0,9.2,484,6,6,413610,3386305,487,20,5,-117.5
603601,413380.0,3386545.0,30,220,3,3,2585.0,9.2,484,6,6,413595,3386490,485,0,5,-76.67
603601,413380.0,3386545.0,30,220,3,3,2585.0,9.2,484,6,6,413580,3386495,485,6,5,-92.5
603601,413380.0,3386545.0,30,220,3,3,2585.0,9.2,484,6,6,413445,3386480,486,0,5,-84.6
603601,413380.0,3386545.0,30,220,3,3,2585.0,9.2,484,6,6,413470,3386445,487,0,5,-83.0
603601,413380.0,3386545.0,30,220,3,3,2585.0,9.2,484,6,6,413755,3386330,488,20,5,-112.0
603601,413380.0,3386545.0,30,220,3,3,2585.0,9.2,484,6,6,413590,3386485,485,0,5,-81.2
603601,413380.0,3386545.0,30,220,3,3,2585.0,9.2,484,6,6,413520,3386555,483,18,5,-108.5
603601,413380.0,3386545.0,30,220,3,3,2585.0,9.2,484,6,6,413475,3386615,483,0,14,-109.33
603601,413380.0,3386545.0,30,220,3,3,2585.0,9.2,484,6,6,413485,3386585,483,0,5,-99.86
603601,413380.0,3386545.0,30,220,3,3,2585.0,9.2,484,6,6,413585,3386645,485,0,5,-109.0
603601,413380.0,3386545.0,30,220,3,3,2585.0,9.2,484,6,6,413465,3386605,483,0,14,-104.0
603601,413380.0,3386545.0,30,220,3,3,2585.0,9.2,484,6,6,413445,3386625,483,18,14,-101.33
603601,413380.0,3386545.0,30,220,3,3,2585.0,9.2,484,6,6,413480,3386590,483,18,5,-101.35
603601,413380.0,3386545.0,30,220,3,3,2585.0,9.2,484,6,6,413495,3386595,483,18,5,-102.55
603601,413380.0,3386545.0,30,220,3,3,2585.0,9.2,484,6,6,413440,3386630,483,18,5,-103.0
603601,413380.0,3386545.0,30,220,3,3,2585.0,9.2,484,6,6,413510,3386580,483,18,5,-105.63
603601,413380.0,3386545.0,30,220,3,3,2585.0,9.2,484,6,6,413490,3386600,483,0,14,-99.69
603601,413380.0,3386545.0,30,220,3,3,2585.0,9.2,484,6,6,413310,3386200,489,0,5,-97.14
603601,413380.0,3386545.0,30,220,3,3,2585.0,9.2,484,6,6,413290,3386180,489,0,6,-98.67
603601,413380.0,3386545.0,30,220,3,3,2585.0,9.2,484,6,6,413260,3385990,492,0,5,-90.0
603601,413380.0,3386545.0,30,220,3,3,2585.0,9.2,484,6,6,413320,3386210,489,0,5,-94.5
603601,413380.0,3386545.0,30,220,3,3,2585.0,9.2,484,6,6,413315,3386195,489,0,5,-94.5
603601,413380.0,3386545.0,30,220,3,3,2585.0,9.2,484,6,6,413295,3386175,489,0,6,-93.24
603601,413380.0,3386545.0,30,220,3,3,2585.0,9.2,484,6,6,413300,3386190,489,0,6,-96.0
603601,413380.0,3386545.0,30,220,3,3,2585.0,9.2,484,6,6,413285,3386165,489,0,6,-87.75
603601,413380.0,3386545.0,30,220,3,3,2585.0,9.2,484,6,6,413265,3385985,492,0,5,-89.67
603601,413380.0,3386545.0,30,220,3,3,2585.0,9.2,484,6,6,413305,3386185,489,0,6,-94.0
603601,413380.0,3386545.0,30,220,3,3,2585.0,9.2,484,6,6,413475,3386230,487,0,5,-103.0
603601,413380.0,3386545.0,30,220,3,3,2585.0,9.2,484,6,6,413450,3386205,487,0,12,-91.0
603601,413380.0,3386545.0,30,220,3,3,2585.0,9.2,484,6,6,413465,3386560,482,18,5,-99.6
603601,413380.0,3386545.0,30,220,3,3,2585.0,9.2,484,6,6,413470,3386545,483,0,6,-96.0
603601,413380.0,3386545.0,30,220,3,3,2585.0,9.2,484,6,6,413450,3386525,484,18,5,-85.67
603601,413380.0,3386545.0,30,220,3,3,2585.0,9.2,484,6,6,413525,3386460,486,0,5,-78.33
603601,413380.0,3386545.0,30,220,3,3,2585.0,9.2,484,6,6,413445,3386540,483,0,6,-82.0
603601,413380.0,3386545.0,30,220,3,3,2585.0,9.2,484,6,6,413510,3386505,485,18,5,-90.71
603601,413380.0,3386545.0,30,220,3,3,2585.0,9.2,484,6,6,413625,3386400,487,0,12,-110.5
603601,413380.0,3386545.0,30,220,3,3,2585.0,9.2,484,6,6,413495,3386490,485,0,5,-83.35
603601,413380.0,3386545.0,30,220,3,3,2585.0,9.2,484,6,6,413485,3386500,485,0,5,-82.67
603601,413380.0,3386545.0,30,220,3,3,2585.0,9.2,484,6,6,413490,3386485,485,0,5,-85.0
603601,413380.0,3386545.0,30,220,3,3,2585.0,9.2,484,6,6,413550,3386465,485,0,5,-80.05
603601,413380.0,3386545.0,30,220,3,3,2585.0,9.2,484,6,6,413480,3386495,485,0,5,-78.68
603601,413380.0,3386545.0,30,220,3,3,2585.0,9.2,484,6,6,413540,3386475,485,0,5,-83.89
603601,413380.0,3386545.0,30,220,3,3,2585.0,9.2,484,6,6,413555,3386470,485,0,5,-87.78
603601,413380.0,3386545.0,30,220,3,3,2585.0,9.2,484,6,6,413545,3386480,485,0,5,-81.74
603601,413380.0,3386545.0,30,220,3,3,2585.0,9.2,484,6,6,413450,3386545,483,0,6,-83.0
603601,413380.0,3386545.0,30,220,3,3,2585.0,9.2,484,6,6,413495,3386510,484,18,5,-95.0
603601,413380.0,3386545.0,30,220,3,3,2585.0,9.2,484,6,6,413440,3386555,483,18,6,-85.2
603601,413380.0,3386545.0,30,220,3,3,2585.0,9.2,484,6,6,413530,3386465,485,0,5,-81.0
603601,413380.0,3386545.0,30,220,3,3,2585.0,9.2,484,6,6,413470,3386525,484,18,6,-92.0
603601,413380.0,3386545.0,30,220,3,3,2585.0,9.2,484,6,6,413465,3386540,483,0,6,-91.83
603601,413380.0,3386545.0,30,220,3,3,2585.0,9.2,484,6,6,413505,3386500,485,0,5,-77.33
603601,413380.0,3386545.0,30,220,3,3,2585.0,9.2,484,6,6,413540,3386455,486,0,5,-79.0
603601,413380.0,3386545.0,30,220,3,3,2585.0,9.2,484,6,6,413555,3386450,486,0,6,-81.5
603601,413380.0,3386545.0,30,220,3,3,2585.0,9.2,484,6,6,413525,3386480,485,0,5,-83.68
603601,413380.0,3386545.0,30,220,3,3,2585.0,9.2,484,6,6,413490,3386505,485,0,5,-77.5
603601,413380.0,3386545.0,30,220,3,3,2585.0,9.2,484,6,6,413535,3386470,485,0,5,-82.69
603601,413380.0,3386545.0,30,220,3,3,2585.0,9.2,484,6,6,413520,3386475,485,0,5,-82.23
603601,413380.0,3386545.0,30,220,3,3,2585.0,9.2,484,6,6,413460,3386535,483,0,6,-82.2
603601,413380.0,3386545.0,30,220,3,3,2585.0,9.2,484,6,6,413445,3386560,482,18,5,-81.67
603601,413380.0,3386545.0,30,220,3,3,2585.0,9.2,484,6,6,413515,3386490,485,0,5,-82.84
603601,413380.0,3386545.0,30,220,3,3,2585.0,9.2,484,6,6,413500,3386495,485,0,5,-78.0
603601,413380.0,3386545.0,30,220,3,3,2585.0,9.2,484,6,6,413545,3386460,485,0,5,-79.91
603601,413380.0,3386545.0,30,220,3,3,2585.0,9.2,484,6,6,413510,3386485,485,0,5,-82.67
603601,413380.0,3386545.0,30,220,3,3,2585.0,9.2,484,6,6,413600,3386615,485,18,5,-113.33
603601,413380.0,3386545.0,30,220,3,3,2585.0,9.2,484,6,6,413660,3386595,485,0,7,-108.0
603601,413380.0,3386545.0,30,220,3,3,2585.0,9.2,484,6,6,413830,3386425,488,0,5,-94.33
603601,413380.0,3386545.0,30,220,3,3,2585.0,9.2,484,6,6,413765,3386460,486,12,5,-85.0
603601,413380.0,3386545.0,30,220,3,3,2585.0,9.2,484,6,6,413610,3386605,484,0,5,-108.29
603601,413380.0,3386545.0,30,220,3,3,2585.0,9.2,484,6,6,413605,3386620,485,0,5,-103.25
603601,413380.0,3386545.0,30,220,3,3,2585.0,9.2,484,6,6,413805,3386420,487,0,5,-91.5
603601,413380.0,3386545.0,30,220,3,3,2585.0,9.2,484,6,6,413675,3386590,485,0,6,-108.83
603601,413380.0,3386545.0,30,220,3,3,2585.0,9.2,484,6,6,413280,3386080,490,0,5,-88.3
603601,413380.0,3386545.0,30,220,3,3,2585.0,9.2,484,6,6,413270,3386090,490,0,5,-87.67
603601,413380.0,3386545.0,30,220,3,3,2585.0,9.2,484,6,6,413275,3386085,490,0,5,-88.0
603601,413380.0,3386545.0,30,220,3,3,2585.0,9.2,484,6,6,413285,3386075,490,0,6,-88.33
603601,413380.0,3386545.0,30,220,3,3,2585.0,9.2,484,6,6,413660,3386500,485,0,6,-105.0
603601,413380.0,3386545.0,30,220,3,3,2585.0,9.2,484,6,6,413710,3386450,485,0,5,-93.6
603601,413380.0,3386545.0,30,220,3,3,2585.0,9.2,484,6,6,413675,3386485,484,0,5,-87.56
603601,413380.0,3386545.0,30,220,3,3,2585.0,9.2,484,6,6,413725,3386435,486,0,5,-90.67
603601,413380.0,3386545.0,30,220,3,3,2585.0,9.2,484,6,6,413615,3386545,484,0,5,-106.5
603601,413380.0,3386545.0,30,220,3,3,2585.0,9.2,484,6,6,413610,3386550,484,0,5,-110.56
603601,413380.0,3386545.0,30,220,3,3,2585.0,9.2,484,6,6,413690,3386470,485,0,5,-88.13
603601,413380.0,3386545.0,30,220,3,3,2585.0,9.2,484,6,6,413700,3386460,485,0,5,-87.0
603601,413380.0,3386545.0,30,220,3,3,2585.0,9.2,484,6,6,413720,3386440,485,0,5,-91.23
603601,413380.0,3386545.0,30,220,3,3,2585.0,9.2,484,6,6,413685,3386475,484,0,5,-81.71
603601,413380.0,3386545.0,30,220,3,3,2585.0,9.2,484,6,6,413680,3386480,484,0,5,-90.53
603601,413380.0,3386545.0,30,220,3,3,2585.0,9.2,484,6,6,413695,3386465,485,0,5,-92.04
603601,413380.0,3386545.0,30,220,3,3,2585.0,9.2,484,6,6,413670,3386490,485,0,5,-90.75
603601,413380.0,3386545.0,30,220,3,3,2585.0,9.2,484,6,6,413705,3386455,485,0,5,-91.67
603601,413380.0,3386545.0,30,220,3,3,2585.0,9.2,484,6,6,413715,3386445,485,0,5,-88.89
603601,413380.0,3386545.0,30,220,3,3,2585.0,9.2,484,6,6,413605,3386555,484,0,5,-109.75
603601,413380.0,3386545.0,30,220,3,3,2585.0,9.2,484,6,6,413325,3386190,488,0,5,-97.67
603601,413380.0,3386545.0,30,220,3,3,2585.0,9.2,484,6,6,413320,3386185,489,0,5,-96.0
603601,413380.0,3386545.0,30,220,3,3,2585.0,9.2,484,6,6,413305,3386210,489,0,6,-102.0
603601,413380.0,3386545.0,30,220,3,3,2585.0,9.2,484,6,6,413300,3386205,489,0,6,-100.5
603601,413380.0,3386545.0,30,220,3,3,2585.0,9.2,484,6,6,413265,3385930,493,0,5,-87.5
603601,413380.0,3386545.0,30,220,3,3,2585.0,9.2,484,6,6,413295,3386240,489,0,6,-89.5
603601,413380.0,3386545.0,30,220,3,3,2585.0,9.2,484,6,6,413490,3386225,487,0,5,-107.0
603601,413380.0,3386545.0,30,220,3,3,2585.0,9.2,484,6,6,413485,3386240,487,20,12,-103.67
603601,413380.0,3386545.0,30,220,3,3,2585.0,9.2,484,6,6,413590,3386625,485,18,5,-108.5
603601,413380.0,3386545.0,30,220,3,3,2585.0,9.2,484,6,6,413560,3386615,485,18,5,-110.0
603601,413380.0,3386545.0,30,220,3,3,2585.0,9.2,484,6,6,413595,3386630,485,18,14,-109.0
603601,413380.0,3386545.0,30,220,3,3,2585.0,9.2,484,6,6,413545,3386600,484,0,5,-102.91
603601,413380.0,3386545.0,30,220,3,3,2585.0,9.2,484,6,6,413555,3386590,484,0,5,-108.33
603601,413380.0,3386545.0,30,220,3,3,2585.0,9.2,484,6,6,413550,3386585,484,0,5,-108.0
603601,413380.0,3386545.0,30,220,3,3,2585.0,9.2,484,6,6,413575,3386610,484,0,5,-108.6
603601,413380.0,3386545.0,30,220,3,3,2585.0,9.2,484,6,6,413535,3386570,483,0,14,-95.67
603601,413380.0,3386545.0,30,220,3,3,2585.0,9.2,484,6,6,413540,3386595,484,0,5,-103.67
603601,413380.0,3386545.0,30,220,3,3,2585.0,9.2,484,6,6,413520,3386575,483,0,14,-104.67
603601,413380.0,3386545.0,30,220,3,3,2585.0,9.2,484,6,6,413525,3386580,483,18,5,-103.25
603601,413380.0,3386545.0,30,220,3,3,2585.0,9.2,484,6,6,413585,3386640,485,0,14,-118.0
603601,413380.0,3386545.0,30,220,3,3,2585.0,9.2,484,6,6,413565,3386620,485,18,5,-109.0
603601,413380.0,3386545.0,30,220,3,3,2585.0,9.2,484,6,6,413545,3386120,491,0,6,-123.0
603601,413380.0,3386545.0,30,220,3,3,2585.0,9.2,484,6,6,413670,3386540,484,0,6,-96.75
603601,413380.0,3386545.0,30,220,3,3,2585.0,9.2,484,6,6,413655,3386555,484,0,7,-104.0
603601,413380.0,3386545.0,30,220,3,3,2585.0,9.2,484,6,6,413680,3386430,486,0,5,-92.67
603601,413380.0,3386545.0,30,220,3,3,2585.0,9.2,484,6,6,413730,3386480,484,12,5,-89.0
603601,413380.0,3386545.0,30,220,3,3,2585.0,9.2,484,6,6,413620,3386490,485,0,5,-79.5
603601,413380.0,3386545.0,30,220,3,3,2585.0,9.2,484,6,6,413755,3386455,486,0,5,-86.0
603601,413380.0,3386545.0,30,220,3,3,2585.0,9.2,484,6,6,413720,3386470,484,12,5,-83.33
603601,413380.0,3386545.0,30,220,3,3,2585.0,9.2,484,6,6,413725,3386465,485,0,5,-82.0
603601,413380.0,3386545.0,30,220,3,3,2585.0,9.2,484,6,6,413675,3386535,485,0,6,-96.8
603601,413380.0,3386545.0,30,220,3,3,2585.0,9.2,484,6,6,413745,3386445,486,0,5,-98.5
603601,413380.0,3386545.0,30,220,3,3,2585.0,9.2,484,6,6,413690,3386440,486,0,5,-99.2
603601,413380.0,3386545.0,30,220,3,3,2585.0,9.2,484,6,6,413625,3386485,485,0,5,-78.11
603601,413380.0,3386545.0,30,220,3,3,2585.0,9.2,484,6,6,413740,3386450,485,0,5,-90.33
603601,413380.0,3386545.0,30,220,3,3,2585.0,9.2,484,6,6,413440,3386350,487,23,5,-90.33
603601,413380.0,3386545.0,30,220,3,3,2585.0,9.2,484,6,6,413310,3386140,489,0,5,-93.0
603601,413380.0,3386545.0,30,220,3,3,2585.0,9.2,484,6,6,413290,3386160,489,0,6,-91.67
603601,413380.0,3386545.0,30,220,3,3,2585.0,9.2,484,6,6,413295,3386155,489,0,6,-97.0
603601,413380.0,3386545.0,30,220,3,3,2585.0,9.2,484,6,6,413285,3386145,489,0,6,-98.25
603601,413380.0,3386545.0,30,220,3,3,2585.0,9.2,484,6,6,413300,3386130,489,0,6,-105.5
603601,413380.0,3386545.0,30,220,3,3,2585.0,9.2,484,6,6,413260,3386010,491,0,5,-91.5
603601,413380.0,3386545.0,30,220,3,3,2585.0,9.2,484,6,6,413280,3386150,489,0,5,-88.0
603601,413380.0,3386545.0,30,220,3,3,2585.0,9.2,484,6,6,413430,3386555,483,18,6,-99.0
603601,413380.0,3386545.0,30,220,3,3,2585.0,9.2,484,6,6,413350,3386475,485,0,6,-83.0
603601,413380.0,3386545.0,30,220,3,3,2585.0,9.2,484,6,6,413400,3386525,484,18,5,-75.75
603601,413380.0,3386545.0,30,220,3,3,2585.0,9.2,484,6,6,413405,3386530,484,18,5,-102.0
603601,413380.0,3386545.0,30,220,3,3,2585.0,9.2,484,6,6,413435,3386560,483,18,6,-76.5
603601,413380.0,3386545.0,30,220,3,3,2585.0,9.2,484,6,6,413355,3386480,485,0,5,-96.0
603601,413380.0,3386545.0,30,220,3,3,2585.0,9.2,484,6,6,413375,3386500,485,0,5,-78.56
603601,413380.0,3386545.0,30,220,3,3,2585.0,9.2,484,6,6,413365,3386490,485,0,5,-79.0
603601,413380.0,3386545.0,30,220,3,3,2585.0,9.2,484,6,6,413370,3386495,485,0,5,-80.5
603601,413380.0,3386545.0,30,220,3,3,2585.0,9.2,484,6,6,413390,3386515,485,0,5,-82.57
603601,413380.0,3386545.0,30,220,3,3,2585.0,9.2,484,6,6,413395,3386520,484,18,5,-76.63
603601,413380.0,3386545.0,30,220,3,3,2585.0,9.2,484,6,6,413385,3386510,485,0,5,-76.79
603601,413380.0,3386545.0,30,220,3,3,2585.0,9.2,484,6,6,413415,3386540,484,0,6,-102.0
603601,413380.0,3386545.0,30,220,3,3,2585.0,9.2,484,6,6,413420,3386545,483,0,6,-92.5
603601,413380.0,3386545.0,30,220,3,3,2585.0,9.2,484,6,6,413345,3386470,486,0,5,-98.0
603601,413380.0,3386545.0,30,220,3,3,2585.0,9.2,484,6,6,413425,3386550,483,0,6,-90.2
603601,413380.0,3386545.0,30,220,3,3,2585.0,9.2,484,6,6,413380,3386505,485,0,5,-81.26
603601,413380.0,3386545.0,30,220,3,3,2585.0,9.2,484,6,6,413360,3386485,485,0,5,-81.5
603601,413380.0,3386545.0,30,220,3,3,2585.0,9.2,484,6,6,413340,3386465,486,0,5,-97.5
603601,413380.0,3386545.0,30,220,3,3,2585.0,9.2,484,6,6,413480,3386230,487,0,5,-106.0
603601,413380.0,3386545.0,30,220,3,3,2585.0,9.2,484,6,6,413275,3386190,490,0,5,-83.2
603601,413380.0,3386545.0,30,220,3,3,2585.0,9.2,484,6,6,413265,3386200,489,0,14,-97.0
603601,413380.0,3386545.0,30,220,3,3,2585.0,9.2,484,6,6,413175,3386515,485,0,5,-86.17
603601,413380.0,3386545.0,30,220,3,3,2585.0,9.2,484,6,6,413170,3386520,485,0,5,-87.0
603601,413380.0,3386545.0,30,220,3,3,2585.0,9.2,484,6,6,413405,3386220,487,0,5,-91.0
603601,413380.0,3386545.0,30,220,3,3,2585.0,9.2,484,6,6,413415,3386210,487,0,12,-101.5
603601,413380.0,3386545.0,30,220,3,3,2585.0,9.2,484,6,6,413410,3386205,487,0,12,-99.5
603601,413380.0,3386545.0,30,220,3,3,2585.0,9.2,484,6,6,413285,3386100,490,0,6,-89.39
603601,413380.0,3386545.0,30,220,3,3,2585.0,9.2,484,6,6,413280,3386095,490,0,5,-91.08
603601,413380.0,3386545.0,30,220,3,3,2585.0,9.2,484,6,6,413270,3386065,491,0,5,-90.0
603601,413380.0,3386545.0,30,220,3,3,2585.0,9.2,484,6,6,413275,3386070,490,0,5,-84.67
603601,413380.0,3386545.0,30,220,3,3,2585.0,9.2,484,6,6,413300,3386115,489,0,6,-85.5
603601,413380.0,3386545.0,30,220,3,3,2585.0,9.2,484,6,6,413275,3386175,489,0,5,-86.0
603601,413380.0,3386545.0,30,220,3,3,2585.0,9.2,484,6,6,413700,3386455,485,0,5,-90.4
603601,413380.0,3386545.0,30,220,3,3,2585.0,9.2,484,6,6,413600,3386555,484,0,5,-109.5
603601,413380.0,3386545.0,30,220,3,3,2585.0,9.2,484,6,6,413685,3386480,484,0,5,-90.33
603601,413380.0,3386545.0,30,220,3,3,2585.0,9.2,484,6,6,413690,3386465,485,0,5,-84.52
603601,413380.0,3386545.0,30,220,3,3,2585.0,9.2,484,6,6,413720,3386435,486,0,5,-94.14
603601,413380.0,3386545.0,30,220,3,3,2585.0,9.2,484,6,6,413725,3386440,486,0,5,-93.75
603601,413380.0,3386545.0,30,220,3,3,2585.0,9.2,484,6,6,413715,3386450,485,0,5,-94.5
603601,413380.0,3386545.0,30,220,3,3,2585.0,9.2,484,6,6,413610,3386545,484,0,5,-109.6
603601,413380.0,3386545.0,30,220,3,3,2585.0,9.2,484,6,6,413695,3386470,485,0,5,-83.44
603601,413380.0,3386545.0,30,220,3,3,2585.0,9.2,484,6,6,413650,3386505,485,0,6,-108.33
603601,413380.0,3386545.0,30,220,3,3,2585.0,9.2,484,6,6,413680,3386475,485,0,5,-85.21
603601,413380.0,3386545.0,30,220,3,3,2585.0,9.2,484,6,6,413675,3386490,484,0,5,-91.17
603601,413380.0,3386545.0,30,220,3,3,2585.0,9.2,484,6,6,413735,3386430,486,0,5,-91.5
603601,413380.0,3386545.0,30,220,3,3,2585.0,9.2,484,6,6,413615,3386550,484,0,5,-105.5
603601,413380.0,3386545.0,30,220,3,3,2585.0,9.2,484,6,6,413705,3386460,485,0,5,-91.0
603601,413380.0,3386545.0,30,220,3,3,2585.0,9.2,484,6,6,413710,3386445,485,0,5,-90.8
603601,413380.0,3386545.0,30,220,3,3,2585.0,9.2,484,6,6,413410,3386210,487,0,12,-96.0
603601,413380.0,3386545.0,30,220,3,3,2585.0,9.2,484,6,6,413280,3386100,490,0,5,-95.75
603601,413380.0,3386545.0,30,220,3,3,2585.0,9.2,484,6,6,413300,3386120,489,0,6,-99.5
603601,413380.0,3386545.0,30,220,3,3,2585.0,9.2,484,6,6,413285,3386095,490,0,6,-90.45
603601,413380.0,3386545.0,30,220,3,3,2585.0,9.2,484,6,6,413270,3386070,490,0,5,-106.0
603601,413380.0,3386545.0,30,220,3,3,2585.0,9.2,484,6,6,413290,3386090,490,0,6,-87.0
603601,413380.0,3386545.0,30,220,3,3,2585.0,9.2,484,6,6,413405,3386215,487,0,12,-94.75
603601,413380.0,3386545.0,30,220,3,3,2585.0,9.2,484,6,6,413480,3386520,484,18,5,-93.0
603601,413380.0,3386545.0,30,220,3,3,2585.0,9.2,484,6,6,413530,3386470,485,0,5,-82.67
603601,413380.0,3386545.0,30,220,3,3,2585.0,9.2,484,6,6,413475,3386525,484,18,6,-89.0
603601,413380.0,3386545.0,30,220,3,3,2585.0,9.2,484,6,6,413490,3386510,484,18,5,-77.0
603601,413380.0,3386545.0,30,220,3,3,2585.0,9.2,484,6,6,413535,3386465,485,0,5,-81.75
603601,413380.0,3386545.0,30,220,3,3,2585.0,9.2,484,6,6,413635,3386365,487,0,12,-108.67
603601,413380.0,3386545.0,30,220,3,3,2585.0,9.2,484,6,6,413505,3386495,485,0,5,-84.67
603601,413380.0,3386545.0,30,220,3,3,2585.0,9.2,484,6,6,413680,3386320,488,0,5,-119.5
603601,413380.0,3386545.0,30,220,3,3,2585.0,9.2,484,6,6,413550,3386450,486,0,6,-78.67
603601,413380.0,3386545.0,30,220,3,3,2585.0,9.2,484,6,6,413460,3386540,483,0,6,-82.0
603601,413380.0,3386545.0,30,220,3,3,2585.0,9.2,484,6,6,413525,3386475,485,0,5,-82.9
603601,413380.0,3386545.0,30,220,3,3,2585.0,9.2,484,6,6,413520,3386480,485,0,5,-85.23
603601,413380.0,3386545.0,30,220,3,3,2585.0,9.2,484,6,6,413500,3386500,485,0,5,-83.5
603601,413380.0,3386545.0,30,220,3,3,2585.0,9.2,484,6,6,413515,3386485,485,0,5,-85.12
603601,413380.0,3386545.0,30,220,3,3,2585.0,9.2,484,6,6,413450,3386550,483,18,6,-97.5
603601,413380.0,3386545.0,30,220,3,3,2585.0,9.2,484,6,6,413445,3386555,483,18,6,-81.25
603601,413380.0,3386545.0,30,220,3,3,2585.0,9.2,484,6,6,413440,3386560,483,18,5,-84.67
603601,413380.0,3386545.0,30,220,3,3,2585.0,9.2,484,6,6,413455,3386545,483,0,6,-89.5
603601,413380.0,3386545.0,30,220,3,3,2585.0,9.2,484,6,6,413470,3386530,484,0,6,-102.0
603601,413380.0,3386545.0,30,220,3,3,2585.0,9.2,484,6,6,413545,3386455,486,0,5,-77.29
603601,413380.0,3386545.0,30,220,3,3,2585.0,9.2,484,6,6,413465,3386535,484,0,6,-87.17
603601,413380.0,3386545.0,30,220,3,3,2585.0,9.2,484,6,6,413495,3386505,485,18,5,-83.0
603601,413380.0,3386545.0,30,220,3,3,2585.0,9.2,484,6,6,413510,3386490,485,0,5,-85.95
603601,413380.0,3386545.0,30,220,3,3,2585.0,9.2,484,6,6,413540,3386460,485,0,5,-75.25
603601,413380.0,3386545.0,30,220,3,3,2585.0,9.2,484,6,6,413625,3386570,484,18,5,-102.33
603601,413380.0,3386545.0,30,220,3,3,2585.0,9.2,484,6,6,413665,3386610,485,0,5,-109.5
603601,413380.0,3386545.0,30,220,3,3,2585.0,9.2,484,6,6,413760,3386425,486,0,5,-82.5
603601,413380.0,3386545.0,30,220,3,3,2585.0,9.2,484,6,6,413610,3386595,484,0,5,-109.75
603601,413380.0,3386545.0,30,220,3,3,2585.0,9.2,484,6,6,413605,3386590,484,0,5,-109.51
603601,413380.0,3386545.0,30,220,3,3,2585.0,9.2,484,6,6,413765,3386430,486,0,5,-95.0
603601,413380.0,3386545.0,30,220,3,3,2585.0,9.2,484,6,6,413700,3386645,487,0,14,-102.5
603601,413380.0,3386545.0,30,220,3,3,2585.0,9.2,484,6,6,413675,3386620,486,0,6,-107.0
603601,413380.0,3386545.0,30,220,3,3,2585.0,9.2,484,6,6,413770,3386435,486,0,5,-92.0
603601,413380.0,3386545.0,30,220,3,3,2585.0,9.2,484,6,6,413600,3386585,484,0,5,-110.0
603601,413380.0,3386545.0,30,220,3,3,2585.0,9.2,484,6,6,413775,3386440,486,0,5,-94.33
603601,413380.0,3386545.0,30,220,3,3,2585.0,9.2,484,6,6,413065,3386540,486,0,5,-96.0
603601,413380.0,3386545.0,30,220,3,3,2585.0,9.2,484,6,6,413710,3386525,485,0,5,-99.75
603601,413380.0,3386545.0,30,220,3,3,2585.0,9.2,484,6,6,413700,3386535,485,0,5,-98.0
603601,413380.0,3386545.0,30,220,3,3,2585.0,9.2,484,6,6,413715,3386530,485,0,5,-107.92
603601,413380.0,3386545.0,30,220,3,3,2585.0,9.2,484,6,6,413720,3386515,484,0,6,-106.43
603601,413380.0,3386545.0,30,220,3,3,2585.0,9.2,484,6,6,413680,3386555,485,0,6,-101.63
603601,413380.0,3386545.0,30,220,3,3,2585.0,9.2,484,6,6,413630,3386445,486,0,5,-84.25
603601,413380.0,3386545.0,30,220,3,3,2585.0,9.2,484,6,6,413645,3386440,486,0,5,-83.75
603601,413380.0,3386545.0,30,220,3,3,2585.0,9.2,484,6,6,413615,3386470,485,0,5,-85.13
603601,413380.0,3386545.0,30,220,3,3,2585.0,9.2,484,6,6,413620,3386455,486,0,5,-83.45
603601,413380.0,3386545.0,30,220,3,3,2585.0,9.2,484,6,6,413625,3386460,485,0,5,-86.33
603601,413380.0,3386545.0,30,220,3,3,2585.0,9.2,484,6,6,413695,3386550,485,0,5,-104.5
603601,413380.0,3386545.0,30,220,3,3,2585.0,9.2,484,6,6,413640,3386435,486,0,5,-84.0
603601,413380.0,3386545.0,30,220,3,3,2585.0,9.2,484,6,6,413635,3386450,486,0,5,-85.78
603601,413380.0,3386545.0,30,220,3,3,2585.0,9.2,484,6,6,413610,3386465,485,0,5,-85.75
603601,413380.0,3386545.0,30,220,3,3,2585.0,9.2,484,6,6,413440,3386315,486,23,5,-92.5
603601,413380.0,3386545.0,30,220,3,3,2585.0,9.2,484,6,6,413735,3386510,485,0,6,-100.31
603601,413380.0,3386545.0,30,220,3,3,2585.0,9.2,484,6,6,413685,3386560,485,0,6,-102.36
603601,413380.0,3386545.0,30,220,3,3,2585.0,9.2,484,6,6,413725,3386520,485,0,5,-101.87
603601,413380.0,3386545.0,30,220,3,3,2585.0,9.2,484,6,6,413605,3386480,485,0,5,-82.45
603601,413380.0,3386545.0,30,220,3,3,2585.0,9.2,484,6,6,413690,3386545,485,0,5,-99.5
603601,413380.0,3386545.0,30,220,3,3,2585.0,9.2,484,6,6,413600,3386475,485,0,5,-87.87
603601,413380.0,3386545.0,30,220,3,3,2585.0,9.2,484,6,6,413400,3386485,485,0,5,-77.5
603601,413380.0,3386545.0,30,220,3,3,2585.0,9.2,484,6,6,413315,3386480,486,0,6,-91.5
603601,413380.0,3386545.0,30,220,3,3,2585.0,9.2,484,6,6,413365,3386530,484,0,5,-85.38
603601,413380.0,3386545.0,30,220,3,3,2585.0,9.2,484,6,6,413430,3386515,484,18,5,-82.0
603601,413380.0,3386545.0,30,220,3,3,2585.0,9.2,484,6,6,413395,3386560,484,0,6,-103.8
603601,413380.0,3386545.0,30,220,3,3,2585.0,9.2,484,6,6,413360,3386525,485,0,5,-79.22
603601,413380.0,3386545.0,30,220,3,3,2585.0,9.2,484,6,6,413415,3386500,485,0,5,-80.29
603601,413380.0,3386545.0,30,220,3,3,2585.0,9.2,484,6,6,413410,3386495,485,0,5,-80.13
603601,413380.0,3386545.0,30,220,3,3,2585.0,9.2,484,6,6,413370,3386535,484,0,6,-91.5
603601,413380.0,3386545.0,30,220,3,3,2585.0,9.2,484,6,6,413425,3386510,485,0,5,-78.56
603601,413380.0,3386545.0,30,220,3,3,2585.0,9.2,484,6,6,413405,3386490,485,0,5,-78.83
603601,413380.0,3386545.0,30,220,3,3,2585.0,9.2,484,6,6,413375,3386540,484,0,6,-99.0
603601,413380.0,3386545.0,30,220,3,3,2585.0,9.2,484,6,6,413420,3386505,485,0,5,-79.16
603601,413380.0,3386545.0,30,220,3,3,2585.0,9.2,484,6,6,413310,3386475,486,0,6,-113.0
603601,413380.0,3386545.0,30,220,3,3,2585.0,9.2,484,6,6,413385,3386550,484,6,6,-101.0
603601,413380.0,3386545.0,30,220,3,3,2585.0,9.2,484,6,6,413730,3386335,488,20,5,-108.5
603601,413380.0,3386545.0,30,220,3,3,2585.0,9.2,484,6,6,413560,3386485,485,0,5,-79.46
603601,413380.0,3386545.0,30,220,3,3,2585.0,9.2,484,6,6,413755,3386360,487,0,5,-114.5
603601,413380.0,3386545.0,30,220,3,3,2585.0,9.2,484,6,6,413475,3386480,486,0,5,-81.88
603601,413380.0,3386545.0,30,220,3,3,2585.0,9.2,484,6,6,413565,3386490,485,0,5,-82.33
603601,413380.0,3386545.0,30,220,3,3,2585.0,9.2,484,6,6,413475,3386145,489,0,12,-103.75
603601,413380.0,3386545.0,30,220,3,3,2585.0,9.2,484,6,6,413410,3386320,487,23,5,-91.67
603601,413380.0,3386545.0,30,220,3,3,2585.0,9.2,484,6,6,413415,3386315,487,23,5,-89.13
603601,413380.0,3386545.0,30,220,3,3,2585.0,9.2,484,6,6,413435,3386295,486,0,5,-97.0
603601,413380.0,3386545.0,30,220,3,3,2585.0,9.2,484,6,6,413120,3386510,486,0,5,-80.5
603601,413380.0,3386545.0,30,220,3,3,2585.0,9.2,484,6,6,413455,3386480,486,0,5,-80.8
603601,413380.0,3386545.0,30,220,3,3,2585.0,9.2,484,6,6,413450,3386475,486,0,5,-83.67
603601,413380.0,3386545.0,30,220,3,3,2585.0,9.2,484,6,6,413460,3386445,487,0,5,-83.0
603601,413380.0,3386545.0,30,220,3,3,2585.0,9.2,484,6,6,413585,3386490,485,0,5,-76.5
603601,413380.0,3386545.0,30,220,3,3,2585.0,9.2,484,6,6,413495,3386440,486,0,5,-80.6
603601,413380.0,3386545.0,30,220,3,3,2585.0,9.2,484,6,6,413475,3386460,486,0,6,-80.33
603601,413380.0,3386545.0,30,220,3,3,2585.0,9.2,484,6,6,413525,3386550,483,18,5,-101.67
603601,413380.0,3386545.0,30,220,3,3,2585.0,9.2,484,6,6,413580,3386485,485,0,5,-79.0
603601,413380.0,3386545.0,30,220,3,3,2585.0,9.2,484,6,6,413505,3386600,483,0,14,-99.19
603601,413380.0,3386545.0,30,220,3,3,2585.0,9.2,484,6,6,413500,3386595,483,18,5,-102.78
603601,413380.0,3386545.0,30,220,3,3,2585.0,9.2,484,6,6,413510,3386585,483,18,5,-104.09
603601,413380.0,3386545.0,30,220,3,3,2585.0,9.2,484,6,6,413490,3386565,482,0,14,-107.67
603601,413380.0,3386545.0,30,220,3,3,2585.0,9.2,484,6,6,413660,3386755,486,0,6,-106.0
603601,413380.0,3386545.0,30,220,3,3,2585.0,9.2,484,6,6,413455,3386610,483,0,14,-107.5
603601,413380.0,3386545.0,30,220,3,3,2585.0,9.2,484,6,6,413515,3386590,483,18,5,-106.82
603601,413380.0,3386545.0,30,220,3,3,2585.0,9.2,484,6,6,413570,3386645,485,0,5,-115.5
603601,413380.0,3386545.0,30,220,3,3,2585.0,9.2,484,6,6,413450,3386605,483,18,5,-113.67
603601,413380.0,3386545.0,30,220,3,3,2585.0,9.2,484,6,6,413485,3386580,483,0,14,-106.75
603601,413380.0,3386545.0,30,220,3,3,2585.0,9.2,484,6,6,413480,3386575,482,0,14,-111.56
603601,413380.0,3386545.0,30,220,3,3,2585.0,9.2,484,6,6,413590,3386665,485,18,14,-110.0
603601,413380.0,3386545.0,30,220,3,3,2585.0,9.2,484,6,6,413395,3386195,487,22,5,-114.0
603601,413380.0,3386545.0,30,220,3,3,2585.0,9.2,484,6,6,413410,3386220,487,0,5,-90.0
603601,413380.0,3386545.0,30,220,3,3,2585.0,9.2,484,6,6,413300,3386110,489,0,6,-89.5
603601,413380.0,3386545.0,30,220,3,3,2585.0,9.2,484,6,6,413280,3386090,490,0,5,-93.4
603601,413380.0,3386545.0,30,220,3,3,2585.0,9.2,484,6,6,413275,3386075,490,0,5,-92.75
603601,413380.0,3386545.0,30,220,3,3,2585.0,9.2,484,6,6,413290,3386100,490,0,6,-89.75
603601,413380.0,3386545.0,30,220,3,3,2585.0,9.2,484,6,6,413285,3386085,490,0,6,-88.38
603601,413380.0,3386545.0,30,220,3,3,2585.0,9.2,484,6,6,413400,3386210,487,0,12,-91.0
603601,413380.0,3386545.0,30,220,3,3,2585.0,9.2,484,6,6,413415,3386215,487,0,12,-95.5
603601,413380.0,3386545.0,30,220,3,3,2585.0,9.2,484,6,6,413665,3386510,485,0,7,-93.33
603601,413380.0,3386545.0,30,220,3,3,2585.0,9.2,484,6,6,413670,3386515,485,0,6,-97.0
603601,413380.0,3386545.0,30,220,3,3,2585.0,9.2,484,6,6,413655,3386500,485,0,6,-105.0
603601,413380.0,3386545.0,30,220,3,3,2585.0,9.2,484,6,6,413740,3386425,486,0,6,-86.75
603601,413380.0,3386545.0,30,220,3,3,2585.0,9.2,484,6,6,413685,3386450,485,0,5,-88.93
603601,413380.0,3386545.0,30,220,3,3,2585.0,9.2,484,6,6,413680,3386445,485,0,5,-94.25
603601,413380.0,3386545.0,30,220,3,3,2585.0,9.2,484,6,6,413745,3386430,486,0,5,-94.5
603601,413380.0,3386545.0,30,220,3,3,2585.0,9.2,484,6,6,413640,3386485,485,0,5,-99.0
603601,413380.0,3386545.0,30,220,3,3,2585.0,9.2,484,6,6,413705,3386470,484,0,5,-80.58
603601,413380.0,3386545.0,30,220,3,3,2585.0,9.2,484,6,6,413695,3386460,485,0,5,-87.92
603601,413380.0,3386545.0,30,220,3,3,2585.0,9.2,484,6,6,413700,3386465,485,0,5,-89.17
603601,413380.0,3386545.0,30,220,3,3,2585.0,9.2,484,6,6,413750,3386435,486,0,5,-92.0
603601,413380.0,3386545.0,30,220,3,3,2585.0,9.2,484,6,6,413755,3386440,486,0,5,-95.33
603601,413380.0,3386545.0,30,220,3,3,2585.0,9.2,484,6,6,413675,3386520,484,0,6,-93.33
603601,413380.0,3386545.0,30,220,3,3,2585.0,9.2,484,6,6,413715,3386480,484,0,5,-86.6
603601,413380.0,3386545.0,30,220,3,3,2585.0,9.2,484,6,6,413625,3386550,484,0,7,-100.33
603601,413380.0,3386545.0,30,220,3,3,2585.0,9.2,484,6,6,413690,3386455,485,0,5,-93.23
603601,413380.0,3386545.0,30,220,3,3,2585.0,9.2,484,6,6,413710,3386475,484,0,5,-86.67
603601,413380.0,3386545.0,30,220,3,3,2585.0,9.2,484,6,6,413190,3386520,485,0,5,-90.33
603601,413380.0,3386545.0,30,220,3,3,2585.0,9.2,484,6,6,413120,3386530,485,0,5,-90.0
603601,413380.0,3386545.0,30,220,3,3,2585.0,9.2,484,6,6,413195,3386515,485,0,5,-86.5
603601,413380.0,3386545.0,30,220,3,3,2585.0,9.2,484,6,6,413125,3386525,485,0,5,-90.25
603601,413380.0,3386545.0,30,220,3,3,2585.0,9.2,484,6,6,413180,3386510,485,0,5,-91.0
603601,413380.0,3386545.0,30,220,3,3,2585.0,9.2,484,6,6,413135,3386535,485,0,5,-90.0
603601,413380.0,3386545.0,30,220,3,3,2585.0,9.2,484,6,6,413680,3386185,489,0,5,-114.0
603601,413380.0,3386545.0,30,220,3,3,2585.0,9.2,484,6,6,413430,3386565,483,18,5,-82.0
603601,413380.0,3386545.0,30,220,3,3,2585.0,9.2,484,6,6,413435,3386570,482,18,14,-81.4
603601,413380.0,3386545.0,30,220,3,3,2585.0,9.2,484,6,6,413420,3386575,483,0,14,-113.06
603601,413380.0,3386545.0,30,220,3,3,2585.0,9.2,484,6,6,413425,3386580,483,0,14,-112.13
603601,413380.0,3386545.0,30,220,3,3,2585.0,9.2,484,6,6,413400,3386595,484,0,5,-106.82
603601,413380.0,3386545.0,30,220,3,3,2585.0,9.2,484,6,6,413380,3386615,485,0,14,-98.0
603601,413380.0,3386545.0,30,220,3,3,2585.0,9.2,484,6,6,413410,3386585,483,0,14,-111.11
603601,413380.0,3386545.0,30,220,3,3,2585.0,9.2,484,6,6,413415,3386590,483,0,14,-108.95
603601,413380.0,3386545.0,30,220,3,3,2585.0,9.2,484,6,6,413405,3386600,484,18,5,-111.56
603601,413380.0,3386545.0,30,220,3,3,2585.0,9.2,484,6,6,413580,3386600,484,0,14,-110.5
603601,413380.0,3386545.0,30,220,3,3,2585.0,9.2,484,6,6,413570,3386570,483,0,14,-115.0
603601,413380.0,3386545.0,30,220,3,3,2585.0,9.2,484,6,6,413545,3386635,485,18,5,-108.25
603601,413380.0,3386545.0,30,220,3,3,2585.0,9.2,484,6,6,413565,3386575,484,0,5,-115.5
603601,413380.0,3386545.0,30,220,3,3,2585.0,9.2,484,6,6,413555,3386625,485,18,5,-111.5
603601,413380.0,3386545.0,30,220,3,3,2585.0,9.2,484,6,6,413590,3386590,484,0,14,-110.3
603601,413380.0,3386545.0,30,220,3,3,2585.0,9.2,484,6,6,413525,3386615,484,18,5,-105.67
603601,413380.0,3386545.0,30,220,3,3,2585.0,9.2,484,6,6,413530,3386610,484,0,14,-103.96
603601,413380.0,3386545.0,30,220,3,3,2585.0,9.2,484,6,6,413505,3386675,485,0,5,-110.0
603601,413380.0,3386545.0,30,220,3,3,2585.0,9.2,484,6,6,413585,3386595,484,0,14,-111.83
603601,413380.0,3386545.0,30,220,3,3,2585.0,9.2,484,6,6,413520,3386620,484,18,5,-101.5
603601,413380.0,3386545.0,30,220,3,3,2585.0,9.2,484,6,6,413535,3386605,484,0,14,-105.26
603601,413380.0,3386545.0,30,220,3,3,2585.0,9.2,484,6,6,413595,3386585,484,18,5,-111.08
603601,413380.0,3386545.0,30,220,3,3,2585.0,9.2,484,6,6,413550,3386630,485,18,5,-109.67
603601,413380.0,3386545.0,30,220,3,3,2585.0,9.2,484,6,6,413570,3386630,485,18,5,-110.33
603601,413380.0,3386545.0,30,220,3,3,2585.0,9.2,484,6,6,413585,3386615,485,0,5,-110.67
603601,413380.0,3386545.0,30,220,3,3,2585.0,9.2,484,6,6,413565,3386635,485,18,5,-111.5
603601,413380.0,3386545.0,30,220,3,3,2585.0,9.2,484,6,6,413590,3386610,484,18,5,-112.06
603601,413380.0,3386545.0,30,220,3,3,2585.0,9.2,484,6,6,413515,3386685,485,0,14,-121.0
603601,413380.0,3386545.0,30,220,3,3,2585.0,9.2,484,6,6,413595,3386605,484,0,5,-109.71
603601,413380.0,3386545.0,30,220,3,3,2585.0,9.2,484,6,6,413525,3386595,484,0,14,-105.13
603601,413380.0,3386545.0,30,220,3,3,2585.0,9.2,484,6,6,413530,3386590,484,18,5,-103.5
603601,413380.0,3386545.0,30,220,3,3,2585.0,9.2,484,6,6,413520,3386600,484,0,14,-103.07
603601,413380.0,3386545.0,30,220,3,3,2585.0,9.2,484,6,6,413535,3386585,484,0,5,-103.67
603601,413380.0,3386545.0,30,220,3,3,2585.0,9.2,484,6,6,413545,3386575,483,0,5,-108.0
603601,413380.0,3386545.0,30,220,3,3,2585.0,9.2,484,6,6,413540,3386580,483,0,5,-105.67
603601,413380.0,3386545.0,30,220,3,3,2585.0,9.2,484,6,6,413575,3386625,485,0,5,-110.8
603601,413380.0,3386545.0,30,220,3,3,2585.0,9.2,484,6,6,413580,3386620,485,0,5,-111.0
603601,413380.0,3386545.0,30,220,3,3,2585.0,9.2,484,6,6,413600,3386580,484,18,5,-109.25
603601,413380.0,3386545.0,30,220,3,3,2585.0,9.2,484,6,6,413790,3386430,486,0,5,-95.5
603601,413380.0,3386545.0,30,220,3,3,2585.0,9.2,484,6,6,413615,3386565,484,0,5,-116.0
603601,413380.0,3386545.0,30,220,3,3,2585.0,9.2,484,6,6,413610,3386570,484,18,5,-112.5
603601,413380.0,3386545.0,30,220,3,3,2585.0,9.2,484,6,6,413760,3386420,486,0,5,-91.5
603601,413380.0,3386545.0,30,220,3,3,2585.0,9.2,484,6,6,413675,3386625,486,0,6,-110.0
603601,413380.0,3386545.0,30,220,3,3,2585.0,9.2,484,6,6,413795,3386425,487,0,5,-92.75
603601,413380.0,3386545.0,30,220,3,3,2585.0,9.2,484,6,6,413785,3386435,486,0,5,-93.5
603601,413380.0,3386545.0,30,220,3,3,2585.0,9.2,484,6,6,413520,3386460,486,0,5,-75.0
603601,413380.0,3386545.0,30,220,3,3,2585.0,9.2,484,6,6,413620,3386400,487,0,12,-95.5
603601,413380.0,3386545.0,30,220,3,3,2585.0,9.2,484,6,6,413530,3386450,486,0,6,-74.5
603601,413380.0,3386545.0,30,220,3,3,2585.0,9.2,484,6,6,413625,3386395,487,0,12,-109.5
603601,413380.0,3386545.0,30,220,3,3,2585.0,9.2,484,6,6,413470,3386550,483,18,6,-91.67
603601,413380.0,3386545.0,30,220,3,3,2585.0,9.2,484,6,6,413510,3386510,484,18,5,-99.0
603601,413380.0,3386545.0,30,220,3,3,2585.0,9.2,484,6,6,413480,3386500,485,0,5,-79.75
603601,413380.0,3386545.0,30,220,3,3,2585.0,9.2,484,6,6,413525,3386455,486,0,6,-77.25
603601,413380.0,3386545.0,30,220,3,3,2585.0,9.2,484,6,6,413555,3386465,485,0,5,-80.77
603601,413380.0,3386545.0,30,220,3,3,2585.0,9.2,484,6,6,413490,3386490,485,0,5,-82.53
603601,413380.0,3386545.0,30,220,3,3,2585.0,9.2,484,6,6,413495,3386485,485,0,5,-84.58
603601,413380.0,3386545.0,30,220,3,3,2585.0,9.2,484,6,6,413455,3386525,484,18,6,-86.25
603601,413380.0,3386545.0,30,220,3,3,2585.0,9.2,484,6,6,413450,3386530,484,18,6,-83.33
603601,413380.0,3386545.0,30,220,3,3,2585.0,9.2,484,6,6,413485,3386495,485,0,5,-79.67
603601,413380.0,3386545.0,30,220,3,3,2585.0,9.2,484,6,6,413540,3386480,485,0,5,-81.88
603601,413380.0,3386545.0,30,220,3,3,2585.0,9.2,484,6,6,413475,3386545,483,0,6,-98.83
603601,413380.0,3386545.0,30,220,3,3,2585.0,9.2,484,6,6,413445,3386535,484,0,6,-82.67
603601,413380.0,3386545.0,30,220,3,3,2585.0,9.2,484,6,6,413440,3386540,483,0,6,-88.0
603601,413380.0,3386545.0,30,220,3,3,2585.0,9.2,484,6,6,413550,3386470,485,0,5,-81.07
603601,413380.0,3386545.0,30,220,3,3,2585.0,9.2,484,6,6,413545,3386475,485,0,5,-83.4
603601,413380.0,3386545.0,30,220,3,3,2585.0,9.2,484,6,6,413230,3386500,486,0,5,-82.0
603601,413380.0,3386545.0,30,220,3,3,2585.0,9.2,484,6,6,413260,3386530,485,0,5,-85.5
603601,413380.0,3386545.0,30,220,3,3,2585.0,9.2,484,6,6,413215,3386515,485,0,5,-80.4
603601,413380.0,3386545.0,30,220,3,3,2585.0,9.2,484,6,6,413205,3386505,486,0,5,-88.5
603601,413380.0,3386545.0,30,220,3,3,2585.0,9.2,484,6,6,413200,3386510,485,0,5,-89.0
603601,413380.0,3386545.0,30,220,3,3,2585.0,9.2,484,6,6,413425,3386640,484,18,5,-112.0
603601,413380.0,3386545.0,30,220,3,3,2585.0,9.2,484,6,6,413410,3386605,484,18,5,-111.86
603601,413380.0,3386545.0,30,220,3,3,2585.0,9.2,484,6,6,413360,3386575,484,0,6,-114.33
603601,413380.0,3386545.0,30,220,3,3,2585.0,9.2,484,6,6,413390,3386585,484,6,5,-114.5
603601,413380.0,3386545.0,30,220,3,3,2585.0,9.2,484,6,6,413395,3386590,484,0,14,-109.92
603601,413380.0,3386545.0,30,220,3,3,2585.0,9.2,484,6,6,413400,3386615,484,0,14,-107.67
603601,413380.0,3386545.0,30,220,3,3,2585.0,9.2,484,6,6,413385,3386600,485,6,14,-106.0
603601,413380.0,3386545.0,30,220,3,3,2585.0,9.2,484,6,6,413365,3386580,484,0,6,-94.0
603601,413380.0,3386545.0,30,220,3,3,2585.0,9.2,484,6,6,413405,3386620,484,0,14,-108.0
603601,413380.0,3386545.0,30,220,3,3,2585.0,9.2,484,6,6,413415,3386610,484,18,5,-112.0
603601,413380.0,3386545.0,30,220,3,3,2585.0,9.2,484,6,6,413275,3386180,489,0,5,-83.0
603601,413380.0,3386545.0,30,220,3,3,2585.0,9.2,484,6,6,413250,3386530,485,0,5,-71.5
603601,413380.0,3386545.0,30,220,3,3,2585.0,9.2,484,6,6,413235,3386505,486,0,5,-88.14
603601,413380.0,3386545.0,30,220,3,3,2585.0,9.2,484,6,6,413220,3386520,485,0,5,-85.0
603601,413380.0,3386545.0,30,220,3,3,2585.0,9.2,484,6,6,413225,3386515,485,0,5,-79.5
603601,413380.0,3386545.0,30,220,3,3,2585.0,9.2,484,6,6,413265,3385955,492,0,5,-89.0
603601,413380.0,3386545.0,30,220,3,3,2585.0,9.2,484,6,6,413295,3386205,489,0,6,-100.5
603601,413380.0,3386545.0,30,220,3,3,2585.0,9.2,484,6,6,413510,3386530,484,0,6,-95.0
603601,413380.0,3386545.0,30,220,3,3,2585.0,9.2,484,6,6,413445,3386515,484,18,5,-77.0
603601,413380.0,3386545.0,30,220,3,3,2585.0,9.2,484,6,6,413645,3386395,487,0,12,-112.5
603601,413380.0,3386545.0,30,220,3,3,2585.0,9.2,484,6,6,413485,3386555,483,18,5,-112.0
603601,413380.0,3386545.0,30,220,3,3,2585.0,9.2,484,6,6,413490,3386550,483,18,6,-93.67
603601,413380.0,3386545.0,30,220,3,3,2585.0,9.2,484,6,6,413565,3386475,485,0,5,-82.52
603601,413380.0,3386545.0,30,220,3,3,2585.0,9.2,484,6,6,413580,3386460,485,0,5,-79.38
603601,413380.0,3386545.0,30,220,3,3,2585.0,9.2,484,6,6,413470,3386490,485,0,5,-80.86
603601,413380.0,3386545.0,30,220,3,3,2585.0,9.2,484,6,6,413465,3386495,485,0,5,-79.47
603601,413380.0,3386545.0,30,220,3,3,2585.0,9.2,484,6,6,413455,3386505,485,0,5,-76.83
603601,413380.0,3386545.0,30,220,3,3,2585.0,9.2,484,6,6,413585,3386455,486,0,5,-83.17
603601,413380.0,3386545.0,30,220,3,3,2585.0,9.2,484,6,6,413595,3386445,486,0,6,-86.0
603601,413380.0,3386545.0,30,220,3,3,2585.0,9.2,484,6,6,413575,3386465,485,0,5,-85.9
603601,413380.0,3386545.0,30,220,3,3,2585.0,9.2,484,6,6,413450,3386510,485,0,5,-76.88
603601,413380.0,3386545.0,30,220,3,3,2585.0,9.2,484,6,6,413505,3386535,484,0,7,-93.63
603601,413380.0,3386545.0,30,220,3,3,2585.0,9.2,484,6,6,413460,3386500,485,0,5,-82.94
603601,413380.0,3386545.0,30,220,3,3,2585.0,9.2,484,6,6,413475,3386485,486,0,5,-79.65
603601,413380.0,3386545.0,30,220,3,3,2585.0,9.2,484,6,6,413480,3386560,483,18,5,-109.67
603601,413380.0,3386545.0,30,220,3,3,2585.0,9.2,484,6,6,413560,3386480,485,0,5,-81.94
603601,413380.0,3386545.0,30,220,3,3,2585.0,9.2,484,6,6,413570,3386470,485,0,5,-82.3
603601,413380.0,3386545.0,30,220,3,3,2585.0,9.2,484,6,6,413590,3386450,486,0,5,-82.43
603601,413380.0,3386545.0,30,220,3,3,2585.0,9.2,484,6,6,413500,3386540,483,0,6,-93.5
603601,413380.0,3386545.0,30,220,3,3,2585.0,9.2,484,6,6,413735,3386465,485,0,5,-83.5
603601,413380.0,3386545.0,30,220,3,3,2585.0,9.2,484,6,6,413740,3386460,485,0,5,-92.0
603601,413380.0,3386545.0,30,220,3,3,2585.0,9.2,484,6,6,413680,3386440,486,0,5,-89.38
603601,413380.0,3386545.0,30,220,3,3,2585.0,9.2,484,6,6,413685,3386435,486,0,5,-93.33
603601,413380.0,3386545.0,30,220,3,3,2585.0,9.2,484,6,6,413445,3386355,487,23,5,-93.0
603601,413380.0,3386545.0,30,220,3,3,2585.0,9.2,484,6,6,413720,3386480,484,0,5,-79.0
603601,413380.0,3386545.0,30,220,3,3,2585.0,9.2,484,6,6,413675,3386525,485,0,6,-96.0
603601,413380.0,3386545.0,30,220,3,3,2585.0,9.2,484,6,6,413745,3386455,485,0,5,-90.5
603601,413380.0,3386545.0,30,220,3,3,2585.0,9.2,484,6,6,413525,3386505,485,18,5,-105.0
603601,413380.0,3386545.0,30,220,3,3,2585.0,9.2,484,6,6,413510,3386460,486,0,5,-79.0
603601,413380.0,3386545.0,30,220,3,3,2585.0,9.2,484,6,6,413550,3386500,485,0,5,-73.5
603601,413380.0,3386545.0,30,220,3,3,2585.0,9.2,484,6,6,413475,3386415,487,0,12,-95.5
603601,413380.0,3386545.0,30,220,3,3,2585.0,9.2,484,6,6,413650,3386320,487,0,5,-115.5
603601,413380.0,3386545.0,30,220,3,3,2585.0,9.2,484,6,6,413555,3386495,485,0,5,-74.25
603601,413380.0,3386545.0,30,220,3,3,2585.0,9.2,484,6,6,413570,3386560,483,0,14,-104.0
603601,413380.0,3386545.0,30,220,3,3,2585.0,9.2,484,6,6,413545,3386485,485,0,5,-80.0
603601,413380.0,3386545.0,30,220,3,3,2585.0,9.2,484,6,6,413495,3386475,486,0,5,-81.91
603601,413380.0,3386545.0,30,220,3,3,2585.0,9.2,484,6,6,413490,3386480,486,0,5,-80.45
603601,413380.0,3386545.0,30,220,3,3,2585.0,9.2,484,6,6,413540,3386490,485,0,5,-84.75
603601,413380.0,3386545.0,30,220,3,3,2585.0,9.2,484,6,6,413415,3386245,487,0,12,-91.5
603601,413380.0,3386545.0,30,220,3,3,2585.0,9.2,484,6,6,413410,3386250,487,0,12,-96.5
603601,413380.0,3386545.0,30,220,3,3,2585.0,9.2,484,6,6,413180,3386520,485,0,5,-85.0
603601,413380.0,3386545.0,30,220,3,3,2585.0,9.2,484,6,6,413135,3386525,485,0,5,-89.5
603601,413380.0,3386545.0,30,220,3,3,2585.0,9.2,484,6,6,413195,3386505,485,0,5,-81.75
603601,413380.0,3386545.0,30,220,3,3,2585.0,9.2,484,6,6,413590,3386490,485,0,5,-87.33
603601,413380.0,3386545.0,30,220,3,3,2585.0,9.2,484,6,6,413440,3386480,486,0,5,-82.14
603601,413380.0,3386545.0,30,220,3,3,2585.0,9.2,484,6,6,413525,3386555,483,18,5,-106.5
603601,413380.0,3386545.0,30,220,3,3,2585.0,9.2,484,6,6,413595,3386485,485,0,5,-85.38
603601,413380.0,3386545.0,30,220,3,3,2585.0,9.2,484,6,6,413485,3386505,485,0,5,-72.0
603601,413380.0,3386545.0,30,220,3,3,2585.0,9.2,484,6,6,413460,3386530,484,0,6,-81.25
603601,413380.0,3386545.0,30,220,3,3,2585.0,9.2,484,6,6,413450,3386560,482,18,5,-82.0
603601,413380.0,3386545.0,30,220,3,3,2585.0,9.2,484,6,6,413490,3386520,484,18,6,-100.0
603601,413380.0,3386545.0,30,220,3,3,2585.0,9.2,484,6,6,413470,3386540,483,0,7,-86.55
603601,413380.0,3386545.0,30,220,3,3,2585.0,9.2,484,6,6,413440,3386550,483,0,6,-95.5
603601,413380.0,3386545.0,30,220,3,3,2585.0,9.2,484,6,6,413520,3386470,485,0,5,-80.33
603601,413380.0,3386545.0,30,220,3,3,2585.0,9.2,484,6,6,413510,3386500,485,0,5,-76.43
603601,413380.0,3386545.0,30,220,3,3,2585.0,9.2,484,6,6,413505,3386485,485,0,5,-83.36
603601,413380.0,3386545.0,30,220,3,3,2585.0,9.2,484,6,6,413535,3386475,485,0,5,-89.63
603601,413380.0,3386545.0,30,220,3,3,2585.0,9.2,484,6,6,413530,3386480,485,0,5,-84.96
603601,413380.0,3386545.0,30,220,3,3,2585.0,9.2,484,6,6,413500,3386490,485,0,5,-81.4
603601,413380.0,3386545.0,30,220,3,3,2585.0,9.2,484,6,6,413515,3386495,485,0,5,-82.56
603601,413380.0,3386545.0,30,220,3,3,2585.0,9.2,484,6,6,413540,3386450,486,0,6,-77.5
603601,413380.0,3386545.0,30,220,3,3,2585.0,9.2,484,6,6,413465,3386525,484,18,6,-79.0
603601,413380.0,3386545.0,30,220,3,3,2585.0,9.2,484,6,6,413555,3386455,486,0,5,-80.4
603601,413380.0,3386545.0,30,220,3,3,2585.0,9.2,484,6,6,413475,3386535,484,0,6,-77.91
603601,413380.0,3386545.0,30,220,3,3,2585.0,9.2,484,6,6,413550,3386460,485,0,5,-76.22
603601,413380.0,3386545.0,30,220,3,3,2585.0,9.2,484,6,6,413350,3386570,484,0,6,-124.5
603601,413380.0,3386545.0,30,220,3,3,2585.0,9.2,484,6,6,413385,3386695,486,0,7,-96.5
603601,413380.0,3386545.0,30,220,3,3,2585.0,9.2,484,6,6,413420,3386660,485,0,14,-114.0
603601,413380.0,3386545.0,30,220,3,3,2585.0,9.2,484,6,6,413090,3386515,486,0,5,-78.0
603601,413380.0,3386545.0,30,220,3,3,2585.0,9.2,484,6,6,413570,3386600,484,0,14,-102.5
603601,413380.0,3386545.0,30,220,3,3,2585.0,9.2,484,6,6,413595,3386575,484,18,5,-115.4
603601,413380.0,3386545.0,30,220,3,3,2585.0,9.2,484,6,6,413540,3386610,484,0,14,-106.65
603601,413380.0,3386545.0,30,220,3,3,2585.0,9.2,484,6,6,413550,3386620,485,18,5,-104.18
603601,413380.0,3386545.0,30,220,3,3,2585.0,9.2,484,6,6,413545,3386605,484,18,5,-105.45
603601,413380.0,3386545.0,30,220,3,3,2585.0,9.2,484,6,6,413555,3386615,485,18,5,-105.0
603601,413380.0,3386545.0,30,220,3,3,2585.0,9.2,484,6,6,413585,3386565,484,0,14,-106.0
603601,413380.0,3386545.0,30,220,3,3,2585.0,9.2,484,6,6,413590,3386580,484,18,5,-112.8
603601,413380.0,3386545.0,30,220,3,3,2585.0,9.2,484,6,6,413520,3386630,485,18,5,-104.5
603601,413380.0,3386545.0,30,220,3,3,2585.0,9.2,484,6,6,413435,3386465,486,0,6,-79.0
603601,413380.0,3386545.0,30,220,3,3,2585.0,9.2,484,6,6,413420,3386480,486,0,5,-80.5
603601,413380.0,3386545.0,30,220,3,3,2585.0,9.2,484,6,6,413245,3386295,488,58,5,-119.0
603601,413380.0,3386545.0,30,220,3,3,2585.0,9.2,484,6,6,413300,3386520,485,0,5,-105.2
603601,413380.0,3386545.0,30,220,3,3,2585.0,9.2,484,6,6,413285,3386495,486,0,5,-88.0
603601,413380.0,3386545.0,30,220,3,3,2585.0,9.2,484,6,6,413280,3386500,486,0,5,-99.67
603601,413380.0,3386545.0,30,220,3,3,2585.0,9.2,484,6,6,413310,3386510,486,0,6,-106.67
603601,413380.0,3386545.0,30,220,3,3,2585.0,9.2,484,6,6,413305,3386515,485,0,5,-81.5
603601,413380.0,3386545.0,30,220,3,3,2585.0,9.2,484,6,6,413355,3386545,484,0,6,-88.83
603601,413380.0,3386545.0,30,220,3,3,2585.0,9.2,484,6,6,413350,3386550,484,0,6,-88.4
603601,413380.0,3386545.0,30,220,3,3,2585.0,9.2,484,6,6,413335,3386525,485,0,6,-108.75
603601,413380.0,3386545.0,30,220,3,3,2585.0,9.2,484,6,6,413290,3386490,486,0,5,-96.0
603601,413380.0,3386545.0,30,220,3,3,2585.0,9.2,484,6,6,413295,3386485,487,0,5,-112.0
603601,413380.0,3386545.0,30,220,3,3,2585.0,9.2,484,6,6,413270,3386155,489,0,5,-85.5
603601,413380.0,3386545.0,30,220,3,3,2585.0,9.2,484,6,6,413275,3386160,489,0,5,-88.0
603601,413380.0,3386545.0,30,220,3,3,2585.0,9.2,484,6,6,413530,3386225,487,0,6,-115.0
603601,413380.0,3386545.0,30,220,3,3,2585.0,9.2,484,6,6,413310,3386450,487,0,6,-95.33
603601,413380.0,3386545.0,30,220,3,3,2585.0,9.2,484,6,6,413420,3386500,485,0,5,-81.25
603601,413380.0,3386545.0,30,220,3,3,2585.0,9.2,484,6,6,413410,3386510,485,0,5,-80.32
603601,413380.0,3386545.0,30,220,3,3,2585.0,9.2,484,6,6,413430,3386490,485,0,5,-83.21
603601,413380.0,3386545.0,30,220,3,3,2585.0,9.2,484,6,6,413370,3386550,484,0,6,-87.0
603601,413380.0,3386545.0,30,220,3,3,2585.0,9.2,484,6,6,413415,3386505,485,0,5,-80.12
603601,413380.0,3386545.0,30,220,3,3,2585.0,9.2,484,6,6,413360,3386560,484,0,6,-88.67
603601,413380.0,3386545.0,30,220,3,3,2585.0,9.2,484,6,6,413365,3386555,484,0,6,-88.5
603601,413380.0,3386545.0,30,220,3,3,2585.0,9.2,484,6,6,413405,3386515,485,0,5,-84.0
603601,413380.0,3386545.0,30,220,3,3,2585.0,9.2,484,6,6,413390,3386530,484,0,5,-87.0
603601,413380.0,3386545.0,30,220,3,3,2585.0,9.2,484,6,6,413395,3386525,484,18,5,-75.0
603601,413380.0,3386545.0,30,220,3,3,2585.0,9.2,484,6,6,413315,3386445,487,0,6,-108.33
603601,413380.0,3386545.0,30,220,3,3,2585.0,9.2,484,6,6,413425,3386495,485,0,5,-79.0
603601,413380.0,3386545.0,30,220,3,3,2585.0,9.2,484,6,6,413400,3386520,484,18,5,-79.5
603601,413380.0,3386545.0,30,220,3,3,2585.0,9.2,484,6,6,413435,3386485,486,0,5,-81.08
603601,413380.0,3386545.0,30,220,3,3,2585.0,9.2,484,6,6,413555,3386635,485,18,5,-106.75
603601,413380.0,3386545.0,30,220,3,3,2585.0,9.2,484,6,6,413540,3386630,485,0,5,-106.0
603601,413380.0,3386545.0,30,220,3,3,2585.0,9.2,484,6,6,413590,3386600,484,0,14,-109.81
603601,413380.0,3386545.0,30,220,3,3,2585.0,9.2,484,6,6,413595,3386595,484,0,5,-110.65
603601,413380.0,3386545.0,30,220,3,3,2585.0,9.2,484,6,6,413530,3386620,485,0,5,-101.67
603601,413380.0,3386545.0,30,220,3,3,2585.0,9.2,484,6,6,413570,3386580,484,0,5,-110.0
603601,413380.0,3386545.0,30,220,3,3,2585.0,9.2,484,6,6,413520,3386610,484,18,14,-104.27
603601,413380.0,3386545.0,30,220,3,3,2585.0,9.2,484,6,6,413525,3386605,484,18,14,-105.15
603601,413380.0,3386545.0,30,220,3,3,2585.0,9.2,484,6,6,413535,3386615,485,0,5,-103.84
603601,413380.0,3386545.0,30,220,3,3,2585.0,9.2,484,6,6,413560,3386570,483,0,14,-106.6
603601,413380.0,3386545.0,30,220,3,3,2585.0,9.2,484,6,6,413545,3386625,485,18,5,-102.78
603601,413380.0,3386545.0,30,220,3,3,2585.0,9.2,484,6,6,413585,3386550,484,0,14,-117.0
603601,413380.0,3386545.0,30,220,3,3,2585.0,9.2,484,6,6,413530,3386495,485,0,5,-78.75
603601,413380.0,3386545.0,30,220,3,3,2585.0,9.2,484,6,6,413515,3386480,485,0,5,-82.9
603601,413380.0,3386545.0,30,220,3,3,2585.0,9.2,484,6,6,413520,3386485,485,0,5,-82.61
603601,413380.0,3386545.0,30,220,3,3,2585.0,9.2,484,6,6,413595,3386560,484,0,14,-108.0
603601,413380.0,3386545.0,30,220,3,3,2585.0,9.2,484,6,6,413525,3386490,485,0,5,-78.2
603601,413380.0,3386545.0,30,220,3,3,2585.0,9.2,484,6,6,413510,3386475,485,0,5,-83.53
603601,413380.0,3386545.0,30,220,3,3,2585.0,9.2,484,6,6,413485,3386450,486,0,5,-83.4
603601,413380.0,3386545.0,30,220,3,3,2585.0,9.2,484,6,6,413480,3386145,489,0,12,-101.38
603601,413380.0,3386545.0,30,220,3,3,2585.0,9.2,484,6,6,413740,3386600,486,0,14,-112.67
603601,413380.0,3386545.0,30,220,3,3,2585.0,9.2,484,6,6,413725,3386575,485,6,5,-107.0
603601,413380.0,3386545.0,30,220,3,3,2585.0,9.2,484,6,6,413750,3386590,485,0,5,-115.67
603601,413380.0,3386545.0,30,220,3,3,2585.0,9.2,484,6,6,413745,3386595,486,0,5,-110.33
603601,413380.0,3386545.0,30,220,3,3,2585.0,9.2,484,6,6,413690,3386610,486,0,5,-104.67
603601,413380.0,3386545.0,30,220,3,3,2585.0,9.2,484,6,6,413675,3386665,486,0,6,-104.0
603601,413380.0,3386545.0,30,220,3,3,2585.0,9.2,484,6,6,413720,3386580,485,6,14,-109.0
603601,413380.0,3386545.0,30,220,3,3,2585.0,9.2,484,6,6,413685,3386615,486,0,5,-107.0
603601,413380.0,3386545.0,30,220,3,3,2585.0,9.2,484,6,6,413695,3386605,486,0,5,-109.5
603601,413380.0,3386545.0,30,220,3,3,2585.0,9.2,484,6,6,413680,3386620,486,0,6,-107.2
603601,413380.0,3386545.0,30,220,3,3,2585.0,9.2,484,6,6,413105,3386535,485,0,5,-98.0
603601,413380.0,3386545.0,30,220,3,3,2585.0,9.2,484,6,6,413115,3386525,485,0,5,-83.0
603601,413380.0,3386545.0,30,220,3,3,2585.0,9.2,484,6,6,413705,3386560,485,12,14,-116.0
603601,413380.0,3386545.0,30,220,3,3,2585.0,9.2,484,6,6,413675,3386430,486,0,5,-88.5
603601,413380.0,3386545.0,30,220,3,3,2585.0,9.2,484,6,6,413730,3386485,484,0,6,-95.67
603601,413380.0,3386545.0,30,220,3,3,2585.0,9.2,484,6,6,413600,3386455,486,0,5,-91.33
603601,413380.0,3386545.0,30,220,3,3,2585.0,9.2,484,6,6,413695,3386530,485,0,5,-96.4
603601,413380.0,3386545.0,30,220,3,3,2585.0,9.2,484,6,6,413700,3386555,485,12,14,-106.5
603601,413380.0,3386545.0,30,220,3,3,2585.0,9.2,484,6,6,413480,3386255,487,0,5,-103.5
603601,413380.0,3386545.0,30,220,3,3,2585.0,9.2,484,6,6,413605,3386460,485,0,5,-84.2
603601,413380.0,3386545.0,30,220,3,3,2585.0,9.2,484,6,6,413615,3386450,486,0,5,-90.33
603601,413380.0,3386545.0,30,220,3,3,2585.0,9.2,484,6,6,413780,3386635,487,0,14,-118.0
603601,413380.0,3386545.0,30,220,3,3,2585.0,9.2,484,6,6,413680,3386535,485,0,6,-97.57
603601,413380.0,3386545.0,30,220,3,3,2585.0,9.2,484,6,6,413625,3386480,485,0,5,-77.69
603601,413380.0,3386545.0,30,220,3,3,2585.0,9.2,484,6,6,413635,3386470,485,0,5,-84.84
603601,413380.0,3386545.0,30,220,3,3,2585.0,9.2,484,6,6,413690,3386525,485,0,6,-94.45
603601,413380.0,3386545.0,30,220,3,3,2585.0,9.2,484,6,6,413630,3386465,485,0,5,-87.8
603601,413380.0,3386545.0,30,220,3,3,2585.0,9.2,484,6,6,413620,3386475,485,0,5,-83.29
603601,413380.0,3386545.0,30,220,3,3,2585.0,9.2,484,6,6,413740,3386515,485,0,5,-108.75
603601,413380.0,3386545.0,30,220,3,3,2585.0,9.2,484,6,6,413685,3386540,485,0,6,-99.33
603601,413380.0,3386545.0,30,220,3,3,2585.0,9.2,484,6,6,413660,3386435,486,0,6,-88.0
603601,413380.0,3386545.0,30,220,3,3,2585.0,9.2,484,6,6,413610,3386445,486,0,5,-82.57
603601,413380.0,3386545.0,30,220,3,3,2585.0,9.2,484,6,6,413275,3386140,489,0,5,-91.8
603601,413380.0,3386545.0,30,220,3,3,2585.0,9.2,484,6,6,413450,3386585,482,0,14,-102.5
603601,413380.0,3386545.0,30,220,3,3,2585.0,9.2,484,6,6,413490,3386625,484,18,5,-93.33
603601,413380.0,3386545.0,30,220,3,3,2585.0,9.2,484,6,6,413455,3386590,482,18,5,-107.75
603601,413380.0,3386545.0,30,220,3,3,2585.0,9.2,484,6,6,413505,3386620,484,0,5,-109.17
603601,413380.0,3386545.0,30,220,3,3,2585.0,9.2,484,6,6,413460,3386575,482,0,14,-108.2
603601,413380.0,3386545.0,30,220,3,3,2585.0,9.2,484,6,6,413500,3386615,484,0,14,-105.14
603601,413380.0,3386545.0,30,220,3,3,2585.0,9.2,484,6,6,413670,3386765,486,0,6,-103.0
603601,413380.0,3386545.0,30,220,3,3,2585.0,9.2,484,6,6,413510,3386605,484,18,14,-101.22
603601,413380.0,3386545.0,30,220,3,3,2585.0,9.2,484,6,6,413465,3386580,482,0,14,-98.33
603601,413380.0,3386545.0,30,220,3,3,2585.0,9.2,484,6,6,413445,3386600,483,18,5,-106.86
603601,413380.0,3386545.0,30,220,3,3,2585.0,9.2,484,6,6,413560,3386715,486,0,5,-123.5
603601,413380.0,3386545.0,30,220,3,3,2585.0,9.2,484,6,6,413515,3386610,484,18,14,-103.83
603601,413380.0,3386545.0,30,220,3,3,2585.0,9.2,484,6,6,413470,3386565,482,18,14,-103.33
603601,413380.0,3386545.0,30,220,3,3,2585.0,9.2,484,6,6,413580,3386695,486,0,5,-104.0
603601,413380.0,3386545.0,30,220,3,3,2585.0,9.2,484,6,6,413530,3386665,486,0,5,-118.0
603601,413380.0,3386545.0,30,220,3,3,2585.0,9.2,484,6,6,413475,3386570,482,0,14,-110.0
603601,413380.0,3386545.0,30,220,3,3,2585.0,9.2,484,6,6,413270,3386105,489,0,5,-125.5
603601,413380.0,3386545.0,30,220,3,3,2585.0,9.2,484,6,6,413275,3386110,489,0,5,-91.5
603601,413380.0,3386545.0,30,220,3,3,2585.0,9.2,484,6,6,413290,3386215,490,0,6,-89.0
603601,413380.0,3386545.0,30,220,3,3,2585.0,9.2,484,6,6,413305,3386230,489,0,6,-95.0
603601,413380.0,3386545.0,30,220,3,3,2585.0,9.2,484,6,6,413300,3386225,489,0,6,-95.5
603601,413380.0,3386545.0,30,220,3,3,2585.0,9.2,484,6,6,413265,3385950,492,0,5,-86.5
603601,413380.0,3386545.0,30,220,3,3,2585.0,9.2,484,6,6,413260,3385945,492,0,5,-88.0
603601,413380.0,3386545.0,30,220,3,3,2585.0,9.2,484,6,6,413270,3385955,492,0,5,-90.5
603601,413380.0,3386545.0,30,220,3,3,2585.0,9.2,484,6,6,413545,3386495,485,0,5,-75.5
603601,413380.0,3386545.0,30,220,3,3,2585.0,9.2,484,6,6,413550,3386490,485,0,5,-82.22
603601,413380.0,3386545.0,30,220,3,3,2585.0,9.2,484,6,6,413490,3386470,486,0,5,-81.0
603601,413380.0,3386545.0,30,220,3,3,2585.0,9.2,484,6,6,413485,3386475,486,0,5,-81.68
603601,413380.0,3386545.0,30,220,3,3,2585.0,9.2,484,6,6,413555,3386485,485,0,5,-79.17
603601,413380.0,3386545.0,30,220,3,3,2585.0,9.2,484,6,6,413480,3386480,486,0,5,-80.31
603601,413380.0,3386545.0,30,220,3,3,2585.0,9.2,484,6,6,413495,3386465,486,0,5,-78.0
603601,413380.0,3386545.0,30,220,3,3,2585.0,9.2,484,6,6,413445,3386565,482,18,5,-99.0
603601,413380.0,3386545.0,30,220,3,3,2585.0,9.2,484,6,6,413440,3386570,482,18,14,-75.5
603601,413380.0,3386545.0,30,220,3,3,2585.0,9.2,484,6,6,413475,3386595,483,18,5,-97.64
603601,413380.0,3386545.0,30,220,3,3,2585.0,9.2,484,6,6,413470,3386600,483,18,5,-98.5
603601,413380.0,3386545.0,30,220,3,3,2585.0,9.2,484,6,6,413525,3386645,485,0,14,-107.5
603601,413380.0,3386545.0,30,220,3,3,2585.0,9.2,484,6,6,413520,3386650,485,18,14,-110.5
603601,413380.0,3386545.0,30,220,3,3,2585.0,9.2,484,6,6,413490,3386620,484,18,5,-101.5
603601,413380.0,3386545.0,30,220,3,3,2585.0,9.2,484,6,6,413450,3386580,482,0,14,-103.33
603601,413380.0,3386545.0,30,220,3,3,2585.0,9.2,484,6,6,413460,3386590,482,0,5,-103.5
603601,413380.0,3386545.0,30,220,3,3,2585.0,9.2,484,6,6,413465,3386585,482,0,14,-98.5
603601,413380.0,3386545.0,30,220,3,3,2585.0,9.2,484,6,6,413515,3386635,485,18,5,-108.0
603601,413380.0,3386545.0,30,220,3,3,2585.0,9.2,484,6,6,413485,3386605,483,0,14,-99.08
603601,413380.0,3386545.0,30,220,3,3,2585.0,9.2,484,6,6,413500,3386630,484,0,5,-108.0
603601,413380.0,3386545.0,30,220,3,3,2585.0,9.2,484,6,6,413530,3386660,486,0,5,-120.33
603601,413380.0,3386545.0,30,220,3,3,2585.0,9.2,484,6,6,413495,3386615,484,0,14,-106.33
603601,413380.0,3386545.0,30,220,3,3,2585.0,9.2,484,6,6,413480,3386610,483,0,14,-107.21
603601,413380.0,3386545.0,30,220,3,3,2585.0,9.2,484,6,6,413595,3386715,485,0,14,-117.5
603601,413380.0,3386545.0,30,220,3,3,2585.0,9.2,484,6,6,413505,3386625,484,0,5,-108.14
603601,413380.0,3386545.0,30,220,3,3,2585.0,9.2,484,6,6,413455,3386575,482,0,14,-91.67
603601,413380.0,3386545.0,30,220,3,3,2585.0,9.2,484,6,6,413710,3386530,485,0,5,-116.0
603601,413380.0,3386545.0,30,220,3,3,2585.0,9.2,484,6,6,413695,3386545,485,0,5,-99.5
603601,413380.0,3386545.0,30,220,3,3,2585.0,9.2,484,6,6,413440,3386320,486,23,5,-97.33
603601,413380.0,3386545.0,30,220,3,3,2585.0,9.2,484,6,6,413680,3386560,485,0,6,-103.19
603601,413380.0,3386545.0,30,220,3,3,2585.0,9.2,484,6,6,413625,3386455,486,0,5,-85.0
603601,413380.0,3386545.0,30,220,3,3,2585.0,9.2,484,6,6,413720,3386520,485,0,5,-103.4
603601,413380.0,3386545.0,30,220,3,3,2585.0,9.2,484,6,6,413705,3386535,485,0,5,-100.0
603601,413380.0,3386545.0,30,220,3,3,2585.0,9.2,484,6,6,413715,3386525,485,0,5,-103.08
603601,413380.0,3386545.0,30,220,3,3,2585.0,9.2,484,6,6,413690,3386550,485,0,5,-100.14
603601,413380.0,3386545.0,30,220,3,3,2585.0,9.2,484,6,6,413615,3386465,485,0,5,-83.89
603601,413380.0,3386545.0,30,220,3,3,2585.0,9.2,484,6,6,413620,3386460,485,0,5,-84.18
603601,413380.0,3386545.0,30,220,3,3,2585.0,9.2,484,6,6,413635,3386445,486,0,5,-83.25
603601,413380.0,3386545.0,30,220,3,3,2585.0,9.2,484,6,6,413685,3386555,485,0,6,-101.0
603601,413380.0,3386545.0,30,220,3,3,2585.0,9.2,484,6,6,413605,3386475,485,0,5,-85.93
603601,413380.0,3386545.0,30,220,3,3,2585.0,9.2,484,6,6,413630,3386450,486,0,5,-91.75
603601,413380.0,3386545.0,30,220,3,3,2585.0,9.2,484,6,6,413610,3386470,485,0,5,-83.18
603601,413380.0,3386545.0,30,220,3,3,2585.0,9.2,484,6,6,413600,3386480,485,0,5,-85.5
603601,413380.0,3386545.0,30,220,3,3,2585.0,9.2,484,6,6,413735,3386505,485,0,6,-100.4
603601,413380.0,3386545.0,30,220,3,3,2585.0,9.2,484,6,6,413730,3386510,485,0,6,-101.5
603601,413380.0,3386545.0,30,220,3,3,2585.0,9.2,484,6,6,413725,3386515,485,0,5,-106.75
603601,413380.0,3386545.0,30,220,3,3,2585.0,9.2,484,6,6,413700,3386540,485,12,5,-103.5
603601,413380.0,3386545.0,30,220,3,3,2585.0,9.2,484,6,6,413780,3386620,486,0,5,-95.0
603601,413380.0,3386545.0,30,220,3,3,2585.0,9.2,484,6,6,413425,3386565,483,18,5,-102.67
603601,413380.0,3386545.0,30,220,3,3,2585.0,9.2,484,6,6,413435,3386575,483,0,14,-111.56
603601,413380.0,3386545.0,30,220,3,3,2585.0,9.2,484,6,6,413390,3386620,485,0,14,-106.18
603601,413380.0,3386545.0,30,220,3,3,2585.0,9.2,484,6,6,413405,3386585,484,0,14,-111.0
603601,413380.0,3386545.0,30,220,3,3,2585.0,9.2,484,6,6,413400,3386590,484,0,14,-111.48
603601,413380.0,3386545.0,30,220,3,3,2585.0,9.2,484,6,6,413430,3386580,483,0,14,-111.93
603601,413380.0,3386545.0,30,220,3,3,2585.0,9.2,484,6,6,413415,3386595,483,0,5,-110.56
603601,413380.0,3386545.0,30,220,3,3,2585.0,9.2,484,6,6,413395,3386615,485,0,5,-107.5
603601,413380.0,3386545.0,30,220,3,3,2585.0,9.2,484,6,6,413410,3386600,484,18,5,-106.0
603601,413380.0,3386545.0,30,220,3,3,2585.0,9.2,484,6,6,413375,3386635,486,0,5,-93.67
603601,413380.0,3386545.0,30,220,3,3,2585.0,9.2,484,6,6,413380,3386610,485,0,14,-96.0
603601,413380.0,3386545.0,30,220,3,3,2585.0,9.2,484,6,6,413420,3386570,483,18,5,-114.6
603601,413380.0,3386545.0,30,220,3,3,2585.0,9.2,484,6,6,413355,3386550,484,0,6,-101.14
603601,413380.0,3386545.0,30,220,3,3,2585.0,9.2,484,6,6,413350,3386545,484,0,6,-96.56
603601,413380.0,3386545.0,30,220,3,3,2585.0,9.2,484,6,6,413330,3386525,485,0,6,-83.5
603601,413380.0,3386545.0,30,220,3,3,2585.0,9.2,484,6,6,413425,3386480,486,0,5,-84.57
603601,413380.0,3386545.0,30,220,3,3,2585.0,9.2,484,6,6,413335,3386530,485,0,6,-116.5
603601,413380.0,3386545.0,30,220,3,3,2585.0,9.2,484,6,6,413340,3386555,484,0,6,-92.33
603601,413380.0,3386545.0,30,220,3,3,2585.0,9.2,484,6,6,413300,3386515,486,0,5,-119.33
603601,413380.0,3386545.0,30,220,3,3,2585.0,9.2,484,6,6,413305,3386520,485,0,5,-101.29
603601,413380.0,3386545.0,30,220,3,3,2585.0,9.2,484,6,6,413295,3386490,486,0,5,-97.0
603601,413380.0,3386545.0,30,220,3,3,2585.0,9.2,484,6,6,413285,3386500,486,0,5,-112.67
603601,413380.0,3386545.0,30,220,3,3,2585.0,9.2,484,6,6,413280,3386495,486,0,5,-81.5
603601,413380.0,3386545.0,30,220,3,3,2585.0,9.2,484,6,6,413315,3386510,485,0,6,-135.0
603601,413380.0,3386545.0,30,220,3,3,2585.0,9.2,484,6,6,413435,3386470,486,0,5,-80.33
603601,413380.0,3386545.0,30,220,3,3,2585.0,9.2,484,6,6,413580,3386555,484,0,14,-113.0
603601,413380.0,3386545.0,30,220,3,3,2585.0,9.2,484,6,6,413505,3386480,485,0,5,-83.83
603601,413380.0,3386545.0,30,220,3,3,2585.0,9.2,484,6,6,413515,3386470,486,0,5,-81.44
603601,413380.0,3386545.0,30,220,3,3,2585.0,9.2,484,6,6,413480,3386455,486,0,5,-82.83
603601,413380.0,3386545.0,30,220,3,3,2585.0,9.2,484,6,6,413510,3386465,486,0,5,-80.0
603601,413380.0,3386545.0,30,220,3,3,2585.0,9.2,484,6,6,413535,3386490,485,0,5,-82.86
603601,413380.0,3386545.0,30,220,3,3,2585.0,9.2,484,6,6,413530,3386485,485,0,5,-81.54
603601,413380.0,3386545.0,30,220,3,3,2585.0,9.2,484,6,6,413520,3386495,485,0,5,-90.4
603601,413380.0,3386545.0,30,220,3,3,2585.0,9.2,484,6,6,413500,3386475,486,0,5,-81.0
603601,413380.0,3386545.0,30,220,3,3,2585.0,9.2,484,6,6,413400,3386515,485,0,5,-79.87
603601,413380.0,3386545.0,30,220,3,3,2585.0,9.2,484,6,6,413425,3386500,485,0,5,-79.91
603601,413380.0,3386545.0,30,220,3,3,2585.0,9.2,484,6,6,413320,3386435,487,0,6,-117.5
603601,413380.0,3386545.0,30,220,3,3,2585.0,9.2,484,6,6,413430,3386485,486,0,5,-80.67
603601,413380.0,3386545.0,30,220,3,3,2585.0,9.2,484,6,6,413375,3386550,484,0,6,-108.75
603601,413380.0,3386545.0,30,220,3,3,2585.0,9.2,484,6,6,413420,3386495,485,0,5,-81.73
603601,413380.0,3386545.0,30,220,3,3,2585.0,9.2,484,6,6,413315,3386450,487,0,6,-104.2
603601,413380.0,3386545.0,30,220,3,3,2585.0,9.2,484,6,6,413410,3386505,485,0,5,-80.75
603601,413380.0,3386545.0,30,220,3,3,2585.0,9.2,484,6,6,413360,3386555,484,0,6,-111.5
603601,413380.0,3386545.0,30,220,3,3,2585.0,9.2,484,6,6,413405,3386520,484,18,5,-95.0
603601,413380.0,3386545.0,30,220,3,3,2585.0,9.2,484,6,6,413415,3386510,485,0,5,-79.83
603601,413380.0,3386545.0,30,220,3,3,2585.0,9.2,484,6,6,413435,3386490,485,0,5,-79.17
603601,413380.0,3386545.0,30,220,3,3,2585.0,9.2,484,6,6,413365,3386560,484,0,6,-95.0
603601,413380.0,3386545.0,30,220,3,3,2585.0,9.2,484,6,6,413395,3386530,484,18,5,-98.5
603601,413380.0,3386545.0,30,220,3,3,2585.0,9.2,484,6,6,413480,3386565,482,0,14,-106.5
603601,413380.0,3386545.0,30,220,3,3,2585.0,9.2,484,6,6,413490,3386575,483,0,14,-94.67
603601,413380.0,3386545.0,30,220,3,3,2585.0,9.2,484,6,6,413500,3386585,483,18,5,-103.0
603601,413380.0,3386545.0,30,220,3,3,2585.0,9.2,484,6,6,413495,3386580,483,0,14,-99.5
603601,413380.0,3386545.0,30,220,3,3,2585.0,9.2,484,6,6,413585,3386670,485,0,14,-102.5
603601,413380.0,3386545.0,30,220,3,3,2585.0,9.2,484,6,6,413505,3386590,483,18,5,-102.2
603601,413380.0,3386545.0,30,220,3,3,2585.0,9.2,484,6,6,413445,3386610,483,0,14,-108.0
603601,413380.0,3386545.0,30,220,3,3,2585.0,9.2,484,6,6,413450,3386615,483,0,14,-116.0
603601,413380.0,3386545.0,30,220,3,3,2585.0,9.2,484,6,6,413510,3386595,483,18,5,-104.0
603601,413380.0,3386545.0,30,220,3,3,2585.0,9.2,484,6,6,413515,3386600,484,0,14,-104.05
603601,413380.0,3386545.0,30,220,3,3,2585.0,9.2,484,6,6,413570,3386655,486,0,5,-116.5
603601,413380.0,3386545.0,30,220,3,3,2585.0,9.2,484,6,6,413400,3386790,485,0,6,-86.0
603601,413380.0,3386545.0,30,220,3,3,2585.0,9.2,484,6,6,413385,3386480,485,0,5,-77.5
603601,413380.0,3386545.0,30,220,3,3,2585.0,9.2,484,6,6,413340,3386515,485,0,6,-90.5
603601,413380.0,3386545.0,30,220,3,3,2585.0,9.2,484,6,6,413335,3386490,486,0,6,-86.0
603601,413380.0,3386545.0,30,220,3,3,2585.0,9.2,484,6,6,413325,3386500,486,0,6,-93.5
603601,413380.0,3386545.0,30,220,3,3,2585.0,9.2,484,6,6,413290,3386525,485,0,5,-137.0
603601,413380.0,3386545.0,30,220,3,3,2585.0,9.2,484,6,6,413355,3386510,485,0,5,-80.09
603601,413380.0,3386545.0,30,220,3,3,2585.0,9.2,484,6,6,413350,3386505,485,0,5,-81.08
603601,413380.0,3386545.0,30,220,3,3,2585.0,9.2,484,6,6,413345,3386520,485,0,6,-87.55
603601,413380.0,3386545.0,30,220,3,3,2585.0,9.2,484,6,6,413425,3386605,483,18,5,-113.36
603601,413380.0,3386545.0,30,220,3,3,2585.0,9.2,484,6,6,413370,3386600,485,0,5,-123.33
603601,413380.0,3386545.0,30,220,3,3,2585.0,9.2,484,6,6,413385,3386565,484,6,6,-99.5
603601,413380.0,3386545.0,30,220,3,3,2585.0,9.2,484,6,6,413395,3386575,484,0,5,-109.67
603601,413380.0,3386545.0,30,220,3,3,2585.0,9.2,484,6,6,413405,3386625,485,0,14,-106.0
603601,413380.0,3386545.0,30,220,3,3,2585.0,9.2,484,6,6,413415,3386635,484,18,5,-108.4
603601,413380.0,3386545.0,30,220,3,3,2585.0,9.2,484,6,6,413365,3386585,485,0,5,-105.0
603601,413380.0,3386545.0,30,220,3,3,2585.0,9.2,484,6,6,413420,3386610,484,18,14,-112.13
603601,413380.0,3386545.0,30,220,3,3,2585.0,9.2,484,6,6,413375,3386595,485,0,5,-111.17
603601,413380.0,3386545.0,30,220,3,3,2585.0,9.2,484,6,6,413670,3386505,485,0,6,-94.0
603601,413380.0,3386545.0,30,220,3,3,2585.0,9.2,484,6,6,413755,3386430,486,0,5,-95.25
603601,413380.0,3386545.0,30,220,3,3,2585.0,9.2,484,6,6,413675,3386510,484,0,6,-91.92
603601,413380.0,3386545.0,30,220,3,3,2585.0,9.2,484,6,6,413680,3386455,485,0,5,-90.0
603601,413380.0,3386545.0,30,220,3,3,2585.0,9.2,484,6,6,413715,3386470,484,0,5,-82.0
603601,413380.0,3386545.0,30,220,3,3,2585.0,9.2,484,6,6,413710,3386465,485,0,5,-85.73
603601,413380.0,3386545.0,30,220,3,3,2585.0,9.2,484,6,6,413700,3386475,484,0,5,-80.24
603601,413380.0,3386545.0,30,220,3,3,2585.0,9.2,484,6,6,413745,3386440,486,0,5,-94.21
603601,413380.0,3386545.0,30,220,3,3,2585.0,9.2,484,6,6,413685,3386460,485,0,5,-89.5
603601,413380.0,3386545.0,30,220,3,3,2585.0,9.2,484,6,6,413740,3386435,486,0,5,-95.71
603601,413380.0,3386545.0,30,220,3,3,2585.0,9.2,484,6,6,413695,3386450,485,0,5,-88.82
603601,413380.0,3386545.0,30,220,3,3,2585.0,9.2,484,6,6,413750,3386425,486,0,6,-90.67
603601,413380.0,3386545.0,30,220,3,3,2585.0,9.2,484,6,6,413705,3386480,484,0,5,-86.33
603601,413380.0,3386545.0,30,220,3,3,2585.0,9.2,484,6,6,413650,3386485,485,0,5,-90.67
603601,413380.0,3386545.0,30,220,3,3,2585.0,9.2,484,6,6,413690,3386445,485,0,5,-94.2
603601,413380.0,3386545.0,30,220,3,3,2585.0,9.2,484,6,6,413635,3386550,484,0,7,-97.0
603601,413380.0,3386545.0,30,220,3,3,2585.0,9.2,484,6,6,413400,3386170,488,0,12,-95.5
603601,413380.0,3386545.0,30,220,3,3,2585.0,9.2,484,6,6,413280,3386130,489,0,5,-87.5
603601,413380.0,3386545.0,30,220,3,3,2585.0,9.2,484,6,6,413285,3386125,489,0,6,-92.5
603601,413380.0,3386545.0,30,220,3,3,2585.0,9.2,484,6,6,413275,3386035,491,0,5,-87.5
603601,413380.0,3386545.0,30,220,3,3,2585.0,9.2,484,6,6,413295,3386135,489,0,6,-93.0
603601,413380.0,3386545.0,30,220,3,3,2585.0,9.2,484,6,6,413290,3386140,489,0,6,-93.0
603601,413380.0,3386545.0,30,220,3,3,2585.0,9.2,484,6,6,413415,3386175,488,0,12,-88.5
603601,413380.0,3386545.0,30,220,3,3,2585.0,9.2,484,6,6,413310,3386160,489,0,5,-95.0
603601,413380.0,3386545.0,30,220,3,3,2585.0,9.2,484,6,6,413385,3386675,486,0,5,-98.5
603601,413380.0,3386545.0,30,220,3,3,2585.0,9.2,484,6,6,413495,3386550,483,18,6,-92.5
603601,413380.0,3386545.0,30,220,3,3,2585.0,9.2,484,6,6,413490,3386545,483,18,6,-84.33
603601,413380.0,3386545.0,30,220,3,3,2585.0,9.2,484,6,6,413485,3386560,483,18,5,-105.5
603601,413380.0,3386545.0,30,220,3,3,2585.0,9.2,484,6,6,413440,3386515,484,18,5,-74.25
603601,413380.0,3386545.0,30,220,3,3,2585.0,9.2,484,6,6,413640,3386395,487,0,12,-110.33
603601,413380.0,3386545.0,30,220,3,3,2585.0,9.2,484,6,6,413570,3386465,485,0,5,-82.22
603601,413380.0,3386545.0,30,220,3,3,2585.0,9.2,484,6,6,413460,3386495,485,0,5,-79.94
603601,413380.0,3386545.0,30,220,3,3,2585.0,9.2,484,6,6,413475,3386490,485,0,5,-81.1
603601,413380.0,3386545.0,30,220,3,3,2585.0,9.2,484,6,6,413455,3386510,485,0,5,-79.88
603601,413380.0,3386545.0,30,220,3,3,2585.0,9.2,484,6,6,413580,3386455,486,0,5,-78.0
603601,413380.0,3386545.0,30,220,3,3,2585.0,9.2,484,6,6,413590,3386445,486,0,6,-84.5
603601,413380.0,3386545.0,30,220,3,3,2585.0,9.2,484,6,6,413500,3386535,484,0,7,-96.86
603601,413380.0,3386545.0,30,220,3,3,2585.0,9.2,484,6,6,413505,3386540,483,0,6,-101.38
603601,413380.0,3386545.0,30,220,3,3,2585.0,9.2,484,6,6,413470,3386485,486,0,5,-81.18
603601,413380.0,3386545.0,30,220,3,3,2585.0,9.2,484,6,6,413585,3386460,485,0,5,-86.0
603601,413380.0,3386545.0,30,220,3,3,2585.0,9.2,484,6,6,413575,3386470,485,0,5,-85.29
603601,413380.0,3386545.0,30,220,3,3,2585.0,9.2,484,6,6,413465,3386500,485,0,5,-79.84
603601,413380.0,3386545.0,30,220,3,3,2585.0,9.2,484,6,6,413560,3386475,485,0,5,-84.5
603601,413380.0,3386545.0,30,220,3,3,2585.0,9.2,484,6,6,413450,3386505,485,0,5,-82.7
603601,413380.0,3386545.0,30,220,3,3,2585.0,9.2,484,6,6,413595,3386450,486,0,5,-86.8
603601,413380.0,3386545.0,30,220,3,3,2585.0,9.2,484,6,6,413565,3386480,485,0,5,-83.79
603601,413380.0,3386545.0,30,220,3,3,2585.0,9.2,484,6,6,413440,3386210,487,0,5,-93.33
603601,413380.0,3386545.0,30,220,3,3,2585.0,9.2,484,6,6,413450,3386220,487,0,5,-92.0
603601,413380.0,3386545.0,30,220,3,3,2585.0,9.2,484,6,6,413695,3386565,485,0,5,-108.25
603601,413380.0,3386545.0,30,220,3,3,2585.0,9.2,484,6,6,413610,3386650,485,0,5,-108.5
603601,413380.0,3386545.0,30,220,3,3,2585.0,9.2,484,6,6,413645,3386695,485,0,5,-103.5
603601,413380.0,3386545.0,30,220,3,3,2585.0,9.2,484,6,6,413690,3386570,485,0,5,-111.45
603601,413380.0,3386545.0,30,220,3,3,2585.0,9.2,484,6,6,413715,3386585,485,6,5,-111.67
603601,413380.0,3386545.0,30,220,3,3,2585.0,9.2,484,6,6,413700,3386600,486,0,14,-109.2
603601,413380.0,3386545.0,30,220,3,3,2585.0,9.2,484,6,6,413685,3386575,485,0,6,-105.7
603601,413380.0,3386545.0,30,220,3,3,2585.0,9.2,484,6,6,413680,3386580,485,0,6,-105.94
603601,413380.0,3386545.0,30,220,3,3,2585.0,9.2,484,6,6,413755,3386625,486,0,5,-114.5
603601,413380.0,3386545.0,30,220,3,3,2585.0,9.2,484,6,6,413455,3386225,487,0,5,-90.0
603601,413380.0,3386545.0,30,220,3,3,2585.0,9.2,484,6,6,413450,3386230,487,0,5,-85.0
603601,413380.0,3386545.0,30,220,3,3,2585.0,9.2,484,6,6,413565,3386610,484,18,5,-104.67
603601,413380.0,3386545.0,30,220,3,3,2585.0,9.2,484,6,6,413555,3386600,484,0,14,-109.5
603601,413380.0,3386545.0,30,220,3,3,2585.0,9.2,484,6,6,413575,3386620,485,0,5,-111.17
603601,413380.0,3386545.0,30,220,3,3,2585.0,9.2,484,6,6,413595,3386640,485,18,14,-110.0
603601,413380.0,3386545.0,30,220,3,3,2585.0,9.2,484,6,6,413680,3386725,486,0,6,-106.67
603601,413380.0,3386545.0,30,220,3,3,2585.0,9.2,484,6,6,413530,3386575,483,0,14,-103.62
603601,413380.0,3386545.0,30,220,3,3,2585.0,9.2,484,6,6,413760,3386325,488,20,5,-111.4
603601,413380.0,3386545.0,30,220,3,3,2585.0,9.2,484,6,6,413545,3386590,484,0,5,-108.17
603601,413380.0,3386545.0,30,220,3,3,2585.0,9.2,484,6,6,413540,3386585,484,0,5,-107.75
603601,413380.0,3386545.0,30,220,3,3,2585.0,9.2,484,6,6,413525,3386570,483,0,14,-102.13
603601,413380.0,3386545.0,30,220,3,3,2585.0,9.2,484,6,6,413550,3386595,484,0,5,-108.4
603601,413380.0,3386545.0,30,220,3,3,2585.0,9.2,484,6,6,413585,3386630,485,0,14,-108.33
603601,413380.0,3386545.0,30,220,3,3,2585.0,9.2,484,6,6,413580,3386625,485,0,5,-110.75
603601,413380.0,3386545.0,30,220,3,3,2585.0,9.2,484,6,6,413675,3386570,485,0,6,-105.27
603601,413380.0,3386545.0,30,220,3,3,2585.0,9.2,484,6,6,413665,3386580,485,0,5,-108.0
603601,413380.0,3386545.0,30,220,3,3,2585.0,9.2,484,6,6,413820,3386415,488,0,6,-98.0
603601,413380.0,3386545.0,30,220,3,3,2585.0,9.2,484,6,6,413800,3386435,487,0,5,-96.25
603601,413380.0,3386545.0,30,220,3,3,2585.0,9.2,484,6,6,413805,3386440,487,0,5,-95.5
603601,413380.0,3386545.0,30,220,3,3,2585.0,9.2,484,6,6,413605,3386640,485,0,14,-109.29
603601,413380.0,3386545.0,30,220,3,3,2585.0,9.2,484,6,6,413815,3386430,487,0,5,-99.0
603601,413380.0,3386545.0,30,220,3,3,2585.0,9.2,484,6,6,413810,3386425,487,0,5,-99.0
603601,413380.0,3386545.0,30,220,3,3,2585.0,9.2,484,6,6,413670,3386565,484,0,6,-100.83
603601,413380.0,3386545.0,30,220,3,3,2585.0,9.2,484,6,6,413755,3386610,486,0,14,-114.0
603601,413380.0,3386545.0,30,220,3,3,2585.0,9.2,484,6,6,413715,3386570,485,6,14,-114.0
603601,413380.0,3386545.0,30,220,3,3,2585.0,9.2,484,6,6,413680,3386595,485,0,6,-109.8
603601,413380.0,3386545.0,30,220,3,3,2585.0,9.2,484,6,6,413700,3386575,485,12,14,-113.33
603601,413380.0,3386545.0,30,220,3,3,2585.0,9.2,484,6,6,413690,3386585,485,0,5,-106.2
603601,413380.0,3386545.0,30,220,3,3,2585.0,9.2,484,6,6,413685,3386600,485,0,6,-107.22
603601,413380.0,3386545.0,30,220,3,3,2585.0,9.2,484,6,6,413875,3386410,490,0,6,-87.0
603601,413380.0,3386545.0,30,220,3,3,2585.0,9.2,484,6,6,413705,3386585,485,12,5,-107.0
603601,413380.0,3386545.0,30,220,3,3,2585.0,9.2,484,6,6,413725,3386605,486,12,14,-111.0
603601,413380.0,3386545.0,30,220,3,3,2585.0,9.2,484,6,6,413685,3386565,485,0,6,-105.46
603601,413380.0,3386545.0,30,220,3,3,2585.0,9.2,484,6,6,413710,3386600,486,0,14,-111.0
603601,413380.0,3386545.0,30,220,3,3,2585.0,9.2,484,6,6,413605,3386645,485,0,5,-109.5
603601,413380.0,3386545.0,30,220,3,3,2585.0,9.2,484,6,6,413690,3386580,485,0,5,-104.33
603601,413380.0,3386545.0,30,220,3,3,2585.0,9.2,484,6,6,413680,3386570,485,0,6,-104.64
603601,413380.0,3386545.0,30,220,3,3,2585.0,9.2,484,6,6,413695,3386575,485,12,5,-105.67
603601,413380.0,3386545.0,30,220,3,3,2585.0,9.2,484,6,6,413690,3386630,486,0,5,-107.67
603601,413380.0,3386545.0,30,220,3,3,2585.0,9.2,484,6,6,413740,3386580,485,12,5,-111.5
603601,413380.0,3386545.0,30,220,3,3,2585.0,9.2,484,6,6,413730,3386590,485,0,5,-108.67
603601,413380.0,3386545.0,30,220,3,3,2585.0,9.2,484,6,6,413715,3386605,486,0,14,-111.33
603601,413380.0,3386545.0,30,220,3,3,2585.0,9.2,484,6,6,413725,3386595,486,0,5,-111.8
603601,413380.0,3386545.0,30,220,3,3,2585.0,9.2,484,6,6,413720,3386600,486,12,14,-112.5
603601,413380.0,3386545.0,30,220,3,3,2585.0,9.2,484,6,6,413680,3386640,486,0,6,-109.13
603601,413380.0,3386545.0,30,220,3,3,2585.0,9.2,484,6,6,413615,3386705,485,0,5,-103.5
603601,413380.0,3386545.0,30,220,3,3,2585.0,9.2,484,6,6,413675,3386645,486,0,6,-95.0
603601,413380.0,3386545.0,30,220,3,3,2585.0,9.2,484,6,6,413620,3386700,485,0,5,-94.0
603601,413380.0,3386545.0,30,220,3,3,2585.0,9.2,484,6,6,413280,3386155,489,0,5,-92.0
603601,413380.0,3386545.0,30,220,3,3,2585.0,9.2,484,6,6,413260,3386015,491,0,5,-83.0
603601,413380.0,3386545.0,30,220,3,3,2585.0,9.2,484,6,6,413305,3386140,489,0,6,-89.5
603601,413380.0,3386545.0,30,220,3,3,2585.0,9.2,484,6,6,413295,3386150,489,0,6,-97.67
603601,413380.0,3386545.0,30,220,3,3,2585.0,9.2,484,6,6,413300,3386135,489,0,6,-109.5
603601,413380.0,3386545.0,30,220,3,3,2585.0,9.2,484,6,6,413285,3386160,489,0,6,-90.5
603601,413380.0,3386545.0,30,220,3,3,2585.0,9.2,484,6,6,413155,3386520,485,0,5,-81.5
603601,413380.0,3386545.0,30,220,3,3,2585.0,9.2,484,6,6,413165,3386530,485,0,5,-92.5
603601,413380.0,3386545.0,30,220,3,3,2585.0,9.2,484,6,6,413420,3386305,486,23,5,-91.0
603601,413380.0,3386545.0,30,220,3,3,2585.0,9.2,484,6,6,413305,3386350,488,0,6,-100.0
603601,413380.0,3386545.0,30,220,3,3,2585.0,9.2,484,6,6,413160,3386525,485,0,5,-89.0
603601,413380.0,3386545.0,30,220,3,3,2585.0,9.2,484,6,6,413430,3386315,486,23,5,-91.25
603601,413380.0,3386545.0,30,220,3,3,2585.0,9.2,484,6,6,413425,3386310,486,23,5,-94.0
603601,413380.0,3386545.0,30,220,3,3,2585.0,9.2,484,6,6,413415,3386300,486,23,5,-92.2
603601,413380.0,3386545.0,30,220,3,3,2585.0,9.2,484,6,6,413280,3386185,490,0,5,-89.33
603601,413380.0,3386545.0,30,220,3,3,2585.0,9.2,484,6,6,413265,3385970,492,0,5,-87.75
603601,413380.0,3386545.0,30,220,3,3,2585.0,9.2,484,6,6,413305,3386170,489,0,6,-92.21
603601,413380.0,3386545.0,30,220,3,3,2585.0,9.2,484,6,6,413310,3386175,489,0,5,-94.33
603601,413380.0,3386545.0,30,220,3,3,2585.0,9.2,484,6,6,413300,3386165,489,0,6,-96.0
603601,413380.0,3386545.0,30,220,3,3,2585.0,9.2,484,6,6,413290,3386195,489,0,6,-94.0
603601,413380.0,3386545.0,30,220,3,3,2585.0,9.2,484,6,6,413280,3386070,490,0,5,-90.0
603601,413380.0,3386545.0,30,220,3,3,2585.0,9.2,484,6,6,413275,3386095,490,0,5,-98.5
603601,413380.0,3386545.0,30,220,3,3,2585.0,9.2,484,6,6,413630,3386395,487,0,12,-111.0
603601,413380.0,3386545.0,30,220,3,3,2585.0,9.2,484,6,6,413635,3386400,487,0,12,-112.5
603601,413380.0,3386545.0,30,220,3,3,2585.0,9.2,484,6,6,413615,3386380,487,0,5,-100.0
603601,413380.0,3386545.0,30,220,3,3,2585.0,9.2,484,6,6,413495,3386500,485,0,5,-86.33
603601,413380.0,3386545.0,30,220,3,3,2585.0,9.2,484,6,6,413510,3386515,484,18,5,-93.5
603601,413380.0,3386545.0,30,220,3,3,2585.0,9.2,484,6,6,413460,3386545,483,0,6,-82.17
603601,413380.0,3386545.0,30,220,3,3,2585.0,9.2,484,6,6,413535,3386460,486,0,5,-77.5
603601,413380.0,3386545.0,30,220,3,3,2585.0,9.2,484,6,6,413475,3386560,483,18,5,-102.67
603601,413380.0,3386545.0,30,220,3,3,2585.0,9.2,484,6,6,413490,3386495,485,0,5,-81.45
603601,413380.0,3386545.0,30,220,3,3,2585.0,9.2,484,6,6,413445,3386530,484,18,6,-89.0
603601,413380.0,3386545.0,30,220,3,3,2585.0,9.2,484,6,6,413530,3386455,486,0,5,-73.0
603601,413380.0,3386545.0,30,220,3,3,2585.0,9.2,484,6,6,413485,3386490,485,0,5,-80.37
603601,413380.0,3386545.0,30,220,3,3,2585.0,9.2,484,6,6,413555,3386480,485,0,5,-84.48
603601,413380.0,3386545.0,30,220,3,3,2585.0,9.2,484,6,6,413550,3386475,485,0,5,-82.46
603601,413380.0,3386545.0,30,220,3,3,2585.0,9.2,484,6,6,413480,3386485,486,0,5,-80.4
603601,413380.0,3386545.0,30,220,3,3,2585.0,9.2,484,6,6,413540,3386465,485,0,5,-79.33
603601,413380.0,3386545.0,30,220,3,3,2585.0,9.2,484,6,6,413545,3386470,485,0,5,-83.43
603601,413380.0,3386545.0,30,220,3,3,2585.0,9.2,484,6,6,413500,3386505,485,18,5,-83.0
603601,413380.0,3386545.0,30,220,3,3,2585.0,9.2,484,6,6,413515,3386435,486,0,5,-79.0
603601,413380.0,3386545.0,30,220,3,3,2585.0,9.2,484,6,6,413560,3386490,485,0,5,-77.25
603601,413380.0,3386545.0,30,220,3,3,2585.0,9.2,484,6,6,413565,3386485,485,0,5,-83.0
603601,413380.0,3386545.0,30,220,3,3,2585.0,9.2,484,6,6,413475,3386475,486,0,5,-79.9
603601,413380.0,3386545.0,30,220,3,3,2585.0,9.2,484,6,6,413470,3386480,486,0,5,-79.43
603601,413380.0,3386545.0,30,220,3,3,2585.0,9.2,484,6,6,413510,3386210,487,0,12,-107.0
603601,413380.0,3386545.0,30,220,3,3,2585.0,9.2,484,6,6,413485,3386235,487,20,5,-102.67
603601,413380.0,3386545.0,30,220,3,3,2585.0,9.2,484,6,6,413490,3386230,487,0,5,-110.0
603601,413380.0,3386545.0,30,220,3,3,2585.0,9.2,484,6,6,413260,3385980,492,0,5,-87.0
603601,413380.0,3386545.0,30,220,3,3,2585.0,9.2,484,6,6,413270,3385970,492,0,5,-91.0
603601,413380.0,3386545.0,30,220,3,3,2585.0,9.2,484,6,6,413310,3386170,489,0,5,-94.78
603601,413380.0,3386545.0,30,220,3,3,2585.0,9.2,484,6,6,413305,3386175,489,0,6,-93.38
603601,413380.0,3386545.0,30,220,3,3,2585.0,9.2,484,6,6,413300,3386180,489,0,6,-94.43
603601,413380.0,3386545.0,30,220,3,3,2585.0,9.2,484,6,6,413295,3386185,489,0,6,-93.43
603601,413380.0,3386545.0,30,220,3,3,2585.0,9.2,484,6,6,413265,3385975,492,0,5,-91.2
603601,413380.0,3386545.0,30,220,3,3,2585.0,9.2,484,6,6,413705,3386565,485,12,14,-109.67
603601,413380.0,3386545.0,30,220,3,3,2585.0,9.2,484,6,6,413685,3386585,485,0,6,-108.25
603601,413380.0,3386545.0,30,220,3,3,2585.0,9.2,484,6,6,413875,3386415,490,0,5,-96.5
603601,413380.0,3386545.0,30,220,3,3,2585.0,9.2,484,6,6,413695,3386595,485,0,5,-110.5
603601,413380.0,3386545.0,30,220,3,3,2585.0,9.2,484,6,6,413690,3386600,485,0,5,-105.6
603601,413380.0,3386545.0,30,220,3,3,2585.0,9.2,484,6,6,413640,3386710,485,0,5,-106.0
603601,413380.0,3386545.0,30,220,3,3,2585.0,9.2,484,6,6,413680,3386590,485,0,6,-107.56
603601,413380.0,3386545.0,30,220,3,3,2585.0,9.2,484,6,6,413700,3386570,485,12,14,-111.17
603601,413380.0,3386545.0,30,220,3,3,2585.0,9.2,484,6,6,413790,3386455,486,12,5,-91.5
603601,413380.0,3386545.0,30,220,3,3,2585.0,9.2,484,6,6,413835,3386420,488,0,5,-94.5
603601,413380.0,3386545.0,30,220,3,3,2585.0,9.2,484,6,6,413600,3386625,485,18,5,-110.83
603601,413380.0,3386545.0,30,220,3,3,2585.0,9.2,484,6,6,413605,3386630,485,0,14,-111.5
603601,413380.0,3386545.0,30,220,3,3,2585.0,9.2,484,6,6,413660,3386565,484,0,7,-110.0
603601,413380.0,3386545.0,30,220,3,3,2585.0,9.2,484,6,6,413670,3386575,485,0,6,-103.5
603601,413380.0,3386545.0,30,220,3,3,2585.0,9.2,484,6,6,413675,3386580,485,0,6,-117.5
603601,413380.0,3386545.0,30,220,3,3,2585.0,9.2,484,6,6,413430,3386295,486,0,5,-91.0
603601,413380.0,3386545.0,30,220,3,3,2585.0,9.2,484,6,6,413420,3386285,487,0,5,-99.0
603601,413380.0,3386545.0,30,220,3,3,2585.0,9.2,484,6,6,413415,3386320,487,23,5,-89.67
603601,413380.0,3386545.0,30,220,3,3,2585.0,9.2,484,6,6,413405,3386310,487,0,5,-92.5
603601,413380.0,3386545.0,30,220,3,3,2585.0,9.2,484,6,6,413435,3386300,486,23,5,-90.25
603601,413380.0,3386545.0,30,220,3,3,2585.0,9.2,484,6,6,413180,3386525,485,0,5,-89.0
603601,413380.0,3386545.0,30,220,3,3,2585.0,9.2,484,6,6,413300,3386325,488,0,6,-95.5
603601,413380.0,3386545.0,30,220,3,3,2585.0,9.2,484,6,6,413135,3386520,485,0,5,-87.5
603601,413380.0,3386545.0,30,220,3,3,2585.0,9.2,484,6,6,413130,3386515,485,0,5,-89.2
603601,413380.0,3386545.0,30,220,3,3,2585.0,9.2,484,6,6,413190,3386535,485,0,5,-95.5
603601,413380.0,3386545.0,30,220,3,3,2585.0,9.2,484,6,6,413410,3386315,487,23,5,-95.0
603601,413380.0,3386545.0,30,220,3,3,2585.0,9.2,484,6,6,413555,3386575,483,0,5,-109.5
603601,413380.0,3386545.0,30,220,3,3,2585.0,9.2,484,6,6,413545,3386565,483,0,5,-109.0
603601,413380.0,3386545.0,30,220,3,3,2585.0,9.2,484,6,6,413575,3386635,485,0,14,-107.0
603601,413380.0,3386545.0,30,220,3,3,2585.0,9.2,484,6,6,413530,3386600,484,0,14,-104.94
603601,413380.0,3386545.0,30,220,3,3,2585.0,9.2,484,6,6,413535,3386595,484,0,14,-105.17
603601,413380.0,3386545.0,30,220,3,3,2585.0,9.2,484,6,6,413570,3386640,485,0,5,-111.67
603601,413380.0,3386545.0,30,220,3,3,2585.0,9.2,484,6,6,413560,3386630,485,18,5,-106.67
603601,413380.0,3386545.0,30,220,3,3,2585.0,9.2,484,6,6,413550,3386580,484,0,5,-107.8
603601,413380.0,3386545.0,30,220,3,3,2585.0,9.2,484,6,6,413525,3386585,483,18,5,-106.88
603601,413380.0,3386545.0,30,220,3,3,2585.0,9.2,484,6,6,413565,3386625,485,18,5,-104.75
603601,413380.0,3386545.0,30,220,3,3,2585.0,9.2,484,6,6,413520,3386590,483,18,5,-104.44
603601,413380.0,3386545.0,30,220,3,3,2585.0,9.2,484,6,6,413585,3386605,484,0,5,-111.5
603601,413380.0,3386545.0,30,220,3,3,2585.0,9.2,484,6,6,413590,3386620,485,18,5,-107.5
603601,413380.0,3386545.0,30,220,3,3,2585.0,9.2,484,6,6,413255,3385995,492,0,5,-92.5
603601,413380.0,3386545.0,30,220,3,3,2585.0,9.2,484,6,6,413260,3385970,492,0,5,-94.5
603601,413380.0,3386545.0,30,220,3,3,2585.0,9.2,484,6,6,413285,3386185,489,0,6,-89.5
603601,413380.0,3386545.0,30,220,3,3,2585.0,9.2,484,6,6,413310,3386180,489,0,5,-94.27
603601,413380.0,3386545.0,30,220,3,3,2585.0,9.2,484,6,6,413300,3386170,489,0,6,-96.0
603601,413380.0,3386545.0,30,220,3,3,2585.0,9.2,484,6,6,413305,3386165,489,0,6,-92.89
603601,413380.0,3386545.0,30,220,3,3,2585.0,9.2,484,6,6,413315,3386175,489,0,5,-90.5
603601,413380.0,3386545.0,30,220,3,3,2585.0,9.2,484,6,6,413265,3385965,492,0,5,-90.83
603601,413380.0,3386545.0,30,220,3,3,2585.0,9.2,484,6,6,413295,3386195,489,0,6,-94.67
603601,413380.0,3386545.0,30,220,3,3,2585.0,9.2,484,6,6,413260,3386495,486,0,5,-80.0
603601,413380.0,3386545.0,30,220,3,3,2585.0,9.2,484,6,6,413230,3386525,485,0,5,-95.5
603601,413380.0,3386545.0,30,220,3,3,2585.0,9.2,484,6,6,413265,3386500,486,0,5,-120.67
603601,413380.0,3386545.0,30,220,3,3,2585.0,9.2,484,6,6,413240,3386515,486,0,5,-81.33
603601,413380.0,3386545.0,30,220,3,3,2585.0,9.2,484,6,6,413245,3386520,485,0,5,-84.0
603601,413380.0,3386545.0,30,220,3,3,2585.0,9.2,484,6,6,413255,3386510,486,0,5,-89.92
603601,413380.0,3386545.0,30,220,3,3,2585.0,9.2,484,6,6,413250,3386505,486,0,5,-84.5
603601,413380.0,3386545.0,30,220,3,3,2585.0,9.2,484,6,6,413275,3386490,487,0,5,-85.67
603601,413380.0,3386545.0,30,220,3,3,2585.0,9.2,484,6,6,413310,3386285,488,0,5,-92.0
603601,413380.0,3386545.0,30,220,3,3,2585.0,9.2,484,6,6,413420,3386335,487,23,5,-92.0
603601,413380.0,3386545.0,30,220,3,3,2585.0,9.2,484,6,6,413740,3386455,485,0,5,-92.67
603601,413380.0,3386545.0,30,220,3,3,2585.0,9.2,484,6,6,413730,3386465,485,0,5,-100.5
603601,413380.0,3386545.0,30,220,3,3,2585.0,9.2,484,6,6,413630,3386485,485,0,5,-75.75
603601,413380.0,3386545.0,30,220,3,3,2585.0,9.2,484,6,6,413745,3386460,485,0,5,-87.33
603601,413380.0,3386545.0,30,220,3,3,2585.0,9.2,484,6,6,413675,3386530,485,0,6,-91.5
603601,413380.0,3386545.0,30,220,3,3,2585.0,9.2,484,6,6,413755,3386450,486,0,5,-90.0
603601,413380.0,3386545.0,30,220,3,3,2585.0,9.2,484,6,6,413665,3386540,484,0,5,-101.0
603601,413380.0,3386545.0,30,220,3,3,2585.0,9.2,484,6,6,413680,3386435,486,0,6,-85.25
603601,413380.0,3386545.0,30,220,3,3,2585.0,9.2,484,6,6,413670,3386510,485,0,7,-95.8
603601,413380.0,3386545.0,30,220,3,3,2585.0,9.2,484,6,6,413715,3386465,485,0,5,-88.25
603601,413380.0,3386545.0,30,220,3,3,2585.0,9.2,484,6,6,413710,3386470,484,0,5,-82.73
603601,413380.0,3386545.0,30,220,3,3,2585.0,9.2,484,6,6,413630,3386550,484,0,7,-104.64
603601,413380.0,3386545.0,30,220,3,3,2585.0,9.2,484,6,6,413750,3386430,486,0,5,-94.43
603601,413380.0,3386545.0,30,220,3,3,2585.0,9.2,484,6,6,413700,3386480,484,0,5,-80.25
603601,413380.0,3386545.0,30,220,3,3,2585.0,9.2,484,6,6,413680,3386460,485,0,5,-89.0
603601,413380.0,3386545.0,30,220,3,3,2585.0,9.2,484,6,6,413695,3386445,485,0,5,-89.33
603601,413380.0,3386545.0,30,220,3,3,2585.0,9.2,484,6,6,413740,3386440,486,0,5,-91.88
603601,413380.0,3386545.0,30,220,3,3,2585.0,9.2,484,6,6,413690,3386450,485,0,5,-83.67
603601,413380.0,3386545.0,30,220,3,3,2585.0,9.2,484,6,6,413745,3386435,486,0,5,-92.0
603601,413380.0,3386545.0,30,220,3,3,2585.0,9.2,484,6,6,413705,3386475,484,0,5,-85.61
603601,413380.0,3386545.0,30,220,3,3,2585.0,9.2,484,6,6,413655,3386485,485,0,5,-89.0
603601,413380.0,3386545.0,30,220,3,3,2585.0,9.2,484,6,6,413645,3386495,485,0,5,-99.5
603601,413380.0,3386545.0,30,220,3,3,2585.0,9.2,484,6,6,413675,3386505,484,0,6,-96.75
603601,413380.0,3386545.0,30,220,3,3,2585.0,9.2,484,6,6,413685,3386455,485,0,5,-88.0
603601,413380.0,3386545.0,30,220,3,3,2585.0,9.2,484,6,6,413275,3386170,489,0,5,-88.83
603601,413380.0,3386545.0,30,220,3,3,2585.0,9.2,484,6,6,413365,3386485,485,0,5,-77.5
603601,413380.0,3386545.0,30,220,3,3,2585.0,9.2,484,6,6,413405,3386525,484,18,5,-90.0
603601,413380.0,3386545.0,30,220,3,3,2585.0,9.2,484,6,6,413430,3386560,483,18,6,-92.33
603601,413380.0,3386545.0,30,220,3,3,2585.0,9.2,484,6,6,413345,3386465,486,0,5,-89.5
603601,413380.0,3386545.0,30,220,3,3,2585.0,9.2,484,6,6,413435,3386555,483,18,6,-81.0
603601,413380.0,3386545.0,30,220,3,3,2585.0,9.2,484,6,6,413390,3386520,484,0,5,-83.5
603601,413380.0,3386545.0,30,220,3,3,2585.0,9.2,484,6,6,413380,3386510,485,0,5,-76.69
603601,413380.0,3386545.0,30,220,3,3,2585.0,9.2,484,6,6,413385,3386505,485,0,5,-74.95
603601,413380.0,3386545.0,30,220,3,3,2585.0,9.2,484,6,6,413370,3386500,485,0,5,-77.67
603601,413380.0,3386545.0,30,220,3,3,2585.0,9.2,484,6,6,413315,3386435,487,0,6,-128.25
603601,413380.0,3386545.0,30,220,3,3,2585.0,9.2,484,6,6,413420,3386550,483,0,6,-91.83
603601,413380.0,3386545.0,30,220,3,3,2585.0,9.2,484,6,6,413375,3386495,485,0,5,-79.17
603601,413380.0,3386545.0,30,220,3,3,2585.0,9.2,484,6,6,413360,3386490,485,0,5,-85.5
603601,413380.0,3386545.0,30,220,3,3,2585.0,9.2,484,6,6,413395,3386515,485,0,5,-77.82
603601,413380.0,3386545.0,30,220,3,3,2585.0,9.2,484,6,6,413410,3386540,484,0,6,-83.0
603601,413380.0,3386545.0,30,220,3,3,2585.0,9.2,484,6,6,413415,3386535,484,18,6,-104.33
603601,413380.0,3386545.0,30,220,3,3,2585.0,9.2,484,6,6,413425,3386545,483,0,6,-89.75
603601,413380.0,3386545.0,30,220,3,3,2585.0,9.2,484,6,6,413230,3386295,487,0,5,-104.67
603601,413380.0,3386545.0,30,220,3,3,2585.0,9.2,484,6,6,413345,3386490,485,0,5,-85.0
603601,413380.0,3386545.0,30,220,3,3,2585.0,9.2,484,6,6,413355,3386500,485,0,5,-92.63
603601,413380.0,3386545.0,30,220,3,3,2585.0,9.2,484,6,6,413325,3386510,485,0,6,-98.17
603601,413380.0,3386545.0,30,220,3,3,2585.0,9.2,484,6,6,413330,3386515,485,0,6,-101.21
603601,413380.0,3386545.0,30,220,3,3,2585.0,9.2,484,6,6,413320,3386505,485,0,6,-106.0
603601,413380.0,3386545.0,30,220,3,3,2585.0,9.2,484,6,6,413335,3386520,485,0,6,-81.5
603601,413380.0,3386545.0,30,220,3,3,2585.0,9.2,484,6,6,413350,3386495,485,0,5,-82.2
603601,413380.0,3386545.0,30,220,3,3,2585.0,9.2,484,6,6,413305,3386530,485,0,6,-128.5
603601,413380.0,3386545.0,30,220,3,3,2585.0,9.2,484,6,6,413415,3386285,487,0,5,-95.5
603601,413380.0,3386545.0,30,220,3,3,2585.0,9.2,484,6,6,413430,3386310,486,23,5,-90.71
603601,413380.0,3386545.0,30,220,3,3,2585.0,9.2,484,6,6,413145,3386515,485,0,5,-87.2
603601,413380.0,3386545.0,30,220,3,3,2585.0,9.2,484,6,6,413420,3386320,487,23,5,-91.86
603601,413380.0,3386545.0,30,220,3,3,2585.0,9.2,484,6,6,413435,3386305,486,23,5,-89.5
603601,413380.0,3386545.0,30,220,3,3,2585.0,9.2,484,6,6,413425,3386315,486,23,5,-96.23
603601,413380.0,3386545.0,30,220,3,3,2585.0,9.2,484,6,6,413160,3386540,484,0,5,-88.25
603601,413380.0,3386545.0,30,220,3,3,2585.0,9.2,484,6,6,413360,3386480,485,0,5,-75.5
603601,413380.0,3386545.0,30,220,3,3,2585.0,9.2,484,6,6,413225,3386295,487,0,5,-103.0
603601,413380.0,3386545.0,30,220,3,3,2585.0,9.2,484,6,6,413340,3386500,485,0,5,-85.6
603601,413380.0,3386545.0,30,220,3,3,2585.0,9.2,484,6,6,413335,3386505,485,0,6,-87.75
603601,413380.0,3386545.0,30,220,3,3,2585.0,9.2,484,6,6,413330,3386510,485,0,6,-96.0
603601,413380.0,3386545.0,30,220,3,3,2585.0,9.2,484,6,6,413350,3386490,485,0,5,-82.6
603601,413380.0,3386545.0,30,220,3,3,2585.0,9.2,484,6,6,413325,3386515,485,0,6,-92.14
603601,413380.0,3386545.0,30,220,3,3,2585.0,9.2,484,6,6,413345,3386495,485,0,5,-124.17
603601,413380.0,3386545.0,30,220,3,3,2585.0,9.2,484,6,6,413320,3386520,485,0,6,-116.33
603601,413380.0,3386545.0,30,220,3,3,2585.0,9.2,484,6,6,413275,3386115,489,0,5,-91.43
603601,413380.0,3386545.0,30,220,3,3,2585.0,9.2,484,6,6,413705,3386600,486,0,14,-108.0
603601,413380.0,3386545.0,30,220,3,3,2585.0,9.2,484,6,6,413680,3386575,485,0,6,-105.2
603601,413380.0,3386545.0,30,220,3,3,2585.0,9.2,484,6,6,413845,3386420,489,0,5,-87.0
603601,413380.0,3386545.0,30,220,3,3,2585.0,9.2,484,6,6,413685,3386580,485,0,6,-108.4
603601,413380.0,3386545.0,30,220,3,3,2585.0,9.2,484,6,6,413695,3386570,485,0,5,-105.2
603601,413380.0,3386545.0,30,220,3,3,2585.0,9.2,484,6,6,413610,3386645,485,0,5,-111.5
603601,413380.0,3386545.0,30,220,3,3,2585.0,9.2,484,6,6,413690,3386565,485,0,5,-106.56
603601,413380.0,3386545.0,30,220,3,3,2585.0,9.2,484,6,6,413640,3386695,485,0,5,-102.0
603601,413380.0,3386545.0,30,220,3,3,2585.0,9.2,484,6,6,413700,3386595,485,0,5,-107.0
603601,413380.0,3386545.0,30,220,3,3,2585.0,9.2,484,6,6,413615,3386615,485,0,5,-113.5
603601,413380.0,3386545.0,30,220,3,3,2585.0,9.2,484,6,6,413640,3386570,484,18,5,-105.5
603601,413380.0,3386545.0,30,220,3,3,2585.0,9.2,484,6,6,413670,3386600,485,0,6,-107.67
603601,413380.0,3386545.0,30,220,3,3,2585.0,9.2,484,6,6,413675,3386595,485,0,6,-108.57
603601,413380.0,3386545.0,30,220,3,3,2585.0,9.2,484,6,6,413825,3386425,488,0,5,-91.0
603601,413380.0,3386545.0,30,220,3,3,2585.0,9.2,484,6,6,413605,3386605,484,0,5,-110.2
603601,413380.0,3386545.0,30,220,3,3,2585.0,9.2,484,6,6,413665,3386585,485,0,5,-110.5
603601,413380.0,3386545.0,30,220,3,3,2585.0,9.2,484,6,6,413830,3386440,488,0,5,-90.5
603601,413380.0,3386545.0,30,220,3,3,2585.0,9.2,484,6,6,413600,3386610,484,18,5,-106.63
603601,413380.0,3386545.0,30,220,3,3,2585.0,9.2,484,6,6,413765,3386445,486,0,5,-89.0
603601,413380.0,3386545.0,30,220,3,3,2585.0,9.2,484,6,6,413365,3386480,485,0,5,-78.5
603601,413380.0,3386545.0,30,220,3,3,2585.0,9.2,484,6,6,413345,3386500,485,0,5,-100.0
603601,413380.0,3386545.0,30,220,3,3,2585.0,9.2,484,6,6,413310,3386525,485,0,6,-84.5
603601,413380.0,3386545.0,30,220,3,3,2585.0,9.2,484,6,6,413340,3386495,485,0,5,-112.0
603601,413380.0,3386545.0,30,220,3,3,2585.0,9.2,484,6,6,413335,3386510,485,0,6,-92.17
603601,413380.0,3386545.0,30,220,3,3,2585.0,9.2,484,6,6,413320,3386515,485,0,6,-85.4
603601,413380.0,3386545.0,30,220,3,3,2585.0,9.2,484,6,6,413325,3386520,485,0,6,-104.25
603601,413380.0,3386545.0,30,220,3,3,2585.0,9.2,484,6,6,413330,3386505,485,0,6,-98.5
603601,413380.0,3386545.0,30,220,3,3,2585.0,9.2,484,6,6,413225,3386300,487,0,5,-103.5
603601,413380.0,3386545.0,30,220,3,3,2585.0,9.2,484,6,6,413355,3386490,485,0,5,-92.67
603601,413380.0,3386545.0,30,220,3,3,2585.0,9.2,484,6,6,413435,3386525,484,18,5,-80.5
603601,413380.0,3386545.0,30,220,3,3,2585.0,9.2,484,6,6,413320,3386480,486,0,6,-93.5
603601,413380.0,3386545.0,30,220,3,3,2585.0,9.2,484,6,6,413325,3386475,486,0,6,-103.0
603601,413380.0,3386545.0,30,220,3,3,2585.0,9.2,484,6,6,413410,3386550,483,0,6,-103.83
603601,413380.0,3386545.0,30,220,3,3,2585.0,9.2,484,6,6,413365,3386515,485,0,5,-78.27
603601,413380.0,3386545.0,30,220,3,3,2585.0,9.2,484,6,6,413405,3386555,483,0,6,-102.89
603601,413380.0,3386545.0,30,220,3,3,2585.0,9.2,484,6,6,413400,3386560,483,18,6,-94.57
603601,413380.0,3386545.0,30,220,3,3,2585.0,9.2,484,6,6,413415,3386545,484,0,6,-92.0
603601,413380.0,3386545.0,30,220,3,3,2585.0,9.2,484,6,6,413385,3386495,485,0,5,-77.74
603601,413380.0,3386545.0,30,220,3,3,2585.0,9.2,484,6,6,413395,3386485,485,0,5,-70.67
603601,413380.0,3386545.0,30,220,3,3,2585.0,9.2,484,6,6,413390,3386490,485,0,5,-77.08
603601,413380.0,3386545.0,30,220,3,3,2585.0,9.2,484,6,6,413375,3386505,485,0,5,-78.28
603601,413380.0,3386545.0,30,220,3,3,2585.0,9.2,484,6,6,413370,3386510,485,0,5,-74.83
603601,413380.0,3386545.0,30,220,3,3,2585.0,9.2,484,6,6,413360,3386520,485,0,5,-79.56
603601,413380.0,3386545.0,30,220,3,3,2585.0,9.2,484,6,6,413380,3386500,485,0,5,-78.19
603601,413380.0,3386545.0,30,220,3,3,2585.0,9.2,484,6,6,413755,3386465,485,12,5,-90.5
603601,413380.0,3386545.0,30,220,3,3,2585.0,9.2,484,6,6,413670,3386550,484,0,6,-103.67
603601,413380.0,3386545.0,30,220,3,3,2585.0,9.2,484,6,6,413725,3386455,485,0,5,-86.2
603601,413380.0,3386545.0,30,220,3,3,2585.0,9.2,484,6,6,413675,3386545,485,0,6,-95.71
603601,413380.0,3386545.0,30,220,3,3,2585.0,9.2,484,6,6,413735,3386445,486,0,5,-96.0
603601,413380.0,3386545.0,30,220,3,3,2585.0,9.2,484,6,6,413705,3386435,486,0,5,-90.0
603601,413380.0,3386545.0,30,220,3,3,2585.0,9.2,484,6,6,413720,3386460,485,0,5,-92.0
603601,413380.0,3386545.0,30,220,3,3,2585.0,9.2,484,6,6,413700,3386440,485,0,5,-89.2
603601,413380.0,3386545.0,30,220,3,3,2585.0,9.2,484,6,6,413615,3386485,485,0,5,-88.0
603601,413380.0,3386545.0,30,220,3,3,2585.0,9.2,484,6,6,413280,3386110,490,0,5,-96.0
603601,413380.0,3386545.0,30,220,3,3,2585.0,9.2,484,6,6,413290,3386120,489,0,6,-95.33
603601,413380.0,3386545.0,30,220,3,3,2585.0,9.2,484,6,6,413285,3386105,490,0,6,-93.0
603601,413380.0,3386545.0,30,220,3,3,2585.0,9.2,484,6,6,413295,3386115,489,0,6,-92.22
603601,413380.0,3386545.0,30,220,3,3,2585.0,9.2,484,6,6,413275,3386055,491,0,5,-81.0
603601,413380.0,3386545.0,30,220,3,3,2585.0,9.2,484,6,6,413230,3386520,485,0,5,-80.33
603601,413380.0,3386545.0,30,220,3,3,2585.0,9.2,484,6,6,413305,3386265,489,0,6,-93.0
603601,413380.0,3386545.0,30,220,3,3,2585.0,9.2,484,6,6,413235,3386515,485,0,5,-91.25
603601,413380.0,3386545.0,30,220,3,3,2585.0,9.2,484,6,6,413295,3386255,489,0,6,-91.5
603601,413380.0,3386545.0,30,220,3,3,2585.0,9.2,484,6,6,413220,3386510,486,0,5,-85.63
603601,413380.0,3386545.0,30,220,3,3,2585.0,9.2,484,6,6,413225,3386505,486,0,5,-83.67
603601,413380.0,3386545.0,30,220,3,3,2585.0,9.2,484,6,6,413210,3386500,486,0,5,-82.5
603601,413380.0,3386545.0,30,220,3,3,2585.0,9.2,484,6,6,413450,3386210,487,0,12,-94.5
603601,413380.0,3386545.0,30,220,3,3,2585.0,9.2,484,6,6,413445,3386215,487,0,12,-98.5
603601,413380.0,3386545.0,30,220,3,3,2585.0,9.2,484,6,6,413475,3386225,487,0,5,-107.0
603601,413380.0,3386545.0,30,220,3,3,2585.0,9.2,484,6,6,413230,3386300,487,0,5,-104.0
603601,413380.0,3386545.0,30,220,3,3,2585.0,9.2,484,6,6,413350,3386500,485,0,5,-90.38
603601,413380.0,3386545.0,30,220,3,3,2585.0,9.2,484,6,6,413325,3386505,485,0,6,-94.0
603601,413380.0,3386545.0,30,220,3,3,2585.0,9.2,484,6,6,413340,3386490,485,0,5,-95.5
603601,413380.0,3386545.0,30,220,3,3,2585.0,9.2,484,6,6,413335,3386515,485,0,6,-87.67
603601,413380.0,3386545.0,30,220,3,3,2585.0,9.2,484,6,6,413330,3386520,485,0,6,-108.78
603601,413380.0,3386545.0,30,220,3,3,2585.0,9.2,484,6,6,413355,3386495,485,0,5,-82.0
603601,413380.0,3386545.0,30,220,3,3,2585.0,9.2,484,6,6,413320,3386510,485,0,6,-112.5
603601,413380.0,3386545.0,30,220,3,3,2585.0,9.2,484,6,6,413305,3386525,485,0,6,-114.0
603601,413380.0,3386545.0,30,220,3,3,2585.0,9.2,484,6,6,413405,3386325,487,0,5,-87.67
603601,413380.0,3386545.0,30,220,3,3,2585.0,9.2,484,6,6,413255,3386495,486,0,5,-85.0
603601,413380.0,3386545.0,30,220,3,3,2585.0,9.2,484,6,6,413270,3386520,486,0,5,-140.0
603601,413380.0,3386545.0,30,220,3,3,2585.0,9.2,484,6,6,413260,3386510,486,0,5,-84.29
603601,413380.0,3386545.0,30,220,3,3,2585.0,9.2,484,6,6,413300,3386310,489,0,6,-96.0
603601,413380.0,3386545.0,30,220,3,3,2585.0,9.2,484,6,6,413265,3386505,486,0,5,-90.5
603601,413380.0,3386545.0,30,220,3,3,2585.0,9.2,484,6,6,413275,3386515,486,0,5,-93.0
603601,413380.0,3386545.0,30,220,3,3,2585.0,9.2,484,6,6,413250,3386500,486,0,5,-80.5
603601,413380.0,3386545.0,30,220,3,3,2585.0,9.2,484,6,6,413205,3386525,485,0,5,-86.5
603601,413380.0,3386545.0,30,220,3,3,2585.0,9.2,484,6,6,413420,3386350,487,23,12,-88.0
603601,413380.0,3386545.0,30,220,3,3,2585.0,9.2,484,6,6,413425,3386345,487,23,12,-111.5
603601,413380.0,3386545.0,30,220,3,3,2585.0,9.2,484,6,6,413710,3386575,485,12,14,-106.67
603601,413380.0,3386545.0,30,220,3,3,2585.0,9.2,484,6,6,413695,3386600,485,0,5,-109.17
603601,413380.0,3386545.0,30,220,3,3,2585.0,9.2,484,6,6,413685,3386590,485,0,6,-110.5
603601,413380.0,3386545.0,30,220,3,3,2585.0,9.2,484,6,6,413870,3386415,490,0,5,-98.5
603601,413380.0,3386545.0,30,220,3,3,2585.0,9.2,484,6,6,413690,3386595,485,0,5,-108.67
603601,413380.0,3386545.0,30,220,3,3,2585.0,9.2,484,6,6,413705,3386570,485,12,14,-105.67
603601,413380.0,3386545.0,30,220,3,3,2585.0,9.2,484,6,6,413680,3386585,485,0,6,-108.09
603601,413380.0,3386545.0,30,220,3,3,2585.0,9.2,484,6,6,413675,3386190,489,0,12,-112.5
603601,413380.0,3386545.0,30,220,3,3,2585.0,9.2,484,6,6,413360,3386215,487,0,5,-96.5
603601,413380.0,3386545.0,30,220,3,3,2585.0,9.2,484,6,6,413375,3386210,487,0,12,-100.75
603601,413380.0,3386545.0,30,220,3,3,2585.0,9.2,484,6,6,413290,3386125,489,0,6,-93.33
603601,413380.0,3386545.0,30,220,3,3,2585.0,9.2,484,6,6,413300,3386155,489,0,6,-94.83
603601,413380.0,3386545.0,30,220,3,3,2585.0,9.2,484,6,6,413285,3386140,489,0,6,-89.67
603601,413380.0,3386545.0,30,220,3,3,2585.0,9.2,484,6,6,413305,3386160,489,0,6,-90.5
603601,413380.0,3386545.0,30,220,3,3,2585.0,9.2,484,6,6,413295,3386130,489,0,6,-96.5
603601,413380.0,3386545.0,30,220,3,3,2585.0,9.2,484,6,6,413670,3386520,485,0,6,-99.5
603601,413380.0,3386545.0,30,220,3,3,2585.0,9.2,484,6,6,413660,3386510,485,0,7,-99.67
603601,413380.0,3386545.0,30,220,3,3,2585.0,9.2,484,6,6,413720,3386410,486,0,5,-95.5
603601,413380.0,3386545.0,30,220,3,3,2585.0,9.2,484,6,6,413665,3386505,485,0,6,-105.33
603601,413380.0,3386545.0,30,220,3,3,2585.0,9.2,484,6,6,413750,3386440,486,0,5,-91.0
603601,413380.0,3386545.0,30,220,3,3,2585.0,9.2,484,6,6,413610,3386540,484,0,5,-117.75
603601,413380.0,3386545.0,30,220,3,3,2585.0,9.2,484,6,6,413740,3386430,486,0,5,-95.33
603601,413380.0,3386545.0,30,220,3,3,2585.0,9.2,484,6,6,413675,3386515,484,0,6,-95.57
603601,413380.0,3386545.0,30,220,3,3,2585.0,9.2,484,6,6,413690,3386460,485,0,5,-85.33
603601,413380.0,3386545.0,30,220,3,3,2585.0,9.2,484,6,6,413695,3386455,485,0,5,-87.5
603601,413380.0,3386545.0,30,220,3,3,2585.0,9.2,484,6,6,413680,3386450,485,0,5,-88.17
603601,413380.0,3386545.0,30,220,3,3,2585.0,9.2,484,6,6,413755,3386435,486,0,5,-97.13
603601,413380.0,3386545.0,30,220,3,3,2585.0,9.2,484,6,6,413685,3386445,485,0,5,-86.93
603601,413380.0,3386545.0,30,220,3,3,2585.0,9.2,484,6,6,413700,3386470,484,0,5,-83.43
603601,413380.0,3386545.0,30,220,3,3,2585.0,9.2,484,6,6,413710,3386480,484,0,5,-91.0
603601,413380.0,3386545.0,30,220,3,3,2585.0,9.2,484,6,6,413705,3386465,485,0,5,-87.33
603601,413380.0,3386545.0,30,220,3,3,2585.0,9.2,484,6,6,413715,3386475,484,0,5,-89.0
603601,413380.0,3386545.0,30,220,3,3,2585.0,9.2,484,6,6,413620,3386550,484,0,7,-111.29
603601,413380.0,3386545.0,30,220,3,3,2585.0,9.2,484,6,6,413530,3386500,485,18,5,-84.0
603601,413380.0,3386545.0,30,220,3,3,2585.0,9.2,484,6,6,413535,3386495,485,0,5,-80.0
603601,413380.0,3386545.0,30,220,3,3,2585.0,9.2,484,6,6,413500,3386470,486,0,5,-81.4
603601,413380.0,3386545.0,30,220,3,3,2585.0,9.2,484,6,6,413515,3386475,485,0,5,-81.67
603601,413380.0,3386545.0,30,220,3,3,2585.0,9.2,484,6,6,413525,3386485,485,0,5,-84.69
603601,413380.0,3386545.0,30,220,3,3,2585.0,9.2,484,6,6,413510,3386480,485,0,5,-86.71
603601,413380.0,3386545.0,30,220,3,3,2585.0,9.2,484,6,6,413485,3386445,486,0,5,-83.0
603601,413380.0,3386545.0,30,220,3,3,2585.0,9.2,484,6,6,413480,3386450,486,0,5,-83.4
603601,413380.0,3386545.0,30,220,3,3,2585.0,9.2,484,6,6,413520,3386490,485,0,5,-83.2
603601,413380.0,3386545.0,30,220,3,3,2585.0,9.2,484,6,6,413655,3386560,484,0,7,-95.33
603601,413380.0,3386545.0,30,220,3,3,2585.0,9.2,484,6,6,413645,3386550,484,0,7,-107.5
603601,413380.0,3386545.0,30,220,3,3,2585.0,9.2,484,6,6,413670,3386535,484,0,6,-101.67
603601,413380.0,3386545.0,30,220,3,3,2585.0,9.2,484,6,6,413735,3386480,485,12,5,-94.5
603601,413380.0,3386545.0,30,220,3,3,2585.0,9.2,484,6,6,413690,3386435,486,0,5,-90.5
603601,413380.0,3386545.0,30,220,3,3,2585.0,9.2,484,6,6,413450,3386355,487,23,5,-100.0
603601,413380.0,3386545.0,30,220,3,3,2585.0,9.2,484,6,6,413675,3386540,485,0,6,-99.43
603601,413380.0,3386545.0,30,220,3,3,2585.0,9.2,484,6,6,413750,3386455,485,0,5,-83.67
603601,413380.0,3386545.0,30,220,3,3,2585.0,9.2,484,6,6,413755,3386460,485,0,5,-91.0
603601,413380.0,3386545.0,30,220,3,3,2585.0,9.2,484,6,6,413740,3386445,486,0,5,-90.33
603601,413380.0,3386545.0,30,220,3,3,2585.0,9.2,484,6,6,413665,3386530,484,0,6,-105.0
603601,413380.0,3386545.0,30,220,3,3,2585.0,9.2,484,6,6,413445,3386350,487,23,5,-91.0
603601,413380.0,3386545.0,30,220,3,3,2585.0,9.2,484,6,6,413440,3386345,487,23,12,-93.67
603601,413380.0,3386545.0,30,220,3,3,2585.0,9.2,484,6,6,413695,3386440,486,0,5,-86.4
603601,413380.0,3386545.0,30,220,3,3,2585.0,9.2,484,6,6,413430,3386330,487,23,5,-98.67
603601,413380.0,3386545.0,30,220,3,3,2585.0,9.2,484,6,6,413240,3386520,485,0,5,-85.5
603601,413380.0,3386545.0,30,220,3,3,2585.0,9.2,484,6,6,413255,3386505,486,0,5,-81.56
603601,413380.0,3386545.0,30,220,3,3,2585.0,9.2,484,6,6,413250,3386510,486,0,5,-86.1
603601,413380.0,3386545.0,30,220,3,3,2585.0,9.2,484,6,6,413245,3386515,486,0,5,-79.67
603601,413380.0,3386545.0,30,220,3,3,2585.0,9.2,484,6,6,413260,3386500,486,0,5,-88.75
603601,413380.0,3386545.0,30,220,3,3,2585.0,9.2,484,6,6,413265,3386495,486,0,5,-89.0
603601,413380.0,3386545.0,30,220,3,3,2585.0,9.2,484,6,6,413495,3386565,483,0,14,-100.0
603601,413380.0,3386545.0,30,220,3,3,2585.0,9.2,484,6,6,413490,3386570,482,0,14,-91.0
603601,413380.0,3386545.0,30,220,3,3,2585.0,9.2,484,6,6,413485,3386575,483,0,14,-101.8
603601,413380.0,3386545.0,30,220,3,3,2585.0,9.2,484,6,6,413500,3386600,483,0,14,-104.67
603601,413380.0,3386545.0,30,220,3,3,2585.0,9.2,484,6,6,413455,3386605,482,18,14,-102.33
603601,413380.0,3386545.0,30,220,3,3,2585.0,9.2,484,6,6,413515,3386585,483,18,5,-99.0
603601,413380.0,3386545.0,30,220,3,3,2585.0,9.2,484,6,6,413505,3386595,483,18,5,-103.77
603601,413380.0,3386545.0,30,220,3,3,2585.0,9.2,484,6,6,413510,3386590,483,18,5,-100.77
603601,413380.0,3386545.0,30,220,3,3,2585.0,9.2,484,6,6,413475,3386625,483,18,5,-117.0
603601,413380.0,3386545.0,30,220,3,3,2585.0,9.2,484,6,6,413480,3386580,483,0,14,-104.5
603601,413380.0,3386545.0,30,220,3,3,2585.0,9.2,484,6,6,413575,3386645,485,0,5,-114.0
603601,413380.0,3386545.0,30,220,3,3,2585.0,9.2,484,6,6,413430,3386605,483,18,5,-109.0
603601,413380.0,3386545.0,30,220,3,3,2585.0,9.2,484,6,6,413410,3386625,484,0,14,-114.33
603601,413380.0,3386545.0,30,220,3,3,2585.0,9.2,484,6,6,413425,3386620,484,0,14,-107.67
603601,413380.0,3386545.0,30,220,3,3,2585.0,9.2,484,6,6,413395,3386570,483,0,5,-107.67
603601,413380.0,3386545.0,30,220,3,3,2585.0,9.2,484,6,6,413385,3386580,484,6,5,-109.0
603601,413380.0,3386545.0,30,220,3,3,2585.0,9.2,484,6,6,413420,3386615,484,0,14,-112.71
603601,413380.0,3386545.0,30,220,3,3,2585.0,9.2,484,6,6,413415,3386630,484,18,14,-109.4
603601,413380.0,3386545.0,30,220,3,3,2585.0,9.2,484,6,6,413370,3386585,485,0,5,-96.0
603601,413380.0,3386545.0,30,220,3,3,2585.0,9.2,484,6,6,413375,3386590,485,0,5,-124.0
603601,413380.0,3386545.0,30,220,3,3,2585.0,9.2,484,6,6,413260,3386520,486,0,5,-100.2
603601,413380.0,3386545.0,30,220,3,3,2585.0,9.2,484,6,6,413415,3386325,487,23,5,-91.67
603601,413380.0,3386545.0,30,220,3,3,2585.0,9.2,484,6,6,413275,3386505,486,0,5,-108.67
603601,413380.0,3386545.0,30,220,3,3,2585.0,9.2,484,6,6,413215,3386525,485,0,5,-79.0
603601,413380.0,3386545.0,30,220,3,3,2585.0,9.2,484,6,6,413270,3386510,486,0,5,-95.2
603601,413380.0,3386545.0,30,220,3,3,2585.0,9.2,484,6,6,413265,3386515,486,0,5,-80.0
603601,413380.0,3386545.0,30,220,3,3,2585.0,9.2,484,6,6,413615,3386475,485,0,5,-84.4
603601,413380.0,3386545.0,30,220,3,3,2585.0,9.2,484,6,6,413700,3386530,485,0,5,-96.5
603601,413380.0,3386545.0,30,220,3,3,2585.0,9.2,484,6,6,413650,3386440,486,0,5,-91.5
603601,413380.0,3386545.0,30,220,3,3,2585.0,9.2,484,6,6,413720,3386510,484,0,6,-101.5
603601,413380.0,3386545.0,30,220,3,3,2585.0,9.2,484,6,6,413820,3386570,485,12,14,-118.0
603601,413380.0,3386545.0,30,220,3,3,2585.0,9.2,484,6,6,413440,3386310,486,23,5,-91.5
603601,413380.0,3386545.0,30,220,3,3,2585.0,9.2,484,6,6,413630,3386460,485,0,5,-87.47
603601,413380.0,3386545.0,30,220,3,3,2585.0,9.2,484,6,6,413715,3386535,485,0,5,-103.25
603601,413380.0,3386545.0,30,220,3,3,2585.0,9.2,484,6,6,413600,3386470,485,0,5,-82.73
603601,413380.0,3386545.0,30,220,3,3,2585.0,9.2,484,6,6,413625,3386445,486,0,5,-89.2
603601,413380.0,3386545.0,30,220,3,3,2585.0,9.2,484,6,6,413635,3386455,486,0,5,-87.93
603601,413380.0,3386545.0,30,220,3,3,2585.0,9.2,484,6,6,413605,3386465,485,0,5,-83.93
603601,413380.0,3386545.0,30,220,3,3,2585.0,9.2,484,6,6,413730,3386520,485,0,5,-100.25
603601,413380.0,3386545.0,30,220,3,3,2585.0,9.2,484,6,6,413695,3386555,485,0,5,-103.0
603601,413380.0,3386545.0,30,220,3,3,2585.0,9.2,484,6,6,413735,3386515,485,0,5,-103.07
603601,413380.0,3386545.0,30,220,3,3,2585.0,9.2,484,6,6,413680,3386550,485,0,6,-100.46
603601,413380.0,3386545.0,30,220,3,3,2585.0,9.2,484,6,6,413685,3386545,485,0,6,-101.16
603601,413380.0,3386545.0,30,220,3,3,2585.0,9.2,484,6,6,413610,3386480,485,0,5,-79.43
603601,413380.0,3386545.0,30,220,3,3,2585.0,9.2,484,6,6,413445,3386305,486,23,5,-95.33
603601,413380.0,3386545.0,30,220,3,3,2585.0,9.2,484,6,6,413620,3386450,486,0,5,-83.0
603601,413380.0,3386545.0,30,220,3,3,2585.0,9.2,484,6,6,413745,3386545,485,0,14,-107.0
603601,413380.0,3386545.0,30,220,3,3,2585.0,9.2,484,6,6,413445,3386245,487,0,12,-87.0
603601,413380.0,3386545.0,30,220,3,3,2585.0,9.2,484,6,6,413780,3386590,485,0,5,-109.5
603601,413380.0,3386545.0,30,220,3,3,2585.0,9.2,484,6,6,413710,3386520,484,12,5,-106.0
603601,413380.0,3386545.0,30,220,3,3,2585.0,9.2,484,6,6,413705,3386505,484,12,6,-96.0
603601,413380.0,3386545.0,30,220,3,3,2585.0,9.2,484,6,6,413650,3386460,485,0,5,-89.93
603601,413380.0,3386545.0,30,220,3,3,2585.0,9.2,484,6,6,413730,3386540,485,0,5,-109.0
603601,413380.0,3386545.0,30,220,3,3,2585.0,9.2,484,6,6,413735,3386535,485,6,14,-109.09
603601,413380.0,3386545.0,30,220,3,3,2585.0,9.2,484,6,6,413645,3386445,486,0,5,-81.67
603601,413380.0,3386545.0,30,220,3,3,2585.0,9.2,484,6,6,413680,3386490,484,0,5,-88.3
603601,413380.0,3386545.0,30,220,3,3,2585.0,9.2,484,6,6,413665,3386465,485,0,5,-86.53
603601,413380.0,3386545.0,30,220,3,3,2585.0,9.2,484,6,6,413655,3386455,485,0,5,-88.71
603601,413380.0,3386545.0,30,220,3,3,2585.0,9.2,484,6,6,413685,3386485,484,0,5,-84.96
603601,413380.0,3386545.0,30,220,3,3,2585.0,9.2,484,6,6,413720,3386530,485,0,14,-105.78
603601,413380.0,3386545.0,30,220,3,3,2585.0,9.2,484,6,6,413660,3386470,485,0,5,-84.95
603601,413380.0,3386545.0,30,220,3,3,2585.0,9.2,484,6,6,413675,3386475,485,0,5,-85.07
603601,413380.0,3386545.0,30,220,3,3,2585.0,9.2,484,6,6,413670,3386480,485,0,5,-84.25
603601,413380.0,3386545.0,30,220,3,3,2585.0,9.2,484,6,6,413725,3386525,485,6,14,-103.72
603601,413380.0,3386545.0,30,220,3,3,2585.0,9.2,484,6,6,413700,3386510,484,12,6,-109.0
603601,413380.0,3386545.0,30,220,3,3,2585.0,9.2,484,6,6,413695,3386495,484,0,6,-91.0
603601,413380.0,3386545.0,30,220,3,3,2585.0,9.2,484,6,6,413640,3386450,486,0,5,-85.0
603601,413380.0,3386545.0,30,220,3,3,2585.0,9.2,484,6,6,413690,3386500,484,0,6,-93.87
603601,413380.0,3386545.0,30,220,3,3,2585.0,9.2,484,6,6,413230,3386315,487,0,5,-106.0
603601,413380.0,3386545.0,30,220,3,3,2585.0,9.2,484,6,6,413340,3386505,485,0,5,-94.71
603601,413380.0,3386545.0,30,220,3,3,2585.0,9.2,484,6,6,413345,3386510,485,0,5,-86.67
603601,413380.0,3386545.0,30,220,3,3,2585.0,9.2,484,6,6,413280,3386525,485,0,5,-103.5
603601,413380.0,3386545.0,30,220,3,3,2585.0,9.2,484,6,6,413350,3386515,485,0,5,-81.09
603601,413380.0,3386545.0,30,220,3,3,2585.0,9.2,484,6,6,413335,3386500,485,0,6,-91.0
603601,413380.0,3386545.0,30,220,3,3,2585.0,9.2,484,6,6,413330,3386495,486,0,6,-90.0
603601,413380.0,3386545.0,30,220,3,3,2585.0,9.2,484,6,6,413355,3386520,485,0,5,-90.17
603601,413380.0,3386545.0,30,220,3,3,2585.0,9.2,484,6,6,413415,3386605,484,18,5,-114.22
603601,413380.0,3386545.0,30,220,3,3,2585.0,9.2,484,6,6,413370,3386570,484,0,6,-95.5
603601,413380.0,3386545.0,30,220,3,3,2585.0,9.2,484,6,6,413390,3386590,484,6,5,-115.17
603601,413380.0,3386545.0,30,220,3,3,2585.0,9.2,484,6,6,413395,3386585,484,6,14,-110.67
603601,413380.0,3386545.0,30,220,3,3,2585.0,9.2,484,6,6,413365,3386575,484,0,6,-113.75
603601,413380.0,3386545.0,30,220,3,3,2585.0,9.2,484,6,6,413380,3386600,485,0,14,-101.5
603601,413380.0,3386545.0,30,220,3,3,2585.0,9.2,484,6,6,413410,3386610,484,18,5,-113.5
603601,413380.0,3386545.0,30,220,3,3,2585.0,9.2,484,6,6,413400,3386620,485,0,14,-107.6
603601,413380.0,3386545.0,30,220,3,3,2585.0,9.2,484,6,6,413405,3386615,484,0,14,-111.33
603601,413380.0,3386545.0,30,220,3,3,2585.0,9.2,484,6,6,413375,3386565,484,0,6,-110.5
603601,413380.0,3386545.0,30,220,3,3,2585.0,9.2,484,6,6,413500,3386525,484,0,6,-108.0
603601,413380.0,3386545.0,30,220,3,3,2585.0,9.2,484,6,6,413635,3386340,487,20,5,-113.33
603601,413380.0,3386545.0,30,220,3,3,2585.0,9.2,484,6,6,413495,3386560,483,18,5,-100.5
603601,413380.0,3386545.0,30,220,3,3,2585.0,9.2,484,6,6,413660,3386365,487,0,12,-111.5
603601,413380.0,3386545.0,30,220,3,3,2585.0,9.2,484,6,6,413485,3386550,483,18,6,-110.0
603601,413380.0,3386545.0,30,220,3,3,2585.0,9.2,484,6,6,413585,3386450,486,0,5,-75.67
603601,413380.0,3386545.0,30,220,3,3,2585.0,9.2,484,6,6,413450,3386515,484,18,5,-83.25
603601,413380.0,3386545.0,30,220,3,3,2585.0,9.2,484,6,6,413560,3386465,485,0,5,-88.14
603601,413380.0,3386545.0,30,220,3,3,2585.0,9.2,484,6,6,413440,3386505,485,0,5,-78.0
603601,413380.0,3386545.0,30,220,3,3,2585.0,9.2,484,6,6,413575,3386480,485,0,5,-83.47
603601,413380.0,3386545.0,30,220,3,3,2585.0,9.2,484,6,6,413570,3386475,485,0,5,-84.65
603601,413380.0,3386545.0,30,220,3,3,2585.0,9.2,484,6,6,413515,3386540,484,18,6,-84.0
603601,413380.0,3386545.0,30,220,3,3,2585.0,9.2,484,6,6,413565,3386470,485,0,5,-84.5
603601,413380.0,3386545.0,30,220,3,3,2585.0,9.2,484,6,6,413595,3386460,485,0,5,-84.8
603601,413380.0,3386545.0,30,220,3,3,2585.0,9.2,484,6,6,413465,3386490,485,0,5,-79.32
603601,413380.0,3386545.0,30,220,3,3,2585.0,9.2,484,6,6,413625,3386330,487,0,5,-118.5
603601,413380.0,3386545.0,30,220,3,3,2585.0,9.2,484,6,6,413510,3386535,484,0,7,-97.42
603601,413380.0,3386545.0,30,220,3,3,2585.0,9.2,484,6,6,413470,3386495,485,0,5,-81.23
603601,413380.0,3386545.0,30,220,3,3,2585.0,9.2,484,6,6,413460,3386485,486,0,5,-79.67
603601,413380.0,3386545.0,30,220,3,3,2585.0,9.2,484,6,6,413475,3386500,485,0,5,-84.65
603601,413380.0,3386545.0,30,220,3,3,2585.0,9.2,484,6,6,413455,3386520,484,18,5,-83.0
603601,413380.0,3386545.0,30,220,3,3,2585.0,9.2,484,6,6,413590,3386455,486,0,5,-80.0
603601,413380.0,3386545.0,30,220,3,3,2585.0,9.2,484,6,6,413445,3386510,485,0,5,-75.25
603601,413380.0,3386545.0,30,220,3,3,2585.0,9.2,484,6,6,413575,3386445,486,0,6,-86.5
603601,413380.0,3386545.0,30,220,3,3,2585.0,9.2,484,6,6,413635,3386345,487,20,5,-110.9
603601,413380.0,3386545.0,30,220,3,3,2585.0,9.2,484,6,6,413460,3386520,484,18,5,-80.0
603601,413380.0,3386545.0,30,220,3,3,2585.0,9.2,484,6,6,413500,3386560,483,18,5,-106.33
603601,413380.0,3386545.0,30,220,3,3,2585.0,9.2,484,6,6,413560,3386460,485,0,5,-77.5
603601,413380.0,3386545.0,30,220,3,3,2585.0,9.2,484,6,6,413490,3386530,484,0,6,-89.75
603601,413380.0,3386545.0,30,220,3,3,2585.0,9.2,484,6,6,413620,3386360,487,0,12,-115.0
603601,413380.0,3386545.0,30,220,3,3,2585.0,9.2,484,6,6,413645,3386375,487,0,5,-111.33
603601,413380.0,3386545.0,30,220,3,3,2585.0,9.2,484,6,6,413625,3386355,487,0,5,-111.6
603601,413380.0,3386545.0,30,220,3,3,2585.0,9.2,484,6,6,413480,3386540,483,0,7,-96.0
603601,413380.0,3386545.0,30,220,3,3,2585.0,9.2,484,6,6,413595,3386465,485,0,5,-86.84
603601,413380.0,3386545.0,30,220,3,3,2585.0,9.2,484,6,6,413565,3386455,486,0,5,-76.33
603601,413380.0,3386545.0,30,220,3,3,2585.0,9.2,484,6,6,413440,3386500,485,0,5,-79.55
603601,413380.0,3386545.0,30,220,3,3,2585.0,9.2,484,6,6,413445,3386495,485,0,5,-80.12
603601,413380.0,3386545.0,30,220,3,3,2585.0,9.2,484,6,6,413580,3386480,485,0,5,-87.2
603601,413380.0,3386545.0,30,220,3,3,2585.0,9.2,484,6,6,413585,3386475,485,0,5,-85.05
603601,413380.0,3386545.0,30,220,3,3,2585.0,9.2,484,6,6,413450,3386490,486,0,5,-79.81
603601,413380.0,3386545.0,30,220,3,3,2585.0,9.2,484,6,6,413590,3386470,485,0,5,-82.69
603601,413380.0,3386545.0,30,220,3,3,2585.0,9.2,484,6,6,413470,3386510,485,18,5,-78.8
603601,413380.0,3386545.0,30,220,3,3,2585.0,9.2,484,6,6,413475,3386505,485,0,5,-86.86
603601,413380.0,3386545.0,30,220,3,3,2585.0,9.2,484,6,6,413455,3386485,486,0,5,-83.4
603601,413380.0,3386545.0,30,220,3,3,2585.0,9.2,484,6,6,413485,3386535,484,0,6,-83.17
603601,413380.0,3386545.0,30,220,3,3,2585.0,9.2,484,6,6,413570,3386450,486,0,5,-84.5
603601,413380.0,3386545.0,30,220,3,3,2585.0,9.2,484,6,6,413165,3386520,485,0,5,-87.67
603601,413380.0,3386545.0,30,220,3,3,2585.0,9.2,484,6,6,413160,3386515,485,0,5,-88.5
603601,413380.0,3386545.0,30,220,3,3,2585.0,9.2,484,6,6,413515,3386565,483,0,14,-100.0
603601,413380.0,3386545.0,30,220,3,3,2585.0,9.2,484,6,6,413480,3386600,483,18,5,-99.4
603601,413380.0,3386545.0,30,220,3,3,2585.0,9.2,484,6,6,413500,3386580,483,0,14,-99.0
603601,413380.0,3386545.0,30,220,3,3,2585.0,9.2,484,6,6,413470,3386610,483,0,14,-112.0
603601,413380.0,3386545.0,30,220,3,3,2585.0,9.2,484,6,6,413510,3386570,483,0,14,-105.0
603601,413380.0,3386545.0,30,220,3,3,2585.0,9.2,484,6,6,413505,3386575,483,0,14,-102.83
603601,413380.0,3386545.0,30,220,3,3,2585.0,9.2,484,6,6,413495,3386585,483,18,5,-105.13
603601,413380.0,3386545.0,30,220,3,3,2585.0,9.2,484,6,6,413490,3386590,483,0,5,-103.29
603601,413380.0,3386545.0,30,220,3,3,2585.0,9.2,484,6,6,413475,3386605,483,0,14,-99.0
603601,413380.0,3386545.0,30,220,3,3,2585.0,9.2,484,6,6,413485,3386595,483,18,5,-100.16
603601,413380.0,3386545.0,30,220,3,3,2585.0,9.2,484,6,6,413675,3386725,486,0,6,-96.0
603601,413380.0,3386545.0,30,220,3,3,2585.0,9.2,484,6,6,413480,3386140,489,0,5,-105.33
603601,413380.0,3386545.0,30,220,3,3,2585.0,9.2,484,6,6,413405,3386480,485,0,5,-83.5
603601,413380.0,3386545.0,30,220,3,3,2585.0,9.2,484,6,6,413340,3386535,485,0,6,-81.33
603601,413380.0,3386545.0,30,220,3,3,2585.0,9.2,484,6,6,413285,3386520,486,0,5,-99.57
603601,413380.0,3386545.0,30,220,3,3,2585.0,9.2,484,6,6,413280,3386515,486,0,5,-115.5
603601,413380.0,3386545.0,30,220,3,3,2585.0,9.2,484,6,6,413345,3386540,484,0,6,-82.0
603601,413380.0,3386545.0,30,220,3,3,2585.0,9.2,484,6,6,413300,3386495,486,0,5,-111.6
603601,413380.0,3386545.0,30,220,3,3,2585.0,9.2,484,6,6,413295,3386510,486,0,5,-104.8
603601,413380.0,3386545.0,30,220,3,3,2585.0,9.2,484,6,6,413350,3386525,485,0,6,-87.22
603601,413380.0,3386545.0,30,220,3,3,2585.0,9.2,484,6,6,413355,3386530,485,0,6,-84.71
603601,413380.0,3386545.0,30,220,3,3,2585.0,9.2,484,6,6,413315,3386490,486,0,6,-78.0
603601,413380.0,3386545.0,30,220,3,3,2585.0,9.2,484,6,6,413310,3386485,486,0,6,-88.67
603601,413380.0,3386545.0,30,220,3,3,2585.0,9.2,484,6,6,413395,3386270,487,0,6,-91.0
603601,413380.0,3386545.0,30,220,3,3,2585.0,9.2,484,6,6,413435,3386310,486,23,5,-93.5
603601,413380.0,3386545.0,30,220,3,3,2585.0,9.2,484,6,6,413430,3386305,486,23,5,-89.67
603601,413380.0,3386545.0,30,220,3,3,2585.0,9.2,484,6,6,413145,3386520,485,0,5,-90.0
603601,413380.0,3386545.0,30,220,3,3,2585.0,9.2,484,6,6,413425,3386320,486,23,5,-94.2
603601,413380.0,3386545.0,30,220,3,3,2585.0,9.2,484,6,6,413155,3386510,485,0,5,-78.33
603601,413380.0,3386545.0,30,220,3,3,2585.0,9.2,484,6,6,413420,3386315,486,23,5,-92.69
603601,413380.0,3386545.0,30,220,3,3,2585.0,9.2,484,6,6,413390,3386695,486,0,7,-106.5
603601,413380.0,3386545.0,30,220,3,3,2585.0,9.2,484,6,6,413350,3386575,484,0,6,-104.5
603601,413380.0,3386545.0,30,220,3,3,2585.0,9.2,484,6,6,413100,3386530,485,0,5,-85.0
603601,413380.0,3386545.0,30,220,3,3,2585.0,9.2,484,6,6,413535,3386565,483,0,14,-108.5
603601,413380.0,3386545.0,30,220,3,3,2585.0,9.2,484,6,6,413590,3386630,485,18,14,-112.0
603601,413380.0,3386545.0,30,220,3,3,2585.0,9.2,484,6,6,413595,3386625,485,18,5,-108.17
603601,413380.0,3386545.0,30,220,3,3,2585.0,9.2,484,6,6,413560,3386620,485,18,5,-112.83
603601,413380.0,3386545.0,30,220,3,3,2585.0,9.2,484,6,6,413580,3386640,485,0,14,-114.4
603601,413380.0,3386545.0,30,220,3,3,2585.0,9.2,484,6,6,413565,3386615,485,18,5,-105.33
603601,413380.0,3386545.0,30,220,3,3,2585.0,9.2,484,6,6,413545,3386595,484,0,5,-102.6
603601,413380.0,3386545.0,30,220,3,3,2585.0,9.2,484,6,6,413520,3386580,483,18,5,-103.0
603601,413380.0,3386545.0,30,220,3,3,2585.0,9.2,484,6,6,413540,3386600,484,0,5,-105.91
603601,413380.0,3386545.0,30,220,3,3,2585.0,9.2,484,6,6,413530,3386570,483,0,14,-104.75
603601,413380.0,3386545.0,30,220,3,3,2585.0,9.2,484,6,6,413525,3386575,483,0,14,-104.0
603601,413380.0,3386545.0,30,220,3,3,2585.0,9.2,484,6,6,413550,3386590,484,0,5,-106.4
603601,413380.0,3386545.0,30,220,3,3,2585.0,9.2,484,6,6,413410,3386545,484,0,6,-86.25
603601,413380.0,3386545.0,30,220,3,3,2585.0,9.2,484,6,6,413320,3386475,486,0,6,-100.67
603601,413380.0,3386545.0,30,220,3,3,2585.0,9.2,484,6,6,413395,3386490,485,0,5,-81.78
603601,413380.0,3386545.0,30,220,3,3,2585.0,9.2,484,6,6,413380,3386495,485,0,5,-76.35
603601,413380.0,3386545.0,30,220,3,3,2585.0,9.2,484,6,6,413400,3386555,484,0,6,-101.0
603601,413380.0,3386545.0,30,220,3,3,2585.0,9.2,484,6,6,413375,3386510,485,0,5,-75.71
603601,413380.0,3386545.0,30,220,3,3,2585.0,9.2,484,6,6,413415,3386550,483,0,6,-101.36
603601,413380.0,3386545.0,30,220,3,3,2585.0,9.2,484,6,6,413405,3386560,483,18,6,-101.29
603601,413380.0,3386545.0,30,220,3,3,2585.0,9.2,484,6,6,413360,3386515,485,0,5,-78.5
603601,413380.0,3386545.0,30,220,3,3,2585.0,9.2,484,6,6,413370,3386505,485,0,5,-74.5
603601,413380.0,3386545.0,30,220,3,3,2585.0,9.2,484,6,6,413420,3386535,484,18,6,-99.33
603601,413380.0,3386545.0,30,220,3,3,2585.0,9.2,484,6,6,413385,3386500,485,0,5,-75.15
603601,413380.0,3386545.0,30,220,3,3,2585.0,9.2,484,6,6,413425,3386540,484,0,6,-89.0
603601,413380.0,3386545.0,30,220,3,3,2585.0,9.2,484,6,6,413435,3386530,484,18,6,-92.5
603601,413380.0,3386545.0,30,220,3,3,2585.0,9.2,484,6,6,413335,3386470,486,0,5,-99.5
603601,413380.0,3386545.0,30,220,3,3,2585.0,9.2,484,6,6,413315,3386410,487,0,6,-132.5
603601,413380.0,3386545.0,30,220,3,3,2585.0,9.2,484,6,6,413365,3386520,485,0,5,-83.3
603601,413380.0,3386545.0,30,220,3,3,2585.0,9.2,484,6,6,413390,3386485,485,0,5,-78.11
603601,413380.0,3386545.0,30,220,3,3,2585.0,9.2,484,6,6,413695,3386510,484,0,6,-90.0
603601,413380.0,3386545.0,30,220,3,3,2585.0,9.2,484,6,6,413635,3386410,487,0,5,-115.0
603601,413380.0,3386545.0,30,220,3,3,2585.0,9.2,484,6,6,413720,3386555,485,12,5,-113.0
603601,413380.0,3386545.0,30,220,3,3,2585.0,9.2,484,6,6,413460,3386255,487,20,5,-95.0
603601,413380.0,3386545.0,30,220,3,3,2585.0,9.2,484,6,6,413475,3386250,487,0,12,-104.25
603601,413380.0,3386545.0,30,220,3,3,2585.0,9.2,484,6,6,413655,3386470,485,0,5,-79.5
603601,413380.0,3386545.0,30,220,3,3,2585.0,9.2,484,6,6,413710,3386485,484,0,5,-93.5
603601,413380.0,3386545.0,30,220,3,3,2585.0,9.2,484,6,6,413685,3386520,484,0,6,-95.5
603601,413380.0,3386545.0,30,220,3,3,2585.0,9.2,484,6,6,413690,3386505,484,0,7,-95.61
603601,413380.0,3386545.0,30,220,3,3,2585.0,9.2,484,6,6,413440,3386275,486,0,5,-98.5
603601,413380.0,3386545.0,30,220,3,3,2585.0,9.2,484,6,6,413660,3386455,485,0,5,-87.9
603601,413380.0,3386545.0,30,220,3,3,2585.0,9.2,484,6,6,413650,3386465,485,0,5,-85.71
603601,413380.0,3386545.0,30,220,3,3,2585.0,9.2,484,6,6,413680,3386515,484,0,6,-90.8
603601,413380.0,3386545.0,30,220,3,3,2585.0,9.2,484,6,6,413665,3386460,485,0,5,-88.86
603601,413380.0,3386545.0,30,220,3,3,2585.0,9.2,484,6,6,413700,3386495,484,12,6,-90.4
603601,413380.0,3386545.0,30,220,3,3,2585.0,9.2,484,6,6,413735,3386550,485,12,14,-105.67
603601,413380.0,3386545.0,30,220,3,3,2585.0,9.2,484,6,6,413670,3386445,486,0,5,-89.8
603601,413380.0,3386545.0,30,220,3,3,2585.0,9.2,484,6,6,413800,3386635,487,0,5,-121.2
603601,413380.0,3386545.0,30,220,3,3,2585.0,9.2,484,6,6,413645,3386480,485,0,5,-90.75
603601,413380.0,3386545.0,30,220,3,3,2585.0,9.2,484,6,6,413640,3386475,485,0,5,-84.0
603601,413380.0,3386545.0,30,220,3,3,2585.0,9.2,484,6,6,413675,3386450,485,0,5,-90.55
603601,413380.0,3386545.0,30,220,3,3,2585.0,9.2,484,6,6,413410,3386660,485,0,14,-104.5
603601,413380.0,3386545.0,30,220,3,3,2585.0,9.2,484,6,6,413605,3386610,484,0,5,-108.0
603601,413380.0,3386545.0,30,220,3,3,2585.0,9.2,484,6,6,413675,3386600,485,0,6,-112.5
603601,413380.0,3386545.0,30,220,3,3,2585.0,9.2,484,6,6,413665,3386590,485,0,5,-106.33
603601,413380.0,3386545.0,30,220,3,3,2585.0,9.2,484,6,6,413615,3386620,485,0,5,-110.67
603601,413380.0,3386545.0,30,220,3,3,2585.0,9.2,484,6,6,413770,3386455,486,0,5,-81.0
603601,413380.0,3386545.0,30,220,3,3,2585.0,9.2,484,6,6,413610,3386615,485,0,5,-105.0
603601,413380.0,3386545.0,30,220,3,3,2585.0,9.2,484,6,6,413760,3386445,486,0,5,-99.0
603601,413380.0,3386545.0,30,220,3,3,2585.0,9.2,484,6,6,413600,3386605,484,0,5,-108.43
603601,413380.0,3386545.0,30,220,3,3,2585.0,9.2,484,6,6,413765,3386450,486,0,5,-90.0
603601,413380.0,3386545.0,30,220,3,3,2585.0,9.2,484,6,6,413820,3386425,487,0,5,-89.0
603601,413380.0,3386545.0,30,220,3,3,2585.0,9.2,484,6,6,413465,3386220,487,0,5,-95.5
603601,413380.0,3386545.0,30,220,3,3,2585.0,9.2,484,6,6,413470,3386205,487,0,12,-101.5
603601,413380.0,3386545.0,30,220,3,3,2585.0,9.2,484,6,6,413455,3386230,487,0,5,-84.0
603601,413380.0,3386545.0,30,220,3,3,2585.0,9.2,484,6,6,413225,3386510,486,0,5,-85.67
603601,413380.0,3386545.0,30,220,3,3,2585.0,9.2,484,6,6,413290,3386255,489,0,6,-95.0
603601,413380.0,3386545.0,30,220,3,3,2585.0,9.2,484,6,6,413230,3386515,485,0,5,-82.67
603601,413380.0,3386545.0,30,220,3,3,2585.0,9.2,484,6,6,413220,3386505,486,0,5,-88.8
603601,413380.0,3386545.0,30,220,3,3,2585.0,9.2,484,6,6,413240,3386525,485,0,5,-86.33
603601,413380.0,3386545.0,30,220,3,3,2585.0,9.2,484,6,6,413270,3386160,489,0,5,-88.5
603601,413380.0,3386545.0,30,220,3,3,2585.0,9.2,484,6,6,413275,3386155,489,0,5,-89.8
603601,413380.0,3386545.0,30,220,3,3,2585.0,9.2,484,6,6,413445,3386570,482,0,14,-100.33
603601,413380.0,3386545.0,30,220,3,3,2585.0,9.2,484,6,6,413440,3386565,482,18,5,-88.2
603601,413380.0,3386545.0,30,220,3,3,2585.0,9.2,484,6,6,413475,3386600,483,18,5,-96.62
603601,413380.0,3386545.0,30,220,3,3,2585.0,9.2,484,6,6,413460,3386585,482,0,14,-95.67
603601,413380.0,3386545.0,30,220,3,3,2585.0,9.2,484,6,6,413470,3386595,483,18,5,-98.29
603601,413380.0,3386545.0,30,220,3,3,2585.0,9.2,484,6,6,413465,3386590,482,18,5,-100.5
603601,413380.0,3386545.0,30,220,3,3,2585.0,9.2,484,6,6,413450,3386575,482,0,14,-92.0
603601,413380.0,3386545.0,30,220,3,3,2585.0,9.2,484,6,6,413455,3386580,482,0,14,-100.75
603601,413380.0,3386545.0,30,220,3,3,2585.0,9.2,484,6,6,413590,3386715,485,0,14,-104.0
603601,413380.0,3386545.0,30,220,3,3,2585.0,9.2,484,6,6,413485,3386610,483,0,14,-103.17
603601,413380.0,3386545.0,30,220,3,3,2585.0,9.2,484,6,6,413490,3386615,483,0,14,-103.44
603601,413380.0,3386545.0,30,220,3,3,2585.0,9.2,484,6,6,413480,3386605,483,0,14,-103.5
603601,413380.0,3386545.0,30,220,3,3,2585.0,9.2,484,6,6,413580,3386705,486,0,5,-110.0
603601,413380.0,3386545.0,30,220,3,3,2585.0,9.2,484,6,6,413600,3386725,485,21,14,-103.5
603601,413380.0,3386545.0,30,220,3,3,2585.0,9.2,484,6,6,413665,3386565,484,0,7,-108.33
603601,413380.0,3386545.0,30,220,3,3,2585.0,9.2,484,6,6,413785,3386445,486,0,5,-96.0
603601,413380.0,3386545.0,30,220,3,3,2585.0,9.2,484,6,6,413600,3386630,485,18,14,-108.5
603601,413380.0,3386545.0,30,220,3,3,2585.0,9.2,484,6,6,413675,3386575,485,0,6,-103.63
603601,413380.0,3386545.0,30,220,3,3,2585.0,9.2,484,6,6,413800,3386430,487,0,5,-86.5
603601,413380.0,3386545.0,30,220,3,3,2585.0,9.2,484,6,6,413610,3386640,485,0,14,-109.67
603601,413380.0,3386545.0,30,220,3,3,2585.0,9.2,484,6,6,413605,3386625,485,0,14,-108.33
603601,413380.0,3386545.0,30,220,3,3,2585.0,9.2,484,6,6,413405,3386285,487,0,5,-92.0
603601,413380.0,3386545.0,30,220,3,3,2585.0,9.2,484,6,6,413425,3386305,486,23,5,-92.86
603601,413380.0,3386545.0,30,220,3,3,2585.0,9.2,484,6,6,413435,3386315,486,23,5,-89.8
603601,413380.0,3386545.0,30,220,3,3,2585.0,9.2,484,6,6,413410,3386300,487,0,5,-93.5
603601,413380.0,3386545.0,30,220,3,3,2585.0,9.2,484,6,6,413420,3386310,486,23,5,-91.26
603601,413380.0,3386545.0,30,220,3,3,2585.0,9.2,484,6,6,413150,3386520,485,0,5,-83.75
603601,413380.0,3386545.0,30,220,3,3,2585.0,9.2,484,6,6,413155,3386515,485,0,5,-84.2
603601,413380.0,3386545.0,30,220,3,3,2585.0,9.2,484,6,6,413160,3386530,485,0,5,-86.5
603601,413380.0,3386545.0,30,220,3,3,2585.0,9.2,484,6,6,413430,3386320,486,23,5,-96.33
603601,413380.0,3386545.0,30,220,3,3,2585.0,9.2,484,6,6,413425,3386295,486,0,5,-95.2
603601,413380.0,3386545.0,30,220,3,3,2585.0,9.2,484,6,6,413405,3386315,487,0,5,-88.0
603601,413380.0,3386545.0,30,220,3,3,2585.0,9.2,484,6,6,413420,3386300,486,23,5,-92.0
603601,413380.0,3386545.0,30,220,3,3,2585.0,9.2,484,6,6,413125,3386515,485,0,5,-85.33
603601,413380.0,3386545.0,30,220,3,3,2585.0,9.2,484,6,6,413415,3386305,486,23,5,-90.5
603601,413380.0,3386545.0,30,220,3,3,2585.0,9.2,484,6,6,413410,3386310,487,0,5,-90.5
603601,413380.0,3386545.0,30,220,3,3,2585.0,9.2,484,6,6,413305,3386335,488,0,6,-96.33
603601,413380.0,3386545.0,30,220,3,3,2585.0,9.2,484,6,6,413120,3386520,485,0,5,-86.0
603601,413380.0,3386545.0,30,220,3,3,2585.0,9.2,484,6,6,413190,3386530,485,0,5,-91.33
603601,413380.0,3386545.0,30,220,3,3,2585.0,9.2,484,6,6,413320,3386400,487,0,6,-100.0
603601,413380.0,3386545.0,30,220,3,3,2585.0,9.2,484,6,6,413560,3386600,484,0,14,-110.33
603601,413380.0,3386545.0,30,220,3,3,2585.0,9.2,484,6,6,413585,3386575,484,18,5,-111.63
603601,413380.0,3386545.0,30,220,3,3,2585.0,9.2,484,6,6,413555,3386605,484,18,14,-103.33
603601,413380.0,3386545.0,30,220,3,3,2585.0,9.2,484,6,6,413590,3386570,484,0,5,-110.27
603601,413380.0,3386545.0,30,220,3,3,2585.0,9.2,484,6,6,413515,3386645,485,18,14,-113.0
603601,413380.0,3386545.0,30,220,3,3,2585.0,9.2,484,6,6,413510,3386650,485,0,14,-115.0
603601,413380.0,3386545.0,30,220,3,3,2585.0,9.2,484,6,6,413550,3386610,484,18,5,-106.33
603601,413380.0,3386545.0,30,220,3,3,2585.0,9.2,484,6,6,413540,3386620,485,0,5,-104.17
603601,413380.0,3386545.0,30,220,3,3,2585.0,9.2,484,6,6,413545,3386615,485,18,5,-105.56
603601,413380.0,3386545.0,30,220,3,3,2585.0,9.2,484,6,6,413535,3386625,485,0,5,-107.17
603601,413380.0,3386545.0,30,220,3,3,2585.0,9.2,484,6,6,413175,3386520,485,0,5,-79.0
603601,413380.0,3386545.0,30,220,3,3,2585.0,9.2,484,6,6,413170,3386515,485,0,5,-82.5
603601,413380.0,3386545.0,30,220,3,3,2585.0,9.2,484,6,6,413415,3386625,484,0,14,-110.5
603601,413380.0,3386545.0,30,220,3,3,2585.0,9.2,484,6,6,413425,3386615,484,0,14,-112.4
603601,413380.0,3386545.0,30,220,3,3,2585.0,9.2,484,6,6,413420,3386620,484,0,14,-111.2
603601,413380.0,3386545.0,30,220,3,3,2585.0,9.2,484,6,6,413430,3386610,483,0,14,-114.0
603601,413380.0,3386545.0,30,220,3,3,2585.0,9.2,484,6,6,413395,3386565,483,0,6,-109.75
603601,413380.0,3386545.0,30,220,3,3,2585.0,9.2,484,6,6,413370,3386590,485,0,5,-98.6
603601,413380.0,3386545.0,30,220,3,3,2585.0,9.2,484,6,6,413375,3386585,484,0,5,-83.5
603601,413380.0,3386545.0,30,220,3,3,2585.0,9.2,484,6,6,413410,3386630,484,0,14,-110.25
603601,413380.0,3386545.0,30,220,3,3,2585.0,9.2,484,6,6,413380,3386580,484,6,5,-99.0
603601,413380.0,3386545.0,30,220,3,3,2585.0,9.2,484,6,6,413365,3386595,485,0,7,-101.5
603601,413380.0,3386545.0,30,220,3,3,2585.0,9.2,484,6,6,413475,3386140,489,0,12,-105.67
603601,413380.0,3386545.0,30,220,3,3,2585.0,9.2,484,6,6,413215,3386510,485,0,5,-85.0
603601,413380.0,3386545.0,30,220,3,3,2585.0,9.2,484,6,6,413205,3386520,485,0,5,-84.0
603601,413380.0,3386545.0,30,220,3,3,2585.0,9.2,484,6,6,413210,3386505,486,0,5,-94.5
603601,413380.0,3386545.0,30,220,3,3,2585.0,9.2,484,6,6,413200,3386515,485,0,5,-93.0
603601,413380.0,3386545.0,30,220,3,3,2585.0,9.2,484,6,6,413695,3386580,485,12,5,-108.0
603601,413380.0,3386545.0,30,220,3,3,2585.0,9.2,484,6,6,413700,3386585,485,12,5,-107.67
603601,413380.0,3386545.0,30,220,3,3,2585.0,9.2,484,6,6,413855,3386420,489,0,5,-95.5
603601,413380.0,3386545.0,30,220,3,3,2585.0,9.2,484,6,6,413720,3386605,486,0,14,-112.0
603601,413380.0,3386545.0,30,220,3,3,2585.0,9.2,484,6,6,413685,3386570,485,0,6,-107.35
603601,413380.0,3386545.0,30,220,3,3,2585.0,9.2,484,6,6,413690,3386575,485,0,5,-102.67
603601,413380.0,3386545.0,30,220,3,3,2585.0,9.2,484,6,6,413680,3386565,485,0,6,-104.58
603601,413380.0,3386545.0,30,220,3,3,2585.0,9.2,484,6,6,413715,3386600,486,0,14,-110.75
603601,413380.0,3386545.0,30,220,3,3,2585.0,9.2,484,6,6,413500,3386655,485,0,5,-112.0
603601,413380.0,3386545.0,30,220,3,3,2585.0,9.2,484,6,6,413525,3386640,485,0,14,-96.0
603601,413380.0,3386545.0,30,220,3,3,2585.0,9.2,484,6,6,413550,3386605,484,18,5,-104.0
603601,413380.0,3386545.0,30,220,3,3,2585.0,9.2,484,6,6,413580,3386575,484,18,5,-106.0
603601,413380.0,3386545.0,30,220,3,3,2585.0,9.2,484,6,6,413530,3386625,485,0,5,-107.2
603601,413380.0,3386545.0,30,220,3,3,2585.0,9.2,484,6,6,413505,3386660,485,0,5,-110.67
603601,413380.0,3386545.0,30,220,3,3,2585.0,9.2,484,6,6,413555,3386610,484,18,5,-99.6
603601,413380.0,3386545.0,30,220,3,3,2585.0,9.2,484,6,6,413590,3386565,484,0,14,-114.0
603601,413380.0,3386545.0,30,220,3,3,2585.0,9.2,484,6,6,413595,3386570,484,0,5,-112.22
603601,413380.0,3386545.0,30,220,3,3,2585.0,9.2,484,6,6,413545,3386620,485,18,5,-105.9
603601,413380.0,3386545.0,30,220,3,3,2585.0,9.2,484,6,6,413540,3386615,485,0,5,-104.0
603601,413380.0,3386545.0,30,220,3,3,2585.0,9.2,484,6,6,413260,3385985,492,0,5,-89.33
603601,413380.0,3386545.0,30,220,3,3,2585.0,9.2,484,6,6,413325,3386210,488,0,5,-94.5
603601,413380.0,3386545.0,30,220,3,3,2585.0,9.2,484,6,6,413320,3386205,489,0,5,-94.75
603601,413380.0,3386545.0,30,220,3,3,2585.0,9.2,484,6,6,413295,3386180,489,0,6,-96.27
603601,413380.0,3386545.0,30,220,3,3,2585.0,9.2,484,6,6,413305,3386190,489,0,6,-96.58
603601,413380.0,3386545.0,30,220,3,3,2585.0,9.2,484,6,6,413315,3386200,489,0,5,-94.86
603601,413380.0,3386545.0,30,220,3,3,2585.0,9.2,484,6,6,413310,3386195,489,0,5,-93.17
603601,413380.0,3386545.0,30,220,3,3,2585.0,9.2,484,6,6,413265,3385990,492,0,5,-89.5
603601,413380.0,3386545.0,30,220,3,3,2585.0,9.2,484,6,6,413280,3386165,489,0,5,-86.0
603601,413380.0,3386545.0,30,220,3,3,2585.0,9.2,484,6,6,413290,3386175,489,0,6,-94.86
603601,413380.0,3386545.0,30,220,3,3,2585.0,9.2,484,6,6,413300,3386185,489,0,6,-95.29
603601,413380.0,3386545.0,30,220,3,3,2585.0,9.2,484,6,6,413285,3386170,489,0,6,-86.75
603601,413380.0,3386545.0,30,220,3,3,2585.0,9.2,484,6,6,413425,3386645,484,18,5,-114.0
603601,413380.0,3386545.0,30,220,3,3,2585.0,9.2,484,6,6,413355,3386575,484,0,6,-95.8
603601,413380.0,3386545.0,30,220,3,3,2585.0,9.2,484,6,6,413425,3386160,488,0,6,-89.0
603601,413380.0,3386545.0,30,220,3,3,2585.0,9.2,484,6,6,413315,3386190,489,0,5,-95.0
603601,413380.0,3386545.0,30,220,3,3,2585.0,9.2,484,6,6,413280,3386175,489,0,5,-92.67
603601,413380.0,3386545.0,30,220,3,3,2585.0,9.2,484,6,6,413295,3386170,489,0,6,-92.54
603601,413380.0,3386545.0,30,220,3,3,2585.0,9.2,484,6,6,413300,3386195,489,0,6,-92.67
603601,413380.0,3386545.0,30,220,3,3,2585.0,9.2,484,6,6,413310,3386185,489,0,5,-93.88
603601,413380.0,3386545.0,30,220,3,3,2585.0,9.2,484,6,6,413305,3386200,489,0,6,-96.4
603601,413380.0,3386545.0,30,220,3,3,2585.0,9.2,484,6,6,413290,3386165,489,0,6,-97.0
603601,413380.0,3386545.0,30,220,3,3,2585.0,9.2,484,6,6,413285,3386180,489,0,6,-88.0
603601,413380.0,3386545.0,30,220,3,3,2585.0,9.2,484,6,6,413675,3386185,489,0,5,-115.25
603601,413380.0,3386545.0,30,220,3,3,2585.0,9.2,484,6,6,413670,3386190,489,0,12,-113.0
603601,413380.0,3386545.0,30,220,3,3,2585.0,9.2,484,6,6,413375,3386520,485,0,5,-76.8
603601,413380.0,3386545.0,30,220,3,3,2585.0,9.2,484,6,6,413420,3386525,484,18,5,-79.5
603601,413380.0,3386545.0,30,220,3,3,2585.0,9.2,484,6,6,413390,3386495,485,0,5,-75.61
603601,413380.0,3386545.0,30,220,3,3,2585.0,9.2,484,6,6,413395,3386500,485,0,5,-76.65
603601,413380.0,3386545.0,30,220,3,3,2585.0,9.2,484,6,6,413415,3386560,483,18,6,-102.21
603601,413380.0,3386545.0,30,220,3,3,2585.0,9.2,484,6,6,413410,3386555,483,18,6,-99.44
603601,413380.0,3386545.0,30,220,3,3,2585.0,9.2,484,6,6,413405,3386550,484,0,6,-92.0
603601,413380.0,3386545.0,30,220,3,3,2585.0,9.2,484,6,6,413260,3386365,488,5,11,-105.5
603601,413380.0,3386545.0,30,220,3,3,2585.0,9.2,484,6,6,413230,3386335,487,0,5,-102.5
603601,413380.0,3386545.0,30,220,3,3,2585.0,9.2,484,6,6,413360,3386505,485,0,5,-77.44
603601,413380.0,3386545.0,30,220,3,3,2585.0,9.2,484,6,6,413325,3386470,486,0,6,-114.0
603601,413380.0,3386545.0,30,220,3,3,2585.0,9.2,484,6,6,413365,3386510,485,0,5,-76.25
603601,413380.0,3386545.0,30,220,3,3,2585.0,9.2,484,6,6,413435,3386540,483,0,6,-93.5
603601,413380.0,3386545.0,30,220,3,3,2585.0,9.2,484,6,6,413425,3386530,484,18,6,-82.33
603601,413380.0,3386545.0,30,220,3,3,2585.0,9.2,484,6,6,413320,3386465,486,0,6,-92.75
603601,413380.0,3386545.0,30,220,3,3,2585.0,9.2,484,6,6,413385,3386490,485,0,5,-77.07
603601,413380.0,3386545.0,30,220,3,3,2585.0,9.2,484,6,6,413370,3386515,485,0,5,-78.82
603601,413380.0,3386545.0,30,220,3,3,2585.0,9.2,484,6,6,413380,3386485,485,0,5,-74.67
603601,413380.0,3386545.0,30,220,3,3,2585.0,9.2,484,6,6,413100,3386535,485,0,5,-91.5
603601,413380.0,3386545.0,30,220,3,3,2585.0,9.2,484,6,6,413660,3386475,485,0,5,-80.33
603601,413380.0,3386545.0,30,220,3,3,2585.0,9.2,484,6,6,413690,3386485,484,0,5,-84.15
603601,413380.0,3386545.0,30,220,3,3,2585.0,9.2,484,6,6,413665,3386480,485,0,5,-85.57
603601,413380.0,3386545.0,30,220,3,3,2585.0,9.2,484,6,6,413650,3386445,486,0,5,-89.57
603601,413380.0,3386545.0,30,220,3,3,2585.0,9.2,484,6,6,413680,3386495,484,0,6,-91.9
603601,413380.0,3386545.0,30,220,3,3,2585.0,9.2,484,6,6,413685,3386500,484,0,6,-91.24
603601,413380.0,3386545.0,30,220,3,3,2585.0,9.2,484,6,6,413675,3386470,485,0,5,-84.43
603601,413380.0,3386545.0,30,220,3,3,2585.0,9.2,484,6,6,413640,3386455,485,0,5,-89.18
603601,413380.0,3386545.0,30,220,3,3,2585.0,9.2,484,6,6,413645,3386460,485,0,5,-84.57
603601,413380.0,3386545.0,30,220,3,3,2585.0,9.2,484,6,6,413725,3386540,485,0,5,-105.4
603601,413380.0,3386545.0,30,220,3,3,2585.0,9.2,484,6,6,413730,3386525,485,6,14,-102.35
603601,413380.0,3386545.0,30,220,3,3,2585.0,9.2,484,6,6,413720,3386535,485,0,14,-107.67
603601,413380.0,3386545.0,30,220,3,3,2585.0,9.2,484,6,6,413735,3386530,485,0,14,-107.71
603601,413380.0,3386545.0,30,220,3,3,2585.0,9.2,484,6,6,413705,3386520,484,12,5,-104.0
603601,413380.0,3386545.0,30,220,3,3,2585.0,9.2,484,6,6,413625,3386440,486,0,6,-86.5
603601,413380.0,3386545.0,30,220,3,3,2585.0,9.2,484,6,6,413655,3386450,485,0,5,-90.31
603601,413380.0,3386545.0,30,220,3,3,2585.0,9.2,484,6,6,413695,3386490,484,0,6,-82.67
603601,413380.0,3386545.0,30,220,3,3,2585.0,9.2,484,6,6,413670,3386465,485,0,5,-84.94
603601,413380.0,3386545.0,30,220,3,3,2585.0,9.2,484,6,6,413360,3386535,484,0,6,-91.5
603601,413380.0,3386545.0,30,220,3,3,2585.0,9.2,484,6,6,413410,3386485,485,0,5,-81.0
603601,413380.0,3386545.0,30,220,3,3,2585.0,9.2,484,6,6,413435,3386510,485,0,5,-79.8
603601,413380.0,3386545.0,30,220,3,3,2585.0,9.2,484,6,6,413405,3386500,485,0,5,-80.51
603601,413380.0,3386545.0,30,220,3,3,2585.0,9.2,484,6,6,413400,3386495,485,0,5,-78.43
603601,413380.0,3386545.0,30,220,3,3,2585.0,9.2,484,6,6,413390,3386545,484,0,6,-99.0
603601,413380.0,3386545.0,30,220,3,3,2585.0,9.2,484,6,6,413315,3386470,486,0,6,-89.0
603601,413380.0,3386545.0,30,220,3,3,2585.0,9.2,484,6,6,413395,3386550,484,0,6,-95.67
603601,413380.0,3386545.0,30,220,3,3,2585.0,9.2,484,6,6,413260,3386355,488,58,11,-104.0
603601,413380.0,3386545.0,30,220,3,3,2585.0,9.2,484,6,6,413240,3386335,487,0,11,-111.5
603601,413380.0,3386545.0,30,220,3,3,2585.0,9.2,484,6,6,413370,3386525,484,0,5,-79.4
603601,413380.0,3386545.0,30,220,3,3,2585.0,9.2,484,6,6,413430,3386505,485,0,5,-80.24
603601,413380.0,3386545.0,30,220,3,3,2585.0,9.2,484,6,6,413310,3386465,487,0,6,-116.5
603601,413380.0,3386545.0,30,220,3,3,2585.0,9.2,484,6,6,413415,3386490,485,0,5,-85.17
603601,413380.0,3386545.0,30,220,3,3,2585.0,9.2,484,6,6,413420,3386515,484,0,5,-80.92
603601,413380.0,3386545.0,30,220,3,3,2585.0,9.2,484,6,6,413380,3386675,486,0,7,-93.0
603601,413380.0,3386545.0,30,220,3,3,2585.0,9.2,484,6,6,413695,3386515,484,0,6,-93.0
603601,413380.0,3386545.0,30,220,3,3,2585.0,9.2,484,6,6,413625,3386405,487,0,12,-109.5
603601,413380.0,3386545.0,30,220,3,3,2585.0,9.2,484,6,6,413725,3386545,485,12,5,-102.5
603601,413380.0,3386545.0,30,220,3,3,2585.0,9.2,484,6,6,413690,3386520,484,0,6,-99.0
603601,413380.0,3386545.0,30,220,3,3,2585.0,9.2,484,6,6,413665,3386445,486,0,5,-86.67
603601,413380.0,3386545.0,30,220,3,3,2585.0,9.2,484,6,6,413680,3386510,484,0,6,-90.71
603601,413380.0,3386545.0,30,220,3,3,2585.0,9.2,484,6,6,413660,3386450,485,0,5,-89.11
603601,413380.0,3386545.0,30,220,3,3,2585.0,9.2,484,6,6,413760,3386590,485,0,5,-118.0
603601,413380.0,3386545.0,30,220,3,3,2585.0,9.2,484,6,6,413675,3386455,485,0,5,-86.86
603601,413380.0,3386545.0,30,220,3,3,2585.0,9.2,484,6,6,413685,3386505,484,0,7,-92.97
603601,413380.0,3386545.0,30,220,3,3,2585.0,9.2,484,6,6,413645,3386465,485,0,5,-87.61
603601,413380.0,3386545.0,30,220,3,3,2585.0,9.2,484,6,6,413655,3386475,485,0,5,-78.82
603601,413380.0,3386545.0,30,220,3,3,2585.0,9.2,484,6,6,413640,3386470,485,0,5,-87.69
603601,413380.0,3386545.0,30,220,3,3,2585.0,9.2,484,6,6,413780,3386570,484,12,14,-113.5
603601,413380.0,3386545.0,30,220,3,3,2585.0,9.2,484,6,6,413670,3386460,485,0,5,-87.6
603601,413380.0,3386545.0,30,220,3,3,2585.0,9.2,484,6,6,413700,3386490,484,12,6,-94.63
603601,413380.0,3386545.0,30,220,3,3,2585.0,9.2,484,6,6,413610,3386440,486,0,6,-84.33
603601,413380.0,3386545.0,30,220,3,3,2585.0,9.2,484,6,6,413705,3386485,484,0,5,-82.0
603601,413380.0,3386545.0,30,220,3,3,2585.0,9.2,484,6,6,413740,3386530,485,0,14,-107.5
603601,413380.0,3386545.0,30,220,3,3,2585.0,9.2,484,6,6,413650,3386480,485,0,5,-79.5
603601,413380.0,3386545.0,30,220,3,3,2585.0,9.2,484,6,6,413020,3386520,488,0,6,-82.5
603601,413380.0,3386545.0,30,220,3,3,2585.0,9.2,484,6,6,413310,3386165,489,0,5,-96.29
603601,413380.0,3386545.0,30,220,3,3,2585.0,9.2,484,6,6,413295,3386190,489,0,6,-94.83
603601,413380.0,3386545.0,30,220,3,3,2585.0,9.2,484,6,6,413290,3386185,489,0,6,-93.4
603601,413380.0,3386545.0,30,220,3,3,2585.0,9.2,484,6,6,413305,3386180,489,0,6,-94.25
603601,413380.0,3386545.0,30,220,3,3,2585.0,9.2,484,6,6,413265,3385980,492,0,5,-87.17
603601,413380.0,3386545.0,30,220,3,3,2585.0,9.2,484,6,6,413300,3386175,489,0,6,-94.82
603601,413380.0,3386545.0,30,220,3,3,2585.0,9.2,484,6,6,413315,3386170,489,0,5,-97.17
603601,413380.0,3386545.0,30,220,3,3,2585.0,9.2,484,6,6,413260,3385975,492,0,5,-87.8
603601,413380.0,3386545.0,30,220,3,3,2585.0,9.2,484,6,6,413505,3386635,484,0,5,-123.5
603601,413380.0,3386545.0,30,220,3,3,2585.0,9.2,484,6,6,413445,3386575,482,0,14,-86.0
603601,413380.0,3386545.0,30,220,3,3,2585.0,9.2,484,6,6,413470,3386590,483,18,5,-98.11
603601,413380.0,3386545.0,30,220,3,3,2585.0,9.2,484,6,6,413440,3386580,483,0,14,-87.5
603601,413380.0,3386545.0,30,220,3,3,2585.0,9.2,484,6,6,413450,3386570,482,0,14,-91.5
603601,413380.0,3386545.0,30,220,3,3,2585.0,9.2,484,6,6,413495,3386605,483,0,14,-99.0
603601,413380.0,3386545.0,30,220,3,3,2585.0,9.2,484,6,6,413500,3386640,484,0,14,-107.0
603601,413380.0,3386545.0,30,220,3,3,2585.0,9.2,484,6,6,413455,3386565,482,18,5,-98.25
603601,413380.0,3386545.0,30,220,3,3,2585.0,9.2,484,6,6,413510,3386630,484,0,5,-106.0
603601,413380.0,3386545.0,30,220,3,3,2585.0,9.2,484,6,6,413485,3386615,483,0,14,-105.75
603601,413380.0,3386545.0,30,220,3,3,2585.0,9.2,484,6,6,413525,3386655,485,18,5,-107.0
603601,413380.0,3386545.0,30,220,3,3,2585.0,9.2,484,6,6,413475,3386585,483,0,5,-100.0
603601,413380.0,3386545.0,30,220,3,3,2585.0,9.2,484,6,6,413465,3386595,483,0,5,-100.33
603601,413380.0,3386545.0,30,220,3,3,2585.0,9.2,484,6,6,413490,3386610,483,0,14,-99.6
603601,413380.0,3386545.0,30,220,3,3,2585.0,9.2,484,6,6,413585,3386715,485,0,14,-102.5
603601,413380.0,3386545.0,30,220,3,3,2585.0,9.2,484,6,6,413120,3386535,485,0,5,-92.0
603601,413380.0,3386545.0,30,220,3,3,2585.0,9.2,484,6,6,413195,3386510,485,0,5,-83.5
603601,413380.0,3386545.0,30,220,3,3,2585.0,9.2,484,6,6,413180,3386515,485,0,5,-83.0
603601,413380.0,3386545.0,30,220,3,3,2585.0,9.2,484,6,6,413185,3386520,485,0,5,-84.67
603601,413380.0,3386545.0,30,220,3,3,2585.0,9.2,484,6,6,413435,3386270,487,0,6,-91.0
603601,413380.0,3386545.0,30,220,3,3,2585.0,9.2,484,6,6,413420,3386275,487,0,5,-99.0
603601,413380.0,3386545.0,30,220,3,3,2585.0,9.2,484,6,6,413425,3386280,487,0,5,-92.33
603601,413380.0,3386545.0,30,220,3,3,2585.0,9.2,484,6,6,413705,3386495,484,12,6,-90.0
603601,413380.0,3386545.0,30,220,3,3,2585.0,9.2,484,6,6,413740,3386540,485,0,5,-103.75
603601,413380.0,3386545.0,30,220,3,3,2585.0,9.2,484,6,6,413710,3386490,484,12,6,-86.67
603601,413380.0,3386545.0,30,220,3,3,2585.0,9.2,484,6,6,413475,3386245,487,20,12,-104.67
603601,413380.0,3386545.0,30,220,3,3,2585.0,9.2,484,6,6,413680,3386520,484,0,6,-94.2
603601,413380.0,3386545.0,30,220,3,3,2585.0,9.2,484,6,6,413650,3386470,485,0,5,-84.14
603601,413380.0,3386545.0,30,220,3,3,2585.0,9.2,484,6,6,413655,3386465,485,0,5,-86.67
603601,413380.0,3386545.0,30,220,3,3,2585.0,9.2,484,6,6,413670,3386450,485,0,5,-87.6
603601,413380.0,3386545.0,30,220,3,3,2585.0,9.2,484,6,6,413675,3386445,485,0,5,-88.8
603601,413380.0,3386545.0,30,220,3,3,2585.0,9.2,484,6,6,413685,3386515,484,0,6,-95.64
603601,413380.0,3386545.0,30,220,3,3,2585.0,9.2,484,6,6,413660,3386460,485,0,5,-86.75
603601,413380.0,3386545.0,30,220,3,3,2585.0,9.2,484,6,6,413645,3386475,485,0,5,-83.27
603601,413380.0,3386545.0,30,220,3,3,2585.0,9.2,484,6,6,413690,3386510,484,0,6,-91.54
603601,413380.0,3386545.0,30,220,3,3,2585.0,9.2,484,6,6,413700,3386500,484,12,6,-93.8
603601,413380.0,3386545.0,30,220,3,3,2585.0,9.2,484,6,6,413695,3386505,484,0,7,-97.0
603601,413380.0,3386545.0,30,220,3,3,2585.0,9.2,484,6,6,413615,3386425,486,0,5,-100.67
603601,413380.0,3386545.0,30,220,3,3,2585.0,9.2,484,6,6,413805,3386635,487,0,5,-118.67
603601,413380.0,3386545.0,30,220,3,3,2585.0,9.2,484,6,6,413715,3386485,484,0,5,-80.0
603601,413380.0,3386545.0,30,220,3,3,2585.0,9.2,484,6,6,413665,3386455,485,0,5,-89.86
603601,413380.0,3386545.0,30,220,3,3,2585.0,9.2,484,6,6,413640,3386480,485,0,5,-77.83
603601,413380.0,3386545.0,30,220,3,3,2585.0,9.2,484,6,6,413300,3386125,489,0,6,-97.8
603601,413380.0,3386545.0,30,220,3,3,2585.0,9.2,484,6,6,413285,3386150,489,0,6,-90.0
603601,413380.0,3386545.0,30,220,3,3,2585.0,9.2,484,6,6,413415,3386200,487,0,5,-91.0
603601,413380.0,3386545.0,30,220,3,3,2585.0,9.2,484,6,6,413500,3386555,483,18,5,-109.5
603601,413380.0,3386545.0,30,220,3,3,2585.0,9.2,484,6,6,413560,3386455,486,0,5,-84.33
603601,413380.0,3386545.0,30,220,3,3,2585.0,9.2,484,6,6,413465,3386520,484,18,5,-102.33
603601,413380.0,3386545.0,30,220,3,3,2585.0,9.2,484,6,6,413515,3386550,483,18,5,-100.5
603601,413380.0,3386545.0,30,220,3,3,2585.0,9.2,484,6,6,413625,3386360,487,0,12,-112.75
603601,413380.0,3386545.0,30,220,3,3,2585.0,9.2,484,6,6,413655,3386370,487,0,12,-111.0
603601,413380.0,3386545.0,30,220,3,3,2585.0,9.2,484,6,6,413645,3386380,487,0,5,-113.5
603601,413380.0,3386545.0,30,220,3,3,2585.0,9.2,484,6,6,413485,3386540,483,0,6,-105.2
603601,413380.0,3386545.0,30,220,3,3,2585.0,9.2,484,6,6,413480,3386535,484,0,6,-94.71
603601,413380.0,3386545.0,30,220,3,3,2585.0,9.2,484,6,6,413450,3386485,486,0,5,-81.14
603601,413380.0,3386545.0,30,220,3,3,2585.0,9.2,484,6,6,413440,3386495,485,0,5,-80.37
603601,413380.0,3386545.0,30,220,3,3,2585.0,9.2,484,6,6,413590,3386465,485,0,5,-83.14
603601,413380.0,3386545.0,30,220,3,3,2585.0,9.2,484,6,6,413595,3386470,485,0,5,-82.62
603601,413380.0,3386545.0,30,220,3,3,2585.0,9.2,484,6,6,413580,3386475,485,0,5,-82.23
603601,413380.0,3386545.0,30,220,3,3,2585.0,9.2,484,6,6,413470,3386505,485,0,5,-81.75
603601,413380.0,3386545.0,30,220,3,3,2585.0,9.2,484,6,6,413475,3386510,485,18,5,-85.0
603601,413380.0,3386545.0,30,220,3,3,2585.0,9.2,484,6,6,413445,3386500,485,0,5,-79.87
603601,413380.0,3386545.0,30,220,3,3,2585.0,9.2,484,6,6,413455,3386490,486,0,5,-80.73
603601,413380.0,3386545.0,30,220,3,3,2585.0,9.2,484,6,6,413575,3386450,486,0,5,-78.67
603601,413380.0,3386545.0,30,220,3,3,2585.0,9.2,484,6,6,413565,3386460,485,0,5,-81.83
603601,413380.0,3386545.0,30,220,3,3,2585.0,9.2,484,6,6,413460,3386515,484,18,5,-76.0
603601,413380.0,3386545.0,30,220,3,3,2585.0,9.2,484,6,6,413585,3386480,485,0,5,-81.53
603601,413380.0,3386545.0,30,220,3,3,2585.0,9.2,484,6,6,413545,3386440,486,0,5,-76.0
603601,413380.0,3386545.0,30,220,3,3,2585.0,9.2,484,6,6,413845,3386465,488,0,6,-107.5
603601,413380.0,3386545.0,30,220,3,3,2585.0,9.2,484,6,6,413735,3386595,486,0,14,-113.0
603601,413380.0,3386545.0,30,220,3,3,2585.0,9.2,484,6,6,413730,3386600,486,12,14,-115.5
603601,413380.0,3386545.0,30,220,3,3,2585.0,9.2,484,6,6,413720,3386590,485,0,5,-110.67
603601,413380.0,3386545.0,30,220,3,3,2585.0,9.2,484,6,6,413725,3386585,485,6,5,-111.0
603601,413380.0,3386545.0,30,220,3,3,2585.0,9.2,484,6,6,413685,3386625,486,0,5,-107.33
603601,413380.0,3386545.0,30,220,3,3,2585.0,9.2,484,6,6,413700,3386610,486,0,14,-107.33
603601,413380.0,3386545.0,30,220,3,3,2585.0,9.2,484,6,6,413680,3386630,486,0,6,-107.0
603601,413380.0,3386545.0,30,220,3,3,2585.0,9.2,484,6,6,413630,3386700,485,0,5,-101.5
603601,413380.0,3386545.0,30,220,3,3,2585.0,9.2,484,6,6,413635,3386695,485,0,5,-101.5
603601,413380.0,3386545.0,30,220,3,3,2585.0,9.2,484,6,6,413705,3386605,486,0,14,-106.5
603601,413380.0,3386545.0,30,220,3,3,2585.0,9.2,484,6,6,413665,3386560,484,0,7,-94.5
603601,413380.0,3386545.0,30,220,3,3,2585.0,9.2,484,6,6,413610,3386485,485,0,5,-81.0
603601,413380.0,3386545.0,30,220,3,3,2585.0,9.2,484,6,6,413715,3386430,486,0,6,-94.0
603601,413380.0,3386545.0,30,220,3,3,2585.0,9.2,484,6,6,413675,3386550,485,0,6,-101.92
603601,413380.0,3386545.0,30,220,3,3,2585.0,9.2,484,6,6,413720,3386455,485,0,5,-89.44
603601,413380.0,3386545.0,30,220,3,3,2585.0,9.2,484,6,6,413735,3386450,485,0,5,-94.0
603601,413380.0,3386545.0,30,220,3,3,2585.0,9.2,484,6,6,413670,3386545,484,0,5,-105.5
603601,413380.0,3386545.0,30,220,3,3,2585.0,9.2,484,6,6,413705,3386440,485,0,5,-90.0
603601,413380.0,3386545.0,30,220,3,3,2585.0,9.2,484,6,6,413730,3386445,485,0,5,-96.8
603601,413380.0,3386545.0,30,220,3,3,2585.0,9.2,484,6,6,413700,3386435,486,0,5,-84.67
603601,413380.0,3386545.0,30,220,3,3,2585.0,9.2,484,6,6,413725,3386460,485,0,5,-90.75
603601,413380.0,3386545.0,30,220,3,3,2585.0,9.2,484,6,6,413390,3386650,486,0,14,-117.0
603601,413380.0,3386545.0,30,220,3,3,2585.0,9.2,484,6,6,413410,3386170,488,0,5,-91.67
603601,413380.0,3386545.0,30,220,3,3,2585.0,9.2,484,6,6,413400,3386180,488,22,12,-97.0
603601,413380.0,3386545.0,30,220,3,3,2585.0,9.2,484,6,6,413290,3386130,489,0,6,-91.67
603601,413380.0,3386545.0,30,220,3,3,2585.0,9.2,484,6,6,413300,3386160,489,0,6,-94.86
603601,413380.0,3386545.0,30,220,3,3,2585.0,9.2,484,6,6,413295,3386125,489,0,6,-93.67
603601,413380.0,3386545.0,30,220,3,3,2585.0,9.2,484,6,6,413280,3386140,489,0,5,-92.5
603601,413380.0,3386545.0,30,220,3,3,2585.0,9.2,484,6,6,413285,3386135,489,0,6,-101.0
603601,413380.0,3386545.0,30,220,3,3,2585.0,9.2,484,6,6,413610,3386585,484,0,5,-109.4
603601,413380.0,3386545.0,30,220,3,3,2585.0,9.2,484,6,6,413615,3386590,484,0,5,-109.67
603601,413380.0,3386545.0,30,220,3,3,2585.0,9.2,484,6,6,413765,3386440,486,0,5,-96.0
603601,413380.0,3386545.0,30,220,3,3,2585.0,9.2,484,6,6,413605,3386600,484,0,5,-109.17
603601,413380.0,3386545.0,30,220,3,3,2585.0,9.2,484,6,6,413600,3386595,484,0,5,-109.8
603601,413380.0,3386545.0,30,220,3,3,2585.0,9.2,484,6,6,413760,3386435,486,0,5,-94.57
603601,413380.0,3386545.0,30,220,3,3,2585.0,9.2,484,6,6,413775,3386430,486,0,5,-93.5
603601,413380.0,3386545.0,30,220,3,3,2585.0,9.2,484,6,6,413770,3386425,486,0,5,-97.67
603601,413380.0,3386545.0,30,220,3,3,2585.0,9.2,484,6,6,413675,3386610,485,0,6,-107.4
603601,413380.0,3386545.0,30,220,3,3,2585.0,9.2,484,6,6,413555,3386640,485,0,5,-107.5
603601,413380.0,3386545.0,30,220,3,3,2585.0,9.2,484,6,6,413485,3386650,484,0,14,-108.0
603601,413380.0,3386545.0,30,220,3,3,2585.0,9.2,484,6,6,413575,3386580,484,0,5,-105.67
603601,413380.0,3386545.0,30,220,3,3,2585.0,9.2,484,6,6,413550,3386635,485,18,5,-106.14
603601,413380.0,3386545.0,30,220,3,3,2585.0,9.2,484,6,6,413505,3386670,485,0,5,-114.0
603601,413380.0,3386545.0,30,220,3,3,2585.0,9.2,484,6,6,413590,3386595,484,0,14,-110.28
603601,413380.0,3386545.0,30,220,3,3,2585.0,9.2,484,6,6,413595,3386600,484,0,5,-108.9
603601,413380.0,3386545.0,30,220,3,3,2585.0,9.2,484,6,6,413525,3386610,484,18,14,-104.24
603601,413380.0,3386545.0,30,220,3,3,2585.0,9.2,484,6,6,413520,3386605,484,0,14,-105.55
603601,413380.0,3386545.0,30,220,3,3,2585.0,9.2,484,6,6,413530,3386615,484,0,5,-106.75
603601,413380.0,3386545.0,30,220,3,3,2585.0,9.2,484,6,6,413535,3386620,485,0,5,-103.73
603601,413380.0,3386545.0,30,220,3,3,2585.0,9.2,484,6,6,413540,3386625,485,0,5,-106.2
603601,413380.0,3386545.0,30,220,3,3,2585.0,9.2,484,6,6,413545,3386630,485,18,5,-105.86
603601,413380.0,3386545.0,30,220,3,3,2585.0,9.2,484,6,6,413610,3386600,484,0,5,-108.67
603601,413380.0,3386545.0,30,220,3,3,2585.0,9.2,484,6,6,413770,3386440,486,0,5,-93.0
603601,413380.0,3386545.0,30,220,3,3,2585.0,9.2,484,6,6,413670,3386620,485,0,6,-102.0
603601,413380.0,3386545.0,30,220,3,3,2585.0,9.2,484,6,6,413605,3386585,484,0,5,-109.22
603601,413380.0,3386545.0,30,220,3,3,2585.0,9.2,484,6,6,413600,3386590,484,0,5,-111.0
603601,413380.0,3386545.0,30,220,3,3,2585.0,9.2,484,6,6,413760,3386430,486,0,5,-94.67
603601,413380.0,3386545.0,30,220,3,3,2585.0,9.2,484,6,6,413775,3386435,486,0,5,-96.0
603601,413380.0,3386545.0,30,220,3,3,2585.0,9.2,484,6,6,413790,3386420,487,0,6,-92.5
603601,413380.0,3386545.0,30,220,3,3,2585.0,9.2,484,6,6,413675,3386615,485,0,6,-106.33
603601,413380.0,3386545.0,30,220,3,3,2585.0,9.2,484,6,6,413440,3386245,487,0,5,-101.5
603601,413380.0,3386545.0,30,220,3,3,2585.0,9.2,484,6,6,413715,3386520,484,12,5,-104.5
603601,413380.0,3386545.0,30,220,3,3,2585.0,9.2,484,6,6,413695,3386500,484,0,6,-91.38
603601,413380.0,3386545.0,30,220,3,3,2585.0,9.2,484,6,6,413755,3386560,485,0,5,-120.0
603601,413380.0,3386545.0,30,220,3,3,2585.0,9.2,484,6,6,413450,3386255,487,0,5,-104.0
603601,413380.0,3386545.0,30,220,3,3,2585.0,9.2,484,6,6,413640,3386445,486,0,5,-90.5
603601,413380.0,3386545.0,30,220,3,3,2585.0,9.2,484,6,6,413445,3386250,487,0,12,-97.5
603601,413380.0,3386545.0,30,220,3,3,2585.0,9.2,484,6,6,413635,3386440,486,0,6,-87.8
603601,413380.0,3386545.0,30,220,3,3,2585.0,9.2,484,6,6,413690,3386495,484,0,6,-90.0
603601,413380.0,3386545.0,30,220,3,3,2585.0,9.2,484,6,6,413725,3386530,485,0,14,-108.9
603601,413380.0,3386545.0,30,220,3,3,2585.0,9.2,484,6,6,413660,3386465,485,0,5,-87.36
603601,413380.0,3386545.0,30,220,3,3,2585.0,9.2,484,6,6,413675,3386480,484,0,5,-94.86
603601,413380.0,3386545.0,30,220,3,3,2585.0,9.2,484,6,6,413645,3386450,486,0,5,-88.0
603601,413380.0,3386545.0,30,220,3,3,2585.0,9.2,484,6,6,413685,3386490,484,0,5,-89.26
603601,413380.0,3386545.0,30,220,3,3,2585.0,9.2,484,6,6,413680,3386485,484,0,5,-89.35
603601,413380.0,3386545.0,30,220,3,3,2585.0,9.2,484,6,6,413720,3386525,485,6,5,-102.96
603601,413380.0,3386545.0,30,220,3,3,2585.0,9.2,484,6,6,413665,3386470,485,0,5,-81.67
603601,413380.0,3386545.0,30,220,3,3,2585.0,9.2,484,6,6,413730,3386535,485,6,14,-108.53
603601,413380.0,3386545.0,30,220,3,3,2585.0,9.2,484,6,6,413710,3386515,484,12,6,-112.5
603601,413380.0,3386545.0,30,220,3,3,2585.0,9.2,484,6,6,413700,3386505,484,12,7,-102.4
603601,413380.0,3386545.0,30,220,3,3,2585.0,9.2,484,6,6,413655,3386460,485,0,5,-87.5
603601,413380.0,3386545.0,30,220,3,3,2585.0,9.2,484,6,6,413650,3386455,485,0,5,-87.47
603601,413380.0,3386545.0,30,220,3,3,2585.0,9.2,484,6,6,413670,3386475,485,0,5,-82.21
603601,413380.0,3386545.0,30,220,3,3,2585.0,9.2,484,6,6,413735,3386540,485,0,5,-109.2
603601,413380.0,3386545.0,30,220,3,3,2585.0,9.2,484,6,6,413110,3386510,486,0,5,-97.67
603601,413380.0,3386545.0,30,220,3,3,2585.0,9.2,484,6,6,413430,3386595,483,18,5,-111.63
603601,413380.0,3386545.0,30,220,3,3,2585.0,9.2,484,6,6,413380,3386625,485,0,14,-95.0
603601,413380.0,3386545.0,30,220,3,3,2585.0,9.2,484,6,6,413370,3386615,486,0,7,-109.33
603601,413380.0,3386545.0,30,220,3,3,2585.0,9.2,484,6,6,413405,3386570,483,18,5,-106.55
603601,413380.0,3386545.0,30,220,3,3,2585.0,9.2,484,6,6,413400,3386565,483,18,6,-101.54
603601,413380.0,3386545.0,30,220,3,3,2585.0,9.2,484,6,6,413385,3386630,485,0,14,-110.67
603601,413380.0,3386545.0,30,220,3,3,2585.0,9.2,484,6,6,413415,3386580,483,0,14,-113.52
603601,413380.0,3386545.0,30,220,3,3,2585.0,9.2,484,6,6,413410,3386575,483,0,14,-108.4
603601,413380.0,3386545.0,30,220,3,3,2585.0,9.2,484,6,6,413425,3386590,483,0,14,-112.71
603601,413380.0,3386545.0,30,220,3,3,2585.0,9.2,484,6,6,413420,3386585,483,0,14,-113.77
603601,413380.0,3386545.0,30,220,3,3,2585.0,9.2,484,6,6,413540,3386635,485,0,5,-101.0
603601,413380.0,3386545.0,30,220,3,3,2585.0,9.2,484,6,6,413495,3386650,484,0,14,-112.5
603601,413380.0,3386545.0,30,220,3,3,2585.0,9.2,484,6,6,413585,3386600,484,0,14,-107.0
603601,413380.0,3386545.0,30,220,3,3,2585.0,9.2,484,6,6,413580,3386595,484,0,5,-106.5
603601,413380.0,3386545.0,30,220,3,3,2585.0,9.2,484,6,6,413595,3386590,484,0,5,-112.25
603601,413380.0,3386545.0,30,220,3,3,2585.0,9.2,484,6,6,413550,3386625,485,18,5,-105.0
603601,413380.0,3386545.0,30,220,3,3,2585.0,9.2,484,6,6,413510,3386665,485,0,14,-112.0
603601,413380.0,3386545.0,30,220,3,3,2585.0,9.2,484,6,6,413530,3386605,484,0,14,-104.38
603601,413380.0,3386545.0,30,220,3,3,2585.0,9.2,484,6,6,413505,3386680,485,0,5,-108.0
603601,413380.0,3386545.0,30,220,3,3,2585.0,9.2,484,6,6,413590,3386585,484,18,5,-112.78
603601,413380.0,3386545.0,30,220,3,3,2585.0,9.2,484,6,6,413535,3386610,484,0,14,-106.17
603601,413380.0,3386545.0,30,220,3,3,2585.0,9.2,484,6,6,413555,3386630,485,18,5,-106.89
603601,413380.0,3386545.0,30,220,3,3,2585.0,9.2,484,6,6,413520,3386615,484,18,5,-100.43
603601,413380.0,3386545.0,30,220,3,3,2585.0,9.2,484,6,6,413525,3386620,484,18,5,-103.5
603601,413380.0,3386545.0,30,220,3,3,2585.0,9.2,484,6,6,413630,3386600,484,0,5,-109.5
603601,413380.0,3386545.0,30,220,3,3,2585.0,9.2,484,6,6,413610,3386580,484,18,5,-113.0
603601,413380.0,3386545.0,30,220,3,3,2585.0,9.2,484,6,6,413790,3386440,486,0,5,-94.5
603601,413380.0,3386545.0,30,220,3,3,2585.0,9.2,484,6,6,413805,3386445,487,0,5,-85.0
603601,413380.0,3386545.0,30,220,3,3,2585.0,9.2,484,6,6,413780,3386430,486,0,5,-97.67
603601,413380.0,3386545.0,30,220,3,3,2585.0,9.2,484,6,6,413680,3386650,486,0,6,-112.0
603601,413380.0,3386545.0,30,220,3,3,2585.0,9.2,484,6,6,413770,3386420,486,0,6,-92.5
603601,413380.0,3386545.0,30,220,3,3,2585.0,9.2,484,6,6,413675,3386635,486,0,6,-111.33
603601,413380.0,3386545.0,30,220,3,3,2585.0,9.2,484,6,6,413785,3386425,487,0,5,-92.0
603601,413380.0,3386545.0,30,220,3,3,2585.0,9.2,484,6,6,413670,3386640,486,0,6,-108.0
603601,413380.0,3386545.0,30,220,3,3,2585.0,9.2,484,6,6,413600,3386570,484,18,5,-111.0
603601,413380.0,3386545.0,30,220,3,3,2585.0,9.2,484,6,6,414225,3386605,490,0,5,-109.0
603601,413380.0,3386545.0,30,220,3,3,2585.0,9.2,484,6,6,413440,3386575,482,0,14,-83.67
603601,413380.0,3386545.0,30,220,3,3,2585.0,9.2,484,6,6,413465,3386600,483,18,5,-103.5
603601,413380.0,3386545.0,30,220,3,3,2585.0,9.2,484,6,6,413505,3386640,484,0,5,-107.0
603601,413380.0,3386545.0,30,220,3,3,2585.0,9.2,484,6,6,413475,3386590,483,18,5,-99.73
603601,413380.0,3386545.0,30,220,3,3,2585.0,9.2,484,6,6,413460,3386595,482,0,5,-102.0
603601,413380.0,3386545.0,30,220,3,3,2585.0,9.2,484,6,6,413455,3386570,482,0,14,-102.0
603601,413380.0,3386545.0,30,220,3,3,2585.0,9.2,484,6,6,413445,3386580,482,0,14,-90.5
603601,413380.0,3386545.0,30,220,3,3,2585.0,9.2,484,6,6,413490,3386605,483,0,14,-97.08
603601,413380.0,3386545.0,30,220,3,3,2585.0,9.2,484,6,6,413510,3386625,484,0,5,-103.67
603601,413380.0,3386545.0,30,220,3,3,2585.0,9.2,484,6,6,413470,3386585,482,0,5,-95.6
603601,413380.0,3386545.0,30,220,3,3,2585.0,9.2,484,6,6,413485,3386620,483,18,5,-108.5
603601,413380.0,3386545.0,30,220,3,3,2585.0,9.2,484,6,6,413495,3386610,483,0,14,-106.1
603601,413380.0,3386545.0,30,220,3,3,2585.0,9.2,484,6,6,413480,3386615,483,0,14,-102.6
603601,413380.0,3386545.0,30,220,3,3,2585.0,9.2,484,6,6,413450,3386565,482,18,5,-82.67
603601,413380.0,3386545.0,30,220,3,3,2585.0,9.2,484,6,6,413525,3386660,485,18,5,-116.5
603601,413380.0,3386545.0,30,220,3,3,2585.0,9.2,484,6,6,413700,3386580,485,12,14,-108.67
603601,413380.0,3386545.0,30,220,3,3,2585.0,9.2,484,6,6,413695,3386585,485,12,5,-105.0
603601,413380.0,3386545.0,30,220,3,3,2585.0,9.2,484,6,6,413710,3386570,485,12,14,-95.33
603601,413380.0,3386545.0,30,220,3,3,2585.0,9.2,484,6,6,413690,3386590,485,0,5,-107.0
603601,413380.0,3386545.0,30,220,3,3,2585.0,9.2,484,6,6,413680,3386600,485,0,6,-109.23
603601,413380.0,3386545.0,30,220,3,3,2585.0,9.2,484,6,6,413685,3386595,485,0,6,-103.0
603601,413380.0,3386545.0,30,220,3,3,2585.0,9.2,484,6,6,413385,3386570,484,6,5,-104.5
603601,413380.0,3386545.0,30,220,3,3,2585.0,9.2,484,6,6,413430,3386615,483,0,14,-110.75
603601,413380.0,3386545.0,30,220,3,3,2585.0,9.2,484,6,6,413365,3386590,485,0,5,-90.67
603601,413380.0,3386545.0,30,220,3,3,2585.0,9.2,484,6,6,413435,3386620,483,0,14,-111.75
603601,413380.0,3386545.0,30,220,3,3,2585.0,9.2,484,6,6,413370,3386595,485,0,5,-104.0
603601,413380.0,3386545.0,30,220,3,3,2585.0,9.2,484,6,6,413425,3386610,483,18,14,-108.75
603601,413380.0,3386545.0,30,220,3,3,2585.0,9.2,484,6,6,413375,3386600,485,0,14,-100.2
603601,413380.0,3386545.0,30,220,3,3,2585.0,9.2,484,6,6,413395,3386580,484,0,14,-112.2
603601,413380.0,3386545.0,30,220,3,3,2585.0,9.2,484,6,6,413420,3386605,484,18,5,-110.9
603601,413380.0,3386545.0,30,220,3,3,2585.0,9.2,484,6,6,413415,3386640,484,0,5,-107.67
603601,413380.0,3386545.0,30,220,3,3,2585.0,9.2,484,6,6,413280,3386115,489,0,5,-95.5
603601,413380.0,3386545.0,30,220,3,3,2585.0,9.2,484,6,6,413285,3386120,489,0,6,-96.0
603601,413380.0,3386545.0,30,220,3,3,2585.0,9.2,484,6,6,413295,3386110,489,0,6,-93.0
603601,413380.0,3386545.0,30,220,3,3,2585.0,9.2,484,6,6,413290,3386105,490,0,6,-88.2
603601,413380.0,3386545.0,30,220,3,3,2585.0,9.2,484,6,6,413290,3386150,489,0,6,-89.5
603601,413380.0,3386545.0,30,220,3,3,2585.0,9.2,484,6,6,413285,3386155,489,0,6,-95.0
603601,413380.0,3386545.0,30,220,3,3,2585.0,9.2,484,6,6,413390,3386210,487,0,12,-97.5
603601,413380.0,3386545.0,30,220,3,3,2585.0,9.2,484,6,6,413460,3386580,482,0,14,-104.0
603601,413380.0,3386545.0,30,220,3,3,2585.0,9.2,484,6,6,413455,3386585,482,0,14,-104.67
603601,413380.0,3386545.0,30,220,3,3,2585.0,9.2,484,6,6,413445,3386595,483,18,5,-103.0
603601,413380.0,3386545.0,30,220,3,3,2585.0,9.2,484,6,6,413495,3386625,484,18,5,-100.0
603601,413380.0,3386545.0,30,220,3,3,2585.0,9.2,484,6,6,413490,3386630,484,18,5,-108.0
603601,413380.0,3386545.0,30,220,3,3,2585.0,9.2,484,6,6,413500,3386620,484,0,5,-104.0
603601,413380.0,3386545.0,30,220,3,3,2585.0,9.2,484,6,6,413565,3386715,486,0,5,-104.75
603601,413380.0,3386545.0,30,220,3,3,2585.0,9.2,484,6,6,413555,3386645,486,0,5,-108.5
603601,413380.0,3386545.0,30,220,3,3,2585.0,9.2,484,6,6,413515,3386605,484,18,14,-102.4
603601,413380.0,3386545.0,30,220,3,3,2585.0,9.2,484,6,6,413505,3386615,484,0,14,-99.71
603601,413380.0,3386545.0,30,220,3,3,2585.0,9.2,484,6,6,413510,3386610,484,18,14,-103.13
603601,413380.0,3386545.0,30,220,3,3,2585.0,9.2,484,6,6,413465,3386575,482,0,14,-100.75
603601,413380.0,3386545.0,30,220,3,3,2585.0,9.2,484,6,6,413470,3386570,482,0,14,-105.05
603601,413380.0,3386545.0,30,220,3,3,2585.0,9.2,484,6,6,413430,3386480,486,0,5,-78.6
603601,413380.0,3386545.0,30,220,3,3,2585.0,9.2,484,6,6,413435,3386475,486,0,5,-82.33
603601,413380.0,3386545.0,30,220,3,3,2585.0,9.2,484,6,6,413325,3386525,485,0,6,-91.0
603601,413380.0,3386545.0,30,220,3,3,2585.0,9.2,484,6,6,413310,3386520,485,0,6,-109.22
603601,413380.0,3386545.0,30,220,3,3,2585.0,9.2,484,6,6,413300,3386510,486,0,5,-92.67
603601,413380.0,3386545.0,30,220,3,3,2585.0,9.2,484,6,6,413290,3386500,486,0,5,-88.83
603601,413380.0,3386545.0,30,220,3,3,2585.0,9.2,484,6,6,413305,3386505,486,0,5,-119.33
603601,413380.0,3386545.0,30,220,3,3,2585.0,9.2,484,6,6,413355,3386555,484,0,6,-91.83
603601,413380.0,3386545.0,30,220,3,3,2585.0,9.2,484,6,6,413345,3386545,484,0,6,-98.25
603601,413380.0,3386545.0,30,220,3,3,2585.0,9.2,484,6,6,413315,3386515,485,0,6,-114.5
603601,413380.0,3386545.0,30,220,3,3,2585.0,9.2,484,6,6,413735,3386500,485,0,6,-100.75
603601,413380.0,3386545.0,30,220,3,3,2585.0,9.2,484,6,6,413485,3386250,487,0,12,-103.5
603601,413380.0,3386545.0,30,220,3,3,2585.0,9.2,484,6,6,413480,3386245,487,20,12,-104.0
603601,413380.0,3386545.0,30,220,3,3,2585.0,9.2,484,6,6,413450,3386295,486,0,5,-94.0
603601,413380.0,3386545.0,30,220,3,3,2585.0,9.2,484,6,6,413455,3386300,486,0,5,-103.5
603601,413380.0,3386545.0,30,220,3,3,2585.0,9.2,484,6,6,413635,3386480,485,0,5,-82.21
603601,413380.0,3386545.0,30,220,3,3,2585.0,9.2,484,6,6,413680,3386525,485,0,6,-94.1
603601,413380.0,3386545.0,30,220,3,3,2585.0,9.2,484,6,6,413695,3386540,485,0,5,-94.6
603601,413380.0,3386545.0,30,220,3,3,2585.0,9.2,484,6,6,413690,3386535,485,0,6,-99.0
603601,413380.0,3386545.0,30,220,3,3,2585.0,9.2,484,6,6,413615,3386460,485,0,5,-83.0
603601,413380.0,3386545.0,30,220,3,3,2585.0,9.2,484,6,6,413685,3386530,485,0,6,-96.29
603601,413380.0,3386545.0,30,220,3,3,2585.0,9.2,484,6,6,413605,3386450,486,0,5,-81.67
603601,413380.0,3386545.0,30,220,3,3,2585.0,9.2,484,6,6,413625,3386470,485,0,5,-85.38
603601,413380.0,3386545.0,30,220,3,3,2585.0,9.2,484,6,6,413665,3386430,486,0,5,-94.0
603601,413380.0,3386545.0,30,220,3,3,2585.0,9.2,484,6,6,413630,3386475,485,0,5,-81.13
603601,413380.0,3386545.0,30,220,3,3,2585.0,9.2,484,6,6,413620,3386465,485,0,5,-85.76
603601,413380.0,3386545.0,30,220,3,3,2585.0,9.2,484,6,6,413790,3386635,487,0,5,-119.0
603601,413380.0,3386545.0,30,220,3,3,2585.0,9.2,484,6,6,413610,3386455,486,0,5,-89.13
603601,413380.0,3386545.0,30,220,3,3,2585.0,9.2,484,6,6,413740,3386505,485,0,6,-103.0
603601,413380.0,3386545.0,30,220,3,3,2585.0,9.2,484,6,6,413670,3386435,486,0,6,-85.67
603601,413380.0,3386545.0,30,220,3,3,2585.0,9.2,484,6,6,413675,3386440,486,0,5,-89.2
603601,413380.0,3386545.0,30,220,3,3,2585.0,9.2,484,6,6,413810,3386575,485,0,5,-116.5
603601,413380.0,3386545.0,30,220,3,3,2585.0,9.2,484,6,6,413435,3386580,483,0,14,-111.85
603601,413380.0,3386545.0,30,220,3,3,2585.0,9.2,484,6,6,413415,3386600,484,0,5,-113.0
603601,413380.0,3386545.0,30,220,3,3,2585.0,9.2,484,6,6,413425,3386570,483,18,5,-107.29
603601,413380.0,3386545.0,30,220,3,3,2585.0,9.2,484,6,6,413430,3386575,483,0,14,-112.0
603601,413380.0,3386545.0,30,220,3,3,2585.0,9.2,484,6,6,413400,3386585,484,0,14,-108.12
603601,413380.0,3386545.0,30,220,3,3,2585.0,9.2,484,6,6,413405,3386590,484,0,14,-107.25
603601,413380.0,3386545.0,30,220,3,3,2585.0,9.2,484,6,6,413410,3386595,484,0,5,-110.27
603601,413380.0,3386545.0,30,220,3,3,2585.0,9.2,484,6,6,413385,3386610,485,6,14,-88.0
603601,413380.0,3386545.0,30,220,3,3,2585.0,9.2,484,6,6,413420,3386565,483,18,5,-113.83
603601,413380.0,3386545.0,30,220,3,3,2585.0,9.2,484,6,6,413245,3386510,486,0,5,-83.88
603601,413380.0,3386545.0,30,220,3,3,2585.0,9.2,484,6,6,413220,3386525,485,0,5,-94.6
603601,413380.0,3386545.0,30,220,3,3,2585.0,9.2,484,6,6,413240,3386505,486,0,5,-87.89
603601,413380.0,3386545.0,30,220,3,3,2585.0,9.2,484,6,6,413255,3386520,485,0,5,-108.0
603601,413380.0,3386545.0,30,220,3,3,2585.0,9.2,484,6,6,413275,3386500,486,0,5,-81.0
603601,413380.0,3386545.0,30,220,3,3,2585.0,9.2,484,6,6,413435,3386340,487,23,5,-95.33
603601,413380.0,3386545.0,30,220,3,3,2585.0,9.2,484,6,6,413185,3386510,485,0,5,-84.75
603601,413380.0,3386545.0,30,220,3,3,2585.0,9.2,484,6,6,413190,3386515,485,0,5,-80.6
603601,413380.0,3386545.0,30,220,3,3,2585.0,9.2,484,6,6,413420,3386265,487,0,6,-95.0
603601,413380.0,3386545.0,30,220,3,3,2585.0,9.2,484,6,6,413135,3386540,484,0,5,-96.5
603601,413380.0,3386545.0,30,220,3,3,2585.0,9.2,484,6,6,413545,3386555,483,0,5,-95.75
603601,413380.0,3386545.0,30,220,3,3,2585.0,9.2,484,6,6,413570,3386490,485,0,5,-76.25
603601,413380.0,3386545.0,30,220,3,3,2585.0,9.2,484,6,6,413565,3386495,485,0,5,-84.0
603601,413380.0,3386545.0,30,220,3,3,2585.0,9.2,484,6,6,413575,3386485,485,0,5,-79.14
603601,413380.0,3386545.0,30,220,3,3,2585.0,9.2,484,6,6,413740,3386360,487,0,5,-109.0
603601,413380.0,3386545.0,30,220,3,3,2585.0,9.2,484,6,6,413470,3386470,486,0,5,-80.85
603601,413380.0,3386545.0,30,220,3,3,2585.0,9.2,484,6,6,413520,3386540,484,18,6,-98.0
603601,413380.0,3386545.0,30,220,3,3,2585.0,9.2,484,6,6,413460,3386480,486,0,5,-80.42
603601,413380.0,3386545.0,30,220,3,3,2585.0,9.2,484,6,6,413465,3386475,486,0,5,-78.4
603601,413380.0,3386545.0,30,220,3,3,2585.0,9.2,484,6,6,413115,3386510,486,0,5,-79.0
603601,413380.0,3386545.0,30,220,3,3,2585.0,9.2,484,6,6,413105,3386520,485,0,5,-82.5
603601,413380.0,3386545.0,30,220,3,3,2585.0,9.2,484,6,6,413455,3386240,487,0,12,-91.0
603601,413380.0,3386545.0,30,220,3,3,2585.0,9.2,484,6,6,413720,3386585,485,6,5,-116.0
603601,413380.0,3386545.0,30,220,3,3,2585.0,9.2,484,6,6,413600,3386705,485,0,14,-105.0
603601,413380.0,3386545.0,30,220,3,3,2585.0,9.2,484,6,6,413680,3386625,486,0,6,-109.0
603601,413380.0,3386545.0,30,220,3,3,2585.0,9.2,484,6,6,413730,3386595,486,0,5,-111.25
603601,413380.0,3386545.0,30,220,3,3,2585.0,9.2,484,6,6,413685,3386630,486,0,5,-105.0
603601,413380.0,3386545.0,30,220,3,3,2585.0,9.2,484,6,6,413725,3386590,485,0,5,-105.0
603601,413380.0,3386545.0,30,220,3,3,2585.0,9.2,484,6,6,413635,3386700,485,0,5,-103.33
603601,413380.0,3386545.0,30,220,3,3,2585.0,9.2,484,6,6,413700,3386605,486,0,14,-111.5
603601,413380.0,3386545.0,30,220,3,3,2585.0,9.2,484,6,6,413615,3386720,485,21,5,-104.5
603601,413380.0,3386545.0,30,220,3,3,2585.0,9.2,484,6,6,413910,3386415,490,0,5,-85.0
603601,413380.0,3386545.0,30,220,3,3,2585.0,9.2,484,6,6,413735,3386600,486,12,14,-111.5
603601,413380.0,3386545.0,30,220,3,3,2585.0,9.2,484,6,6,413365,3386550,484,0,6,-112.0
603601,413380.0,3386545.0,30,220,3,3,2585.0,9.2,484,6,6,413420,3386485,485,0,5,-79.88
603601,413380.0,3386545.0,30,220,3,3,2585.0,9.2,484,6,6,413425,3386490,485,0,5,-81.32
603601,413380.0,3386545.0,30,220,3,3,2585.0,9.2,484,6,6,413435,3386500,485,0,5,-79.79
603601,413380.0,3386545.0,30,220,3,3,2585.0,9.2,484,6,6,413400,3386505,485,0,5,-78.86
603601,413380.0,3386545.0,30,220,3,3,2585.0,9.2,484,6,6,413430,3386495,485,0,5,-80.32
603601,413380.0,3386545.0,30,220,3,3,2585.0,9.2,484,6,6,413380,3386525,484,0,5,-76.67
603601,413380.0,3386545.0,30,220,3,3,2585.0,9.2,484,6,6,413415,3386520,484,18,5,-77.0
603601,413380.0,3386545.0,30,220,3,3,2585.0,9.2,484,6,6,413405,3386510,485,0,5,-80.49
603601,413380.0,3386545.0,30,220,3,3,2585.0,9.2,484,6,6,413410,3386515,484,0,5,-77.33
603601,413380.0,3386545.0,30,220,3,3,2585.0,9.2,484,6,6,413320,3386425,487,0,6,-95.33
603601,413380.0,3386545.0,30,220,3,3,2585.0,9.2,484,6,6,413395,3386540,484,0,6,-100.5
603601,413380.0,3386545.0,30,220,3,3,2585.0,9.2,484,6,6,413715,3386545,485,12,14,-103.67
603601,413380.0,3386545.0,30,220,3,3,2585.0,9.2,484,6,6,413725,3386495,484,0,6,-107.0
603601,413380.0,3386545.0,30,220,3,3,2585.0,9.2,484,6,6,413690,3386530,485,0,6,-99.0
603601,413380.0,3386545.0,30,220,3,3,2585.0,9.2,484,6,6,413670,3386430,486,0,5,-87.25
603601,413380.0,3386545.0,30,220,3,3,2585.0,9.2,484,6,6,413440,3386300,486,23,5,-93.75
603601,413380.0,3386545.0,30,220,3,3,2585.0,9.2,484,6,6,413685,3386535,485,0,6,-97.94
603601,413380.0,3386545.0,30,220,3,3,2585.0,9.2,484,6,6,413680,3386540,485,0,6,-99.39
603601,413380.0,3386545.0,30,220,3,3,2585.0,9.2,484,6,6,413615,3386445,486,0,5,-89.33
603601,413380.0,3386545.0,30,220,3,3,2585.0,9.2,484,6,6,413610,3386450,486,0,5,-84.88
603601,413380.0,3386545.0,30,220,3,3,2585.0,9.2,484,6,6,413630,3386470,485,0,5,-85.33
603601,413380.0,3386545.0,30,220,3,3,2585.0,9.2,484,6,6,413665,3386435,486,0,6,-86.0
603601,413380.0,3386545.0,30,220,3,3,2585.0,9.2,484,6,6,413620,3386480,485,0,5,-79.1
603601,413380.0,3386545.0,30,220,3,3,2585.0,9.2,484,6,6,413635,3386465,485,0,5,-84.33
603601,413380.0,3386545.0,30,220,3,3,2585.0,9.2,484,6,6,413600,3386460,485,0,5,-85.09
603601,413380.0,3386545.0,30,220,3,3,2585.0,9.2,484,6,6,413625,3386475,485,0,5,-80.86
603601,413380.0,3386545.0,30,220,3,3,2585.0,9.2,484,6,6,413740,3386520,485,0,5,-100.67
603601,413380.0,3386545.0,30,220,3,3,2585.0,9.2,484,6,6,413720,3386500,484,0,7,-99.0
603601,413380.0,3386545.0,30,220,3,3,2585.0,9.2,484,6,6,413785,3386635,487,0,5,-119.33
603601,413380.0,3386545.0,30,220,3,3,2585.0,9.2,484,6,6,413110,3386520,485,0,5,-85.5
603601,413380.0,3386545.0,30,220,3,3,2585.0,9.2,484,6,6,413115,3386515,485,0,5,-79.0
603601,413380.0,3386545.0,30,220,3,3,2585.0,9.2,484,6,6,413490,3386220,487,0,5,-107.5
603601,413380.0,3386545.0,30,220,3,3,2585.0,9.2,484,6,6,413295,3386105,490,0,6,-93.0
603601,413380.0,3386545.0,30,220,3,3,2585.0,9.2,484,6,6,413265,3386055,491,0,5,-88.0
603601,413380.0,3386545.0,30,220,3,3,2585.0,9.2,484,6,6,413285,3386115,489,0,6,-94.75
603601,413380.0,3386545.0,30,220,3,3,2585.0,9.2,484,6,6,413290,3386110,489,0,6,-89.93
603601,413380.0,3386545.0,30,220,3,3,2585.0,9.2,484,6,6,413280,3386120,489,0,5,-92.25
603601,413380.0,3386545.0,30,220,3,3,2585.0,9.2,484,6,6,413495,3386555,483,18,5,-96.33
603601,413380.0,3386545.0,30,220,3,3,2585.0,9.2,484,6,6,413480,3386550,483,18,6,-106.67
603601,413380.0,3386545.0,30,220,3,3,2585.0,9.2,484,6,6,413590,3386460,485,0,5,-82.75
603601,413380.0,3386545.0,30,220,3,3,2585.0,9.2,484,6,6,413440,3386510,485,0,5,-75.86
603601,413380.0,3386545.0,30,220,3,3,2585.0,9.2,484,6,6,413640,3386390,487,0,12,-115.0
603601,413380.0,3386545.0,30,220,3,3,2585.0,9.2,484,6,6,413660,3386370,487,0,12,-109.67
603601,413380.0,3386545.0,30,220,3,3,2585.0,9.2,484,6,6,413485,3386545,483,18,6,-94.5
603601,413380.0,3386545.0,30,220,3,3,2585.0,9.2,484,6,6,413570,3386480,485,0,5,-82.74
603601,413380.0,3386545.0,30,220,3,3,2585.0,9.2,484,6,6,413595,3386455,486,0,5,-81.5
603601,413380.0,3386545.0,30,220,3,3,2585.0,9.2,484,6,6,413500,3386530,484,0,6,-97.2
603601,413380.0,3386545.0,30,220,3,3,2585.0,9.2,484,6,6,413560,3386470,485,0,5,-83.92
603601,413380.0,3386545.0,30,220,3,3,2585.0,9.2,484,6,6,413465,3386485,486,0,5,-81.5
603601,413380.0,3386545.0,30,220,3,3,2585.0,9.2,484,6,6,413445,3386505,485,0,5,-77.42
603601,413380.0,3386545.0,30,220,3,3,2585.0,9.2,484,6,6,413460,3386490,485,0,5,-82.21
603601,413380.0,3386545.0,30,220,3,3,2585.0,9.2,484,6,6,413510,3386540,483,18,6,-97.57
603601,413380.0,3386545.0,30,220,3,3,2585.0,9.2,484,6,6,413515,3386535,484,0,7,-103.82
603601,413380.0,3386545.0,30,220,3,3,2585.0,9.2,484,6,6,413585,3386445,486,0,6,-87.5
603601,413380.0,3386545.0,30,220,3,3,2585.0,9.2,484,6,6,413470,3386500,485,0,5,-81.9
603601,413380.0,3386545.0,30,220,3,3,2585.0,9.2,484,6,6,413475,3386495,485,0,5,-81.7
603601,413380.0,3386545.0,30,220,3,3,2585.0,9.2,484,6,6,413565,3386465,485,0,5,-80.0
603601,413380.0,3386545.0,30,220,3,3,2585.0,9.2,484,6,6,413575,3386475,485,0,5,-82.57
603601,413380.0,3386545.0,30,220,3,3,2585.0,9.2,484,6,6,413580,3386450,486,0,5,-85.67
603601,413380.0,3386545.0,30,220,3,3,2585.0,9.2,484,6,6,413695,3386620,486,0,5,-108.0
603601,413380.0,3386545.0,30,220,3,3,2585.0,9.2,484,6,6,413710,3386635,486,0,14,-104.5
603601,413380.0,3386545.0,30,220,3,3,2585.0,9.2,484,6,6,413745,3386590,485,0,5,-112.8
603601,413380.0,3386545.0,30,220,3,3,2585.0,9.2,484,6,6,413750,3386595,485,0,5,-115.5
603601,413380.0,3386545.0,30,220,3,3,2585.0,9.2,484,6,6,413705,3386630,486,0,14,-123.0
603601,413380.0,3386545.0,30,220,3,3,2585.0,9.2,484,6,6,413680,3386605,485,0,6,-111.82
603601,413380.0,3386545.0,30,220,3,3,2585.0,9.2,484,6,6,413725,3386570,485,6,5,-102.33
603601,413380.0,3386545.0,30,220,3,3,2585.0,9.2,484,6,6,413720,3386565,485,12,5,-111.0
603601,413380.0,3386545.0,30,220,3,3,2585.0,9.2,484,6,6,413690,3386615,486,0,5,-108.67
603601,413380.0,3386545.0,30,220,3,3,2585.0,9.2,484,6,6,413685,3386610,485,0,6,-111.5
603601,413380.0,3386545.0,30,220,3,3,2585.0,9.2,484,6,6,413700,3386625,486,0,14,-118.33
603601,413380.0,3386545.0,30,220,3,3,2585.0,9.2,484,6,6,413425,3386325,487,23,5,-91.5
603601,413380.0,3386545.0,30,220,3,3,2585.0,9.2,484,6,6,413255,3386515,486,0,5,-88.67
603601,413380.0,3386545.0,30,220,3,3,2585.0,9.2,484,6,6,413225,3386525,485,0,5,-98.67
603601,413380.0,3386545.0,30,220,3,3,2585.0,9.2,484,6,6,413430,3386340,487,23,5,-107.33
603601,413380.0,3386545.0,30,220,3,3,2585.0,9.2,484,6,6,413240,3386510,486,0,5,-86.42
603601,413380.0,3386545.0,30,220,3,3,2585.0,9.2,484,6,6,413250,3386520,485,0,5,-104.0
603601,413380.0,3386545.0,30,220,3,3,2585.0,9.2,484,6,6,413270,3386500,486,0,5,-93.6
603601,413380.0,3386545.0,30,220,3,3,2585.0,9.2,484,6,6,413245,3386505,486,0,5,-85.86
603601,413380.0,3386545.0,30,220,3,3,2585.0,9.2,484,6,6,413420,3386330,487,23,5,-92.0
603601,413380.0,3386545.0,30,220,3,3,2585.0,9.2,484,6,6,413265,3386185,489,0,14,-92.0
603601,413380.0,3386545.0,30,220,3,3,2585.0,9.2,484,6,6,413275,3386195,490,0,5,-93.0
603601,413380.0,3386545.0,30,220,3,3,2585.0,9.2,484,6,6,413530,3386635,485,0,5,-102.0
603601,413380.0,3386545.0,30,220,3,3,2585.0,9.2,484,6,6,413550,3386615,485,18,5,-108.0
603601,413380.0,3386545.0,30,220,3,3,2585.0,9.2,484,6,6,413595,3386580,484,18,5,-112.17
603601,413380.0,3386545.0,30,220,3,3,2585.0,9.2,484,6,6,413585,3386570,484,0,5,-113.5
603601,413380.0,3386545.0,30,220,3,3,2585.0,9.2,484,6,6,413555,3386620,485,18,5,-106.56
603601,413380.0,3386545.0,30,220,3,3,2585.0,9.2,484,6,6,413510,3386655,485,0,5,-114.0
603601,413380.0,3386545.0,30,220,3,3,2585.0,9.2,484,6,6,413540,3386605,484,0,14,-104.97
603601,413380.0,3386545.0,30,220,3,3,2585.0,9.2,484,6,6,413545,3386610,484,18,5,-103.63
603601,413380.0,3386545.0,30,220,3,3,2585.0,9.2,484,6,6,413525,3386630,485,0,5,-102.4
603601,413380.0,3386545.0,30,220,3,3,2585.0,9.2,484,6,6,413500,3386645,484,0,14,-112.0
603601,413380.0,3386545.0,30,220,3,3,2585.0,9.2,484,6,6,413590,3386575,484,18,5,-108.0
603601,413380.0,3386545.0,30,220,3,3,2585.0,9.2,484,6,6,413560,3386585,484,0,5,-98.33
603601,413380.0,3386545.0,30,220,3,3,2585.0,9.2,484,6,6,413575,3386600,484,0,14,-106.6
603601,413380.0,3386545.0,30,220,3,3,2585.0,9.2,484,6,6,413495,3386575,483,0,14,-98.0
603601,413380.0,3386545.0,30,220,3,3,2585.0,9.2,484,6,6,413485,3386565,482,0,14,-96.67
603601,413380.0,3386545.0,30,220,3,3,2585.0,9.2,484,6,6,413465,3386625,483,18,5,-102.5
603601,413380.0,3386545.0,30,220,3,3,2585.0,9.2,484,6,6,413475,3386635,483,18,5,-106.0
603601,413380.0,3386545.0,30,220,3,3,2585.0,9.2,484,6,6,413565,3386645,485,0,5,-110.0
603601,413380.0,3386545.0,30,220,3,3,2585.0,9.2,484,6,6,413505,3386585,483,18,5,-105.38
603601,413380.0,3386545.0,30,220,3,3,2585.0,9.2,484,6,6,413490,3386580,483,0,14,-101.75
603601,413380.0,3386545.0,30,220,3,3,2585.0,9.2,484,6,6,413500,3386590,483,18,5,-102.54
603601,413380.0,3386545.0,30,220,3,3,2585.0,9.2,484,6,6,413440,3386610,483,0,14,-99.0
603601,413380.0,3386545.0,30,220,3,3,2585.0,9.2,484,6,6,413445,3386605,483,18,5,-108.83
603601,413380.0,3386545.0,30,220,3,3,2585.0,9.2,484,6,6,413515,3386595,483,18,5,-101.91
603601,413380.0,3386545.0,30,220,3,3,2585.0,9.2,484,6,6,413510,3386600,484,0,14,-102.63
603601,413380.0,3386545.0,30,220,3,3,2585.0,9.2,484,6,6,413480,3386570,482,0,14,-107.5
603601,413380.0,3386545.0,30,220,3,3,2585.0,9.2,484,6,6,413110,3386205,486,0,10,-101.5
603601,413380.0,3386545.0,30,220,3,3,2585.0,9.2,484,6,6,413435,3386565,482,18,5,-87.33
603601,413380.0,3386545.0,30,220,3,3,2585.0,9.2,484,6,6,413425,3386575,483,0,14,-112.78
603601,413380.0,3386545.0,30,220,3,3,2585.0,9.2,484,6,6,413430,3386570,483,18,5,-95.6
603601,413380.0,3386545.0,30,220,3,3,2585.0,9.2,484,6,6,413420,3386580,483,0,14,-112.78
603601,413380.0,3386545.0,30,220,3,3,2585.0,9.2,484,6,6,413410,3386590,484,0,14,-110.0
603601,413380.0,3386545.0,30,220,3,3,2585.0,9.2,484,6,6,413395,3386605,484,0,5,-110.67
603601,413380.0,3386545.0,30,220,3,3,2585.0,9.2,484,6,6,413405,3386595,484,0,5,-109.9
603601,413380.0,3386545.0,30,220,3,3,2585.0,9.2,484,6,6,413415,3386585,483,0,14,-112.26
603601,413380.0,3386545.0,30,220,3,3,2585.0,9.2,484,6,6,413385,3386615,485,0,14,-113.67
603601,413380.0,3386545.0,30,220,3,3,2585.0,9.2,484,6,6,413400,3386600,484,18,5,-113.0
603601,413380.0,3386545.0,30,220,3,3,2585.0,9.2,484,6,6,413380,3386620,485,0,14,-95.67
603601,413380.0,3386545.0,30,220,3,3,2585.0,9.2,484,6,6,413230,3386310,487,0,5,-103.5
603601,413380.0,3386545.0,30,220,3,3,2585.0,9.2,484,6,6,413225,3386315,487,0,5,-122.0
603601,413380.0,3386545.0,30,220,3,3,2585.0,9.2,484,6,6,413325,3386495,486,0,6,-118.67
603601,413380.0,3386545.0,30,220,3,3,2585.0,9.2,484,6,6,413320,3386500,486,0,6,-82.0
603601,413380.0,3386545.0,30,220,3,3,2585.0,9.2,484,6,6,413345,3386515,485,0,6,-88.77
603601,413380.0,3386545.0,30,220,3,3,2585.0,9.2,484,6,6,413340,3386520,485,0,6,-90.0
603601,413380.0,3386545.0,30,220,3,3,2585.0,9.2,484,6,6,413355,3386505,485,0,5,-80.56
603601,413380.0,3386545.0,30,220,3,3,2585.0,9.2,484,6,6,413295,3386525,485,0,5,-133.67
603601,413380.0,3386545.0,30,220,3,3,2585.0,9.2,484,6,6,413350,3386510,485,0,5,-88.0
603601,413380.0,3386545.0,30,220,3,3,2585.0,9.2,484,6,6,413215,3386520,485,0,5,-91.25
603601,413380.0,3386545.0,30,220,3,3,2585.0,9.2,484,6,6,413205,3386510,485,0,5,-91.25
603601,413380.0,3386545.0,30,220,3,3,2585.0,9.2,484,6,6,413235,3386500,486,0,5,-85.0
603601,413380.0,3386545.0,30,220,3,3,2585.0,9.2,484,6,6,413200,3386505,485,0,5,-87.0
603601,413380.0,3386545.0,30,220,3,3,2585.0,9.2,484,6,6,413230,3386495,486,0,5,-89.5
603601,413380.0,3386545.0,30,220,3,3,2585.0,9.2,484,6,6,413210,3386515,485,0,5,-87.5
603601,413380.0,3386545.0,30,220,3,3,2585.0,9.2,484,6,6,413405,3386170,488,0,12,-88.33
603601,413380.0,3386545.0,30,220,3,3,2585.0,9.2,484,6,6,413310,3386155,489,0,6,-91.5
603601,413380.0,3386545.0,30,220,3,3,2585.0,9.2,484,6,6,413280,3386125,489,0,5,-91.0
603601,413380.0,3386545.0,30,220,3,3,2585.0,9.2,484,6,6,413305,3386150,489,0,6,-91.67
603601,413380.0,3386545.0,30,220,3,3,2585.0,9.2,484,6,6,413300,3386145,489,0,6,-94.0
603601,413380.0,3386545.0,30,220,3,3,2585.0,9.2,484,6,6,413270,3386035,491,0,5,-89.0
603601,413380.0,3386545.0,30,220,3,3,2585.0,9.2,484,6,6,413290,3386135,489,0,6,-92.67
603601,413380.0,3386545.0,30,220,3,3,2585.0,9.2,484,6,6,413170,3386510,485,0,5,-85.0
603601,413380.0,3386545.0,30,220,3,3,2585.0,9.2,484,6,6,413160,3386520,485,0,5,-83.0
603601,413380.0,3386545.0,30,220,3,3,2585.0,9.2,484,6,6,413165,3386515,485,0,5,-86.6
603601,413380.0,3386545.0,30,220,3,3,2585.0,9.2,484,6,6,413430,3386585,483,0,14,-111.0
603601,413380.0,3386545.0,30,220,3,3,2585.0,9.2,484,6,6,413435,3386590,483,0,5,-103.5
603601,413380.0,3386545.0,30,220,3,3,2585.0,9.2,484,6,6,413405,3386580,483,0,14,-109.7
603601,413380.0,3386545.0,30,220,3,3,2585.0,9.2,484,6,6,413400,3386575,483,0,14,-108.5
603601,413380.0,3386545.0,30,220,3,3,2585.0,9.2,484,6,6,413410,3386565,483,18,5,-103.5
603601,413380.0,3386545.0,30,220,3,3,2585.0,9.2,484,6,6,413375,3386610,485,0,5,-107.33
603601,413380.0,3386545.0,30,220,3,3,2585.0,9.2,484,6,6,413415,3386570,483,18,5,-113.08
603601,413380.0,3386545.0,30,220,3,3,2585.0,9.2,484,6,6,413420,3386595,483,18,5,-112.07
603601,413380.0,3386545.0,30,220,3,3,2585.0,9.2,484,6,6,413425,3386600,483,18,5,-112.21
603601,413380.0,3386545.0,30,220,3,3,2585.0,9.2,484,6,6,413385,3386640,486,0,14,-109.33
603601,413380.0,3386545.0,30,220,3,3,2585.0,9.2,484,6,6,413275,3386150,489,0,5,-92.5
603601,413380.0,3386545.0,30,220,3,3,2585.0,9.2,484,6,6,413025,3386505,488,0,5,-102.0
603601,413380.0,3386545.0,30,220,3,3,2585.0,9.2,484,6,6,413835,3386030,499,0,5,-91.0
603601,413380.0,3386545.0,30,220,3,3,2585.0,9.2,484,6,6,413450,3386240,487,0,12,-100.5
603601,413380.0,3386545.0,30,220,3,3,2585.0,9.2,484,6,6,413455,3386235,487,0,5,-85.5
603601,413380.0,3386545.0,30,220,3,3,2585.0,9.2,484,6,6,413275,3386120,489,0,5,-94.67
603601,413380.0,3386545.0,30,220,3,3,2585.0,9.2,484,6,6,413270,3386115,489,0,5,-90.33
603601,413380.0,3386545.0,30,220,3,3,2585.0,9.2,484,6,6,413265,3386110,489,6,5,-99.5
603601,413380.0,3386545.0,30,220,3,3,2585.0,9.2,484,6,6,413320,3386525,485,0,6,-83.0
603601,413380.0,3386545.0,30,220,3,3,2585.0,9.2,484,6,6,413315,3386520,485,0,6,-93.0
603601,413380.0,3386545.0,30,220,3,3,2585.0,9.2,484,6,6,413350,3386555,484,0,6,-102.13
603601,413380.0,3386545.0,30,220,3,3,2585.0,9.2,484,6,6,413300,3386505,486,0,5,-106.5
603601,413380.0,3386545.0,30,220,3,3,2585.0,9.2,484,6,6,413295,3386500,486,0,5,-96.0
603601,413380.0,3386545.0,30,220,3,3,2585.0,9.2,484,6,6,413285,3386490,487,0,5,-136.0
603601,413380.0,3386545.0,30,220,3,3,2585.0,9.2,484,6,6,413435,3386480,486,0,5,-79.29
603601,413380.0,3386545.0,30,220,3,3,2585.0,9.2,484,6,6,413355,3386560,484,0,6,-88.71
603601,413380.0,3386545.0,30,220,3,3,2585.0,9.2,484,6,6,413310,3386515,485,0,6,-115.11
603601,413380.0,3386545.0,30,220,3,3,2585.0,9.2,484,6,6,413290,3386495,486,0,5,-102.2
603601,413380.0,3386545.0,30,220,3,3,2585.0,9.2,484,6,6,413410,3386215,487,0,12,-95.0
603601,413380.0,3386545.0,30,220,3,3,2585.0,9.2,484,6,6,413395,3386200,487,0,5,-105.5
603601,413380.0,3386545.0,30,220,3,3,2585.0,9.2,484,6,6,413390,3386195,487,22,5,-94.4
603601,413380.0,3386545.0,30,220,3,3,2585.0,9.2,484,6,6,413265,3386070,490,0,5,-95.2
603601,413380.0,3386545.0,30,220,3,3,2585.0,9.2,484,6,6,413285,3386090,490,0,6,-90.18
603601,413380.0,3386545.0,30,220,3,3,2585.0,9.2,484,6,6,413280,3386085,490,0,5,-88.25
603601,413380.0,3386545.0,30,220,3,3,2585.0,9.2,484,6,6,413290,3386095,490,0,6,-89.86
603601,413380.0,3386545.0,30,220,3,3,2585.0,9.2,484,6,6,413380,3386630,486,0,14,-116.5
603601,413380.0,3386545.0,30,220,3,3,2585.0,9.2,484,6,6,413375,3386615,485,0,5,-109.33
603601,413380.0,3386545.0,30,220,3,3,2585.0,9.2,484,6,6,413385,3386625,485,0,14,-91.0
603601,413380.0,3386545.0,30,220,3,3,2585.0,9.2,484,6,6,413430,3386600,483,18,5,-111.43
603601,413380.0,3386545.0,30,220,3,3,2585.0,9.2,484,6,6,413425,3386585,483,0,14,-110.43
603601,413380.0,3386545.0,30,220,3,3,2585.0,9.2,484,6,6,413405,3386565,483,18,6,-101.25
603601,413380.0,3386545.0,30,220,3,3,2585.0,9.2,484,6,6,413400,3386570,483,0,5,-99.36
603601,413380.0,3386545.0,30,220,3,3,2585.0,9.2,484,6,6,413410,3386580,483,0,14,-109.48
603601,413380.0,3386545.0,30,220,3,3,2585.0,9.2,484,6,6,413420,3386590,483,0,14,-112.43
603601,413380.0,3386545.0,30,220,3,3,2585.0,9.2,484,6,6,413415,3386575,483,0,14,-111.63
603601,413380.0,3386545.0,30,220,3,3,2585.0,9.2,484,6,6,413405,3386230,487,0,5,-90.5
603601,413380.0,3386545.0,30,220,3,3,2585.0,9.2,484,6,6,413250,3386075,490,0,5,-92.5
603601,413380.0,3386545.0,30,220,3,3,2585.0,9.2,484,6,6,413295,3386120,489,0,6,-93.36
603601,413380.0,3386545.0,30,220,3,3,2585.0,9.2,484,6,6,413275,3386060,491,0,5,-92.5
603601,413380.0,3386545.0,30,220,3,3,2585.0,9.2,484,6,6,413285,3386110,489,0,6,-94.83
603601,413380.0,3386545.0,30,220,3,3,2585.0,9.2,484,6,6,413265,3386050,491,0,5,-91.0
603601,413380.0,3386545.0,30,220,3,3,2585.0,9.2,484,6,6,413280,3386105,490,0,5,-88.5
603601,413380.0,3386545.0,30,220,3,3,2585.0,9.2,484,6,6,413290,3386115,489,0,6,-93.2
603601,413380.0,3386545.0,30,220,3,3,2585.0,9.2,484,6,6,413270,3385960,492,0,5,-95.33
603601,413380.0,3386545.0,30,220,3,3,2585.0,9.2,484,6,6,413285,3386205,490,0,6,-90.25
603601,413380.0,3386545.0,30,220,3,3,2585.0,9.2,484,6,6,413305,3386225,489,0,6,-97.5
603601,413380.0,3386545.0,30,220,3,3,2585.0,9.2,484,6,6,413760,3386440,486,0,5,-93.71
603601,413380.0,3386545.0,30,220,3,3,2585.0,9.2,484,6,6,413680,3386680,486,0,6,-100.5
603601,413380.0,3386545.0,30,220,3,3,2585.0,9.2,484,6,6,413600,3386600,484,0,5,-109.92
603601,413380.0,3386545.0,30,220,3,3,2585.0,9.2,484,6,6,413610,3386590,484,0,5,-109.92
603601,413380.0,3386545.0,30,220,3,3,2585.0,9.2,484,6,6,413605,3386595,484,0,5,-109.35
603601,413380.0,3386545.0,30,220,3,3,2585.0,9.2,484,6,6,413775,3386425,486,0,5,-93.25
603601,413380.0,3386545.0,30,220,3,3,2585.0,9.2,484,6,6,413765,3386435,486,0,5,-93.67
603601,413380.0,3386545.0,30,220,3,3,2585.0,9.2,484,6,6,413675,3386605,485,0,6,-105.91
603601,413380.0,3386545.0,30,220,3,3,2585.0,9.2,484,6,6,413770,3386430,486,0,5,-94.4
603601,413380.0,3386545.0,30,220,3,3,2585.0,9.2,484,6,6,413670,3386610,485,0,6,-111.5
603601,413380.0,3386545.0,30,220,3,3,2585.0,9.2,484,6,6,413785,3386415,487,0,5,-91.5
603601,413380.0,3386545.0,30,220,3,3,2585.0,9.2,484,6,6,413430,3386545,483,0,6,-106.0
603601,413380.0,3386545.0,30,220,3,3,2585.0,9.2,484,6,6,413435,3386550,483,0,6,-85.25
603601,413380.0,3386545.0,30,220,3,3,2585.0,9.2,484,6,6,413360,3386495,485,0,5,-89.78
603601,413380.0,3386545.0,30,220,3,3,2585.0,9.2,484,6,6,413345,3386480,485,0,5,-90.0
603601,413380.0,3386545.0,30,220,3,3,2585.0,9.2,484,6,6,413390,3386505,485,0,5,-75.91
603601,413380.0,3386545.0,30,220,3,3,2585.0,9.2,484,6,6,413395,3386510,485,0,5,-75.22
603601,413380.0,3386545.0,30,220,3,3,2585.0,9.2,484,6,6,413290,3386405,488,0,5,-103.93
603601,413380.0,3386545.0,30,220,3,3,2585.0,9.2,484,6,6,413375,3386490,485,0,5,-77.33
603601,413380.0,3386545.0,30,220,3,3,2585.0,9.2,484,6,6,413410,3386525,484,18,5,-83.5
603601,413380.0,3386545.0,30,220,3,3,2585.0,9.2,484,6,6,413380,3386515,485,0,5,-76.56
603601,413380.0,3386545.0,30,220,3,3,2585.0,9.2,484,6,6,413365,3386500,485,0,5,-81.71
603601,413380.0,3386545.0,30,220,3,3,2585.0,9.2,484,6,6,413425,3386560,483,18,6,-93.67
603601,413380.0,3386545.0,30,220,3,3,2585.0,9.2,484,6,6,413320,3386455,487,0,6,-92.5
603601,413380.0,3386545.0,30,220,3,3,2585.0,9.2,484,6,6,413405,3386540,484,0,6,-92.0
603601,413380.0,3386545.0,30,220,3,3,2585.0,9.2,484,6,6,413370,3386485,485,0,5,-76.0
603601,413380.0,3386545.0,30,220,3,3,2585.0,9.2,484,6,6,413385,3386520,484,0,5,-75.89
603601,413380.0,3386545.0,30,220,3,3,2585.0,9.2,484,6,6,413420,3386555,483,18,6,-93.5
603601,413380.0,3386545.0,30,220,3,3,2585.0,9.2,484,6,6,413660,3386325,487,0,5,-119.5
603601,413380.0,3386545.0,30,220,3,3,2585.0,9.2,484,6,6,413490,3386515,484,18,5,-89.5
603601,413380.0,3386545.0,30,220,3,3,2585.0,9.2,484,6,6,413480,3386505,485,0,5,-76.2
603601,413380.0,3386545.0,30,220,3,3,2585.0,9.2,484,6,6,413455,3386560,482,18,5,-90.67
603601,413380.0,3386545.0,30,220,3,3,2585.0,9.2,484,6,6,413520,3386465,486,0,5,-77.0
603601,413380.0,3386545.0,30,220,3,3,2585.0,9.2,484,6,6,413445,3386550,483,18,6,-96.5
603601,413380.0,3386545.0,30,220,3,3,2585.0,9.2,484,6,6,413495,3386520,484,18,6,-95.5
603601,413380.0,3386545.0,30,220,3,3,2585.0,9.2,484,6,6,413625,3386370,487,0,5,-109.5
603601,413380.0,3386545.0,30,220,3,3,2585.0,9.2,484,6,6,413510,3386495,485,0,5,-84.0
603601,413380.0,3386545.0,30,220,3,3,2585.0,9.2,484,6,6,413515,3386500,485,0,5,-79.71
603601,413380.0,3386545.0,30,220,3,3,2585.0,9.2,484,6,6,413485,3386510,485,18,5,-76.0
603601,413380.0,3386545.0,30,220,3,3,2585.0,9.2,484,6,6,413525,3386470,485,0,5,-80.82
603601,413380.0,3386545.0,30,220,3,3,2585.0,9.2,484,6,6,413535,3386480,485,0,5,-82.0
603601,413380.0,3386545.0,30,220,3,3,2585.0,9.2,484,6,6,413500,3386485,485,0,5,-84.17
603601,413380.0,3386545.0,30,220,3,3,2585.0,9.2,484,6,6,413505,3386490,485,0,5,-84.22
603601,413380.0,3386545.0,30,220,3,3,2585.0,9.2,484,6,6,413450,3386555,483,18,6,-91.8
603601,413380.0,3386545.0,30,220,3,3,2585.0,9.2,484,6,6,413470,3386535,484,0,6,-83.75
603601,413380.0,3386545.0,30,220,3,3,2585.0,9.2,484,6,6,413550,3386455,486,0,5,-78.83
603601,413380.0,3386545.0,30,220,3,3,2585.0,9.2,484,6,6,413440,3386545,483,0,6,-81.0
603601,413380.0,3386545.0,30,220,3,3,2585.0,9.2,484,6,6,413555,3386460,485,0,5,-78.75
603601,413380.0,3386545.0,30,220,3,3,2585.0,9.2,484,6,6,413545,3386450,486,0,6,-84.4
603601,413380.0,3386545.0,30,220,3,3,2585.0,9.2,484,6,6,413475,3386540,483,0,7,-84.58
603601,413380.0,3386545.0,30,220,3,3,2585.0,9.2,484,6,6,413530,3386475,485,0,5,-80.83
603601,413380.0,3386545.0,30,220,3,3,2585.0,9.2,484,6,6,413370,3386685,487,0,7,-126.5
603601,413380.0,3386545.0,30,220,3,3,2585.0,9.2,484,6,6,413545,3386570,483,0,5,-101.0
603601,413380.0,3386545.0,30,220,3,3,2585.0,9.2,484,6,6,413590,3386615,485,18,5,-110.0
603601,413380.0,3386545.0,30,220,3,3,2585.0,9.2,484,6,6,413530,3386595,484,0,14,-102.71
603601,413380.0,3386545.0,30,220,3,3,2585.0,9.2,484,6,6,413520,3386585,483,18,5,-104.6
603601,413380.0,3386545.0,30,220,3,3,2585.0,9.2,484,6,6,413535,3386600,484,0,14,-105.31
603601,413380.0,3386545.0,30,220,3,3,2585.0,9.2,484,6,6,413550,3386575,483,0,5,-105.5
603601,413380.0,3386545.0,30,220,3,3,2585.0,9.2,484,6,6,413570,3386635,485,18,5,-110.1
603601,413380.0,3386545.0,30,220,3,3,2585.0,9.2,484,6,6,413580,3386605,484,0,5,-107.5
603601,413380.0,3386545.0,30,220,3,3,2585.0,9.2,484,6,6,413555,3386580,484,0,5,-102.0
603601,413380.0,3386545.0,30,220,3,3,2585.0,9.2,484,6,6,413565,3386630,485,18,5,-107.17
603601,413380.0,3386545.0,30,220,3,3,2585.0,9.2,484,6,6,413560,3386625,485,18,5,-107.14
603601,413380.0,3386545.0,30,220,3,3,2585.0,9.2,484,6,6,413595,3386620,485,18,5,-108.5
603601,413380.0,3386545.0,30,220,3,3,2585.0,9.2,484,6,6,413525,3386590,484,18,5,-105.82
603601,413380.0,3386545.0,30,220,3,3,2585.0,9.2,484,6,6,413300,3386210,489,0,6,-102.0
603601,413380.0,3386545.0,30,220,3,3,2585.0,9.2,484,6,6,413305,3386205,489,0,6,-100.0
603601,413380.0,3386545.0,30,220,3,3,2585.0,9.2,484,6,6,413320,3386190,489,0,5,-88.0
603601,413380.0,3386545.0,30,220,3,3,2585.0,9.2,484,6,6,413275,3386130,489,0,5,-93.75
603601,413380.0,3386545.0,30,220,3,3,2585.0,9.2,484,6,6,413795,3386430,487,0,5,-96.5
603601,413380.0,3386545.0,30,220,3,3,2585.0,9.2,484,6,6,413790,3386425,487,0,5,-95.8
603601,413380.0,3386545.0,30,220,3,3,2585.0,9.2,484,6,6,413600,3386575,484,18,5,-106.8
603601,413380.0,3386545.0,30,220,3,3,2585.0,9.2,484,6,6,413675,3386630,486,0,6,-105.5
603601,413380.0,3386545.0,30,220,3,3,2585.0,9.2,484,6,6,413610,3386565,484,0,5,-117.67
603601,413380.0,3386545.0,30,220,3,3,2585.0,9.2,484,6,6,413670,3386625,485,0,6,-108.5
603601,413380.0,3386545.0,30,220,3,3,2585.0,9.2,484,6,6,413415,3386480,486,0,5,-76.0
603601,413380.0,3386545.0,30,220,3,3,2585.0,9.2,484,6,6,413345,3386530,485,0,6,-92.67
603601,413380.0,3386545.0,30,220,3,3,2585.0,9.2,484,6,6,413340,3386525,485,0,6,-93.6
603601,413380.0,3386545.0,30,220,3,3,2585.0,9.2,484,6,6,413290,3386515,486,0,5,-113.5
603601,413380.0,3386545.0,30,220,3,3,2585.0,9.2,484,6,6,413310,3386495,486,0,6,-91.33
603601,413380.0,3386545.0,30,220,3,3,2585.0,9.2,484,6,6,413280,3386505,486,0,5,-97.71
603601,413380.0,3386545.0,30,220,3,3,2585.0,9.2,484,6,6,413350,3386535,485,0,6,-91.43
603601,413380.0,3386545.0,30,220,3,3,2585.0,9.2,484,6,6,413305,3386490,486,0,5,-105.0
603601,413380.0,3386545.0,30,220,3,3,2585.0,9.2,484,6,6,413295,3386520,485,0,5,-94.67
603601,413380.0,3386545.0,30,220,3,3,2585.0,9.2,484,6,6,413355,3386540,484,0,6,-92.33
603601,413380.0,3386545.0,30,220,3,3,2585.0,9.2,484,6,6,413410,3386475,486,0,5,-83.5
603601,413380.0,3386545.0,30,220,3,3,2585.0,9.2,484,6,6,413425,3386300,486,23,5,-95.0
603601,413380.0,3386545.0,30,220,3,3,2585.0,9.2,484,6,6,413435,3386290,486,23,5,-102.0
603601,413380.0,3386545.0,30,220,3,3,2585.0,9.2,484,6,6,413125,3386520,485,0,5,-86.0
603601,413380.0,3386545.0,30,220,3,3,2585.0,9.2,484,6,6,413410,3386305,487,0,5,-92.6
603601,413380.0,3386545.0,30,220,3,3,2585.0,9.2,484,6,6,413415,3386310,486,23,5,-90.57
603601,413380.0,3386545.0,30,220,3,3,2585.0,9.2,484,6,6,413300,3386335,488,0,6,-93.67
603601,413380.0,3386545.0,30,220,3,3,2585.0,9.2,484,6,6,413120,3386515,485,0,5,-82.0
603601,413380.0,3386545.0,30,220,3,3,2585.0,9.2,484,6,6,413420,3386295,486,23,5,-93.25
603601,413380.0,3386545.0,30,220,3,3,2585.0,9.2,484,6,6,413375,3386535,484,0,6,-84.0
603601,413380.0,3386545.0,30,220,3,3,2585.0,9.2,484,6,6,413435,3386515,484,18,5,-82.0
603601,413380.0,3386545.0,30,220,3,3,2585.0,9.2,484,6,6,413405,3386485,485,0,5,-72.14
603601,413380.0,3386545.0,30,220,3,3,2585.0,9.2,484,6,6,413365,3386525,485,0,5,-98.5
603601,413380.0,3386545.0,30,220,3,3,2585.0,9.2,484,6,6,413370,3386540,484,0,6,-102.75
603601,413380.0,3386545.0,30,220,3,3,2585.0,9.2,484,6,6,413395,3386555,484,0,6,-98.0
603601,413380.0,3386545.0,30,220,3,3,2585.0,9.2,484,6,6,413360,3386530,484,0,6,-93.67
603601,413380.0,3386545.0,30,220,3,3,2585.0,9.2,484,6,6,413415,3386495,485,0,5,-81.38
603601,413380.0,3386545.0,30,220,3,3,2585.0,9.2,484,6,6,413270,3386360,489,0,5,-102.0
603601,413380.0,3386545.0,30,220,3,3,2585.0,9.2,484,6,6,413260,3386350,488,58,11,-105.0
603601,413380.0,3386545.0,30,220,3,3,2585.0,9.2,484,6,6,413400,3386490,485,0,5,-76.56
603601,413380.0,3386545.0,30,220,3,3,2585.0,9.2,484,6,6,413420,3386510,485,0,5,-81.63
603601,413380.0,3386545.0,30,220,3,3,2585.0,9.2,484,6,6,413410,3386500,485,0,5,-80.05
603601,413380.0,3386545.0,30,220,3,3,2585.0,9.2,484,6,6,413425,3386505,485,0,5,-78.57
603601,413380.0,3386545.0,30,220,3,3,2585.0,9.2,484,6,6,413310,3386480,486,0,6,-100.5
603601,413380.0,3386545.0,30,220,3,3,2585.0,9.2,484,6,6,413430,3386520,484,18,5,-90.0
603601,413380.0,3386545.0,30,220,3,3,2585.0,9.2,484,6,6,413380,3386550,484,6,6,-101.0
603601,413380.0,3386545.0,30,220,3,3,2585.0,9.2,484,6,6,413485,3386130,489,0,5,-97.5
603601,413380.0,3386545.0,30,220,3,3,2585.0,9.2,484,6,6,413690,3386625,486,0,5,-104.67
603601,413380.0,3386545.0,30,220,3,3,2585.0,9.2,484,6,6,413735,3386590,485,0,5,-118.5
603601,413380.0,3386545.0,30,220,3,3,2585.0,9.2,484,6,6,413700,3386615,486,0,14,-115.0
603601,413380.0,3386545.0,30,220,3,3,2585.0,9.2,484,6,6,413720,3386595,486,0,5,-110.83
603601,413380.0,3386545.0,30,220,3,3,2585.0,9.2,484,6,6,413725,3386600,486,12,5,-111.5
603601,413380.0,3386545.0,30,220,3,3,2585.0,9.2,484,6,6,413680,3386635,486,0,6,-103.0
603601,413380.0,3386545.0,30,220,3,3,2585.0,9.2,484,6,6,413600,3386715,485,0,14,-106.33
603601,413380.0,3386545.0,30,220,3,3,2585.0,9.2,484,6,6,413610,3386705,485,0,5,-105.5
603601,413380.0,3386545.0,30,220,3,3,2585.0,9.2,484,6,6,413675,3386650,486,0,6,-113.33
603601,413380.0,3386545.0,30,220,3,3,2585.0,9.2,484,6,6,413375,3386525,484,0,5,-86.5
603601,413380.0,3386545.0,30,220,3,3,2585.0,9.2,484,6,6,413430,3386510,485,0,5,-78.86
603601,413380.0,3386545.0,30,220,3,3,2585.0,9.2,484,6,6,413415,3386485,485,0,5,-81.8
603601,413380.0,3386545.0,30,220,3,3,2585.0,9.2,484,6,6,413310,3386470,486,0,6,-112.0
603601,413380.0,3386545.0,30,220,3,3,2585.0,9.2,484,6,6,413435,3386505,485,0,5,-78.61
603601,413380.0,3386545.0,30,220,3,3,2585.0,9.2,484,6,6,413405,3386495,485,0,5,-81.13
603601,413380.0,3386545.0,30,220,3,3,2585.0,9.2,484,6,6,413400,3386500,485,0,5,-78.8
603601,413380.0,3386545.0,30,220,3,3,2585.0,9.2,484,6,6,413420,3386520,484,18,5,-82.75
603601,413380.0,3386545.0,30,220,3,3,2585.0,9.2,484,6,6,413360,3386540,484,0,6,-102.6
603601,413380.0,3386545.0,30,220,3,3,2585.0,9.2,484,6,6,413410,3386490,485,0,5,-78.31
603601,413380.0,3386545.0,30,220,3,3,2585.0,9.2,484,6,6,413365,3386535,484,0,6,-81.86
603601,413380.0,3386545.0,30,220,3,3,2585.0,9.2,484,6,6,413370,3386530,484,0,5,-84.8
603601,413380.0,3386545.0,30,220,3,3,2585.0,9.2,484,6,6,413315,3386465,486,0,6,-110.0
603601,413380.0,3386545.0,30,220,3,3,2585.0,9.2,484,6,6,413425,3386515,484,18,5,-86.43
603601,413380.0,3386545.0,30,220,3,3,2585.0,9.2,484,6,6,413435,3386545,483,0,6,-92.0
603601,413380.0,3386545.0,30,220,3,3,2585.0,9.2,484,6,6,413375,3386485,485,0,5,-76.43
603601,413380.0,3386545.0,30,220,3,3,2585.0,9.2,484,6,6,413425,3386555,483,18,6,-91.25
603601,413380.0,3386545.0,30,220,3,3,2585.0,9.2,484,6,6,413380,3386520,484,0,5,-77.67
603601,413380.0,3386545.0,30,220,3,3,2585.0,9.2,484,6,6,413395,3386505,485,0,5,-78.16
603601,413380.0,3386545.0,30,220,3,3,2585.0,9.2,484,6,6,413350,3386470,486,0,5,-95.0
603601,413380.0,3386545.0,30,220,3,3,2585.0,9.2,484,6,6,413390,3386510,485,0,5,-77.49
603601,413380.0,3386545.0,30,220,3,3,2585.0,9.2,484,6,6,413290,3386410,488,0,5,-105.5
603601,413380.0,3386545.0,30,220,3,3,2585.0,9.2,484,6,6,413285,3386415,488,0,5,-105.5
603601,413380.0,3386545.0,30,220,3,3,2585.0,9.2,484,6,6,413415,3386525,484,18,5,-79.0
603601,413380.0,3386545.0,30,220,3,3,2585.0,9.2,484,6,6,413410,3386530,484,18,5,-95.67
603601,413380.0,3386545.0,30,220,3,3,2585.0,9.2,484,6,6,413420,3386560,483,18,6,-107.8
603601,413380.0,3386545.0,30,220,3,3,2585.0,9.2,484,6,6,413430,3386550,483,0,6,-83.0
603601,413380.0,3386545.0,30,220,3,3,2585.0,9.2,484,6,6,413400,3386540,484,0,6,-101.5
603601,413380.0,3386545.0,30,220,3,3,2585.0,9.2,484,6,6,413385,3386515,485,0,5,-72.88
603601,413380.0,3386545.0,30,220,3,3,2585.0,9.2,484,6,6,413360,3386500,485,0,5,-78.43
603601,413380.0,3386545.0,30,220,3,3,2585.0,9.2,484,6,6,413310,3386430,487,0,6,-106.0
603601,413380.0,3386545.0,30,220,3,3,2585.0,9.2,484,6,6,413370,3386490,485,0,5,-75.75
603601,413380.0,3386545.0,30,220,3,3,2585.0,9.2,484,6,6,413365,3386495,485,0,5,-82.08
603601,413380.0,3386545.0,30,220,3,3,2585.0,9.2,484,6,6,413460,3386475,486,0,5,-86.33
603601,413380.0,3386545.0,30,220,3,3,2585.0,9.2,484,6,6,413560,3386495,485,0,5,-77.0
603601,413380.0,3386545.0,30,220,3,3,2585.0,9.2,484,6,6,413455,3386450,487,0,5,-83.56
603601,413380.0,3386545.0,30,220,3,3,2585.0,9.2,484,6,6,413545,3386560,483,0,5,-113.5
603601,413380.0,3386545.0,30,220,3,3,2585.0,9.2,484,6,6,413575,3386490,485,0,5,-76.33
603601,413380.0,3386545.0,30,220,3,3,2585.0,9.2,484,6,6,413465,3386480,486,0,5,-80.32
603601,413380.0,3386545.0,30,220,3,3,2585.0,9.2,484,6,6,413745,3386360,487,0,5,-111.5
603601,413380.0,3386545.0,30,220,3,3,2585.0,9.2,484,6,6,413475,3386470,486,0,5,-83.57
603601,413380.0,3386545.0,30,220,3,3,2585.0,9.2,484,6,6,413470,3386465,486,0,5,-81.1
603601,413380.0,3386545.0,30,220,3,3,2585.0,9.2,484,6,6,413570,3386485,485,0,5,-84.0
603601,413380.0,3386545.0,30,220,3,3,2585.0,9.2,484,6,6,413440,3386590,483,0,5,-114.5
603601,413380.0,3386545.0,30,220,3,3,2585.0,9.2,484,6,6,413500,3386610,484,0,14,-101.31
603601,413380.0,3386545.0,30,220,3,3,2585.0,9.2,484,6,6,413510,3386620,484,18,5,-107.5
603601,413380.0,3386545.0,30,220,3,3,2585.0,9.2,484,6,6,413445,3386585,482,0,14,-107.0
603601,413380.0,3386545.0,30,220,3,3,2585.0,9.2,484,6,6,413460,3386570,482,0,14,-100.33
603601,413380.0,3386545.0,30,220,3,3,2585.0,9.2,484,6,6,413515,3386615,484,18,14,-104.75
603601,413380.0,3386545.0,30,220,3,3,2585.0,9.2,484,6,6,413495,3386635,484,0,5,-109.5
603601,413380.0,3386545.0,30,220,3,3,2585.0,9.2,484,6,6,413455,3386595,482,0,5,-105.88
603601,413380.0,3386545.0,30,220,3,3,2585.0,9.2,484,6,6,413470,3386580,482,0,14,-95.0
603601,413380.0,3386545.0,30,220,3,3,2585.0,9.2,484,6,6,413450,3386600,482,18,5,-107.33
603601,413380.0,3386545.0,30,220,3,3,2585.0,9.2,484,6,6,413465,3386565,482,18,5,-109.0
603601,413380.0,3386545.0,30,220,3,3,2585.0,9.2,484,6,6,413505,3386605,484,0,14,-100.46
603601,413380.0,3386545.0,30,220,3,3,2585.0,9.2,484,6,6,413475,3386575,482,0,14,-108.22
603601,413380.0,3386545.0,30,220,3,3,2585.0,9.2,484,6,6,413620,3386620,485,0,5,-111.5
603601,413380.0,3386545.0,30,220,3,3,2585.0,9.2,484,6,6,413800,3386440,486,0,5,-93.33
603601,413380.0,3386545.0,30,220,3,3,2585.0,9.2,484,6,6,413680,3386720,486,0,5,-106.0
603601,413380.0,3386545.0,30,220,3,3,2585.0,9.2,484,6,6,413600,3386640,485,18,14,-110.0
603601,413380.0,3386545.0,30,220,3,3,2585.0,9.2,484,6,6,413670,3386570,485,0,6,-106.17
603601,413380.0,3386545.0,30,220,3,3,2585.0,9.2,484,6,6,413640,3386600,485,0,5,-107.0
603601,413380.0,3386545.0,30,220,3,3,2585.0,9.2,484,6,6,413810,3386430,487,0,5,-95.0
603601,413380.0,3386545.0,30,220,3,3,2585.0,9.2,484,6,6,413605,3386635,485,0,14,-109.5
603601,413380.0,3386545.0,30,220,3,3,2585.0,9.2,484,6,6,413820,3386420,488,0,5,-99.0
603601,413380.0,3386545.0,30,220,3,3,2585.0,9.2,484,6,6,413790,3386450,486,0,5,-82.0
603601,413380.0,3386545.0,30,220,3,3,2585.0,9.2,484,6,6,413675,3386565,485,0,6,-103.92
603601,413380.0,3386545.0,30,220,3,3,2585.0,9.2,484,6,6,413815,3386425,487,0,5,-96.0
603601,413380.0,3386545.0,30,220,3,3,2585.0,9.2,484,6,6,413465,3386610,483,0,14,-96.0
603601,413380.0,3386545.0,30,220,3,3,2585.0,9.2,484,6,6,413510,3386575,483,0,14,-98.33
603601,413380.0,3386545.0,30,220,3,3,2585.0,9.2,484,6,6,413470,3386615,483,0,14,-102.5
603601,413380.0,3386545.0,30,220,3,3,2585.0,9.2,484,6,6,413595,3386660,485,18,5,-111.0
603601,413380.0,3386545.0,30,220,3,3,2585.0,9.2,484,6,6,413500,3386565,483,0,14,-102.25
603601,413380.0,3386545.0,30,220,3,3,2585.0,9.2,484,6,6,413505,3386570,483,0,14,-105.0
603601,413380.0,3386545.0,30,220,3,3,2585.0,9.2,484,6,6,413460,3386605,483,0,14,-107.92
603601,413380.0,3386545.0,30,220,3,3,2585.0,9.2,484,6,6,413490,3386595,483,18,5,-100.89
603601,413380.0,3386545.0,30,220,3,3,2585.0,9.2,484,6,6,413480,3386585,483,18,5,-100.15
603601,413380.0,3386545.0,30,220,3,3,2585.0,9.2,484,6,6,413495,3386600,483,0,14,-99.22
603601,413380.0,3386545.0,30,220,3,3,2585.0,9.2,484,6,6,413485,3386590,483,0,5,-100.4
603601,413380.0,3386545.0,30,220,3,3,2585.0,9.2,484,6,6,413515,3386580,483,18,5,-100.0
603601,413380.0,3386545.0,30,220,3,3,2585.0,9.2,484,6,6,413620,3386440,486,0,6,-81.0
603601,413380.0,3386545.0,30,220,3,3,2585.0,9.2,484,6,6,413660,3386480,485,0,5,-80.33
603601,413380.0,3386545.0,30,220,3,3,2585.0,9.2,484,6,6,413450,3386250,487,0,12,-96.0
603601,413380.0,3386545.0,30,220,3,3,2585.0,9.2,484,6,6,413445,3386255,487,0,5,-100.0
603601,413380.0,3386545.0,30,220,3,3,2585.0,9.2,484,6,6,413795,3386585,485,0,5,-109.5
603601,413380.0,3386545.0,30,220,3,3,2585.0,9.2,484,6,6,413750,3386550,485,12,14,-113.5
603601,413380.0,3386545.0,30,220,3,3,2585.0,9.2,484,6,6,413720,3386540,485,0,5,-106.0
603601,413380.0,3386545.0,30,220,3,3,2585.0,9.2,484,6,6,413705,3386515,484,12,6,-107.5
603601,413380.0,3386545.0,30,220,3,3,2585.0,9.2,484,6,6,413650,3386450,486,0,5,-87.0
603601,413380.0,3386545.0,30,220,3,3,2585.0,9.2,484,6,6,413725,3386535,485,0,14,-108.29
603601,413380.0,3386545.0,30,220,3,3,2585.0,9.2,484,6,6,413455,3386245,487,0,12,-98.5
603601,413380.0,3386545.0,30,220,3,3,2585.0,9.2,484,6,6,413730,3386530,485,0,14,-107.59
603601,413380.0,3386545.0,30,220,3,3,2585.0,9.2,484,6,6,413680,3386500,484,0,6,-90.86
603601,413380.0,3386545.0,30,220,3,3,2585.0,9.2,484,6,6,413685,3386495,484,0,6,-88.81
603601,413380.0,3386545.0,30,220,3,3,2585.0,9.2,484,6,6,413695,3386485,484,0,5,-86.3
603601,413380.0,3386545.0,30,220,3,3,2585.0,9.2,484,6,6,413675,3386465,485,0,5,-86.13
603601,413380.0,3386545.0,30,220,3,3,2585.0,9.2,484,6,6,413645,3386455,485,0,5,-86.0
603601,413380.0,3386545.0,30,220,3,3,2585.0,9.2,484,6,6,413710,3386510,484,12,6,-93.0
603601,413380.0,3386545.0,30,220,3,3,2585.0,9.2,484,6,6,413670,3386470,485,0,5,-83.38
603601,413380.0,3386545.0,30,220,3,3,2585.0,9.2,484,6,6,413655,3386445,486,0,5,-85.6
603601,413380.0,3386545.0,30,220,3,3,2585.0,9.2,484,6,6,413735,3386525,485,6,14,-102.15
603601,413380.0,3386545.0,30,220,3,3,2585.0,9.2,484,6,6,413665,3386475,485,0,5,-84.44
603601,413380.0,3386545.0,30,220,3,3,2585.0,9.2,484,6,6,413640,3386460,485,0,5,-88.21
603601,413380.0,3386545.0,30,220,3,3,2585.0,9.2,484,6,6,413615,3386405,487,0,12,-115.25
603601,413380.0,3386545.0,30,220,3,3,2585.0,9.2,484,6,6,413690,3386490,484,0,6,-86.5
603601,413380.0,3386545.0,30,220,3,3,2585.0,9.2,484,6,6,413265,3386535,485,0,5,-113.5
603601,413380.0,3386545.0,30,220,3,3,2585.0,9.2,484,6,6,413205,3386515,485,0,5,-84.25
603601,413380.0,3386545.0,30,220,3,3,2585.0,9.2,484,6,6,413220,3386500,486,0,5,-93.0
603601,413380.0,3386545.0,30,220,3,3,2585.0,9.2,484,6,6,413210,3386510,485,0,5,-88.0
603601,413380.0,3386545.0,30,220,3,3,2585.0,9.2,484,6,6,413505,3386550,483,18,5,-98.75
603601,413380.0,3386545.0,30,220,3,3,2585.0,9.2,484,6,6,413610,3386335,487,0,5,-120.5
603601,413380.0,3386545.0,30,220,3,3,2585.0,9.2,484,6,6,413465,3386510,485,18,5,-81.5
603601,413380.0,3386545.0,30,220,3,3,2585.0,9.2,484,6,6,413480,3386525,484,18,6,-105.5
603601,413380.0,3386545.0,30,220,3,3,2585.0,9.2,484,6,6,413490,3386535,484,0,7,-84.67
603601,413380.0,3386545.0,30,220,3,3,2585.0,9.2,484,6,6,413585,3386470,485,0,5,-83.86
603601,413380.0,3386545.0,30,220,3,3,2585.0,9.2,484,6,6,413570,3386455,486,0,5,-83.0
603601,413380.0,3386545.0,30,220,3,3,2585.0,9.2,484,6,6,413450,3386495,485,0,5,-80.84
603601,413380.0,3386545.0,30,220,3,3,2585.0,9.2,484,6,6,413580,3386465,485,0,5,-87.67
603601,413380.0,3386545.0,30,220,3,3,2585.0,9.2,484,6,6,413445,3386490,485,0,5,-80.17
603601,413380.0,3386545.0,30,220,3,3,2585.0,9.2,484,6,6,413500,3386545,483,18,6,-101.0
603601,413380.0,3386545.0,30,220,3,3,2585.0,9.2,484,6,6,413595,3386480,485,0,5,-81.88
603601,413380.0,3386545.0,30,220,3,3,2585.0,9.2,484,6,6,413475,3386520,484,18,5,-78.33
603601,413380.0,3386545.0,30,220,3,3,2585.0,9.2,484,6,6,413440,3386485,486,0,5,-81.0
603601,413380.0,3386545.0,30,220,3,3,2585.0,9.2,484,6,6,413590,3386475,485,0,5,-82.75
603601,413380.0,3386545.0,30,220,3,3,2585.0,9.2,484,6,6,413515,3386560,483,0,14,-103.0
603601,413380.0,3386545.0,30,220,3,3,2585.0,9.2,484,6,6,413565,3386450,486,0,6,-81.5
603601,413380.0,3386545.0,30,220,3,3,2585.0,9.2,484,6,6,413455,3386500,485,0,5,-79.11
603601,413380.0,3386545.0,30,220,3,3,2585.0,9.2,484,6,6,413460,3386505,485,0,5,-79.89
603601,413380.0,3386545.0,30,220,3,3,2585.0,9.2,484,6,6,413485,3386530,484,0,6,-93.5
603601,413380.0,3386545.0,30,220,3,3,2585.0,9.2,484,6,6,413575,3386460,485,0,5,-83.0
603601,413380.0,3386545.0,30,220,3,3,2585.0,9.2,484,6,6,413430,3386590,483,0,14,-112.5
603601,413380.0,3386545.0,30,220,3,3,2585.0,9.2,484,6,6,413435,3386585,483,0,14,-109.0
603601,413380.0,3386545.0,30,220,3,3,2585.0,9.2,484,6,6,413425,3386595,483,18,5,-112.11
603601,413380.0,3386545.0,30,220,3,3,2585.0,9.2,484,6,6,413415,3386565,483,18,5,-107.6
603601,413380.0,3386545.0,30,220,3,3,2585.0,9.2,484,6,6,413410,3386570,483,18,5,-110.69
603601,413380.0,3386545.0,30,220,3,3,2585.0,9.2,484,6,6,413400,3386580,484,0,14,-108.29
603601,413380.0,3386545.0,30,220,3,3,2585.0,9.2,484,6,6,413405,3386575,483,18,14,-109.39
603601,413380.0,3386545.0,30,220,3,3,2585.0,9.2,484,6,6,413420,3386600,483,0,5,-112.83
603601,413380.0,3386545.0,30,220,3,3,2585.0,9.2,484,6,6,413375,3386605,485,0,14,-106.63
603601,413380.0,3386545.0,30,220,3,3,2585.0,9.2,484,6,6,413385,3386635,486,0,14,-107.5
603601,413380.0,3386545.0,30,220,3,3,2585.0,9.2,484,6,6,413720,3386575,485,6,5,-107.5
603601,413380.0,3386545.0,30,220,3,3,2585.0,9.2,484,6,6,413690,3386605,485,0,5,-106.67
603601,413380.0,3386545.0,30,220,3,3,2585.0,9.2,484,6,6,413755,3386590,485,0,5,-114.0
603601,413380.0,3386545.0,30,220,3,3,2585.0,9.2,484,6,6,413680,3386615,486,0,6,-109.55
603601,413380.0,3386545.0,30,220,3,3,2585.0,9.2,484,6,6,413630,3386705,485,0,5,-95.67
603601,413380.0,3386545.0,30,220,3,3,2585.0,9.2,484,6,6,413620,3386715,485,0,5,-101.0
603601,413380.0,3386545.0,30,220,3,3,2585.0,9.2,484,6,6,413685,3386620,486,0,5,-105.25
603601,413380.0,3386545.0,30,220,3,3,2585.0,9.2,484,6,6,413695,3386610,486,0,5,-106.0
603601,413380.0,3386545.0,30,220,3,3,2585.0,9.2,484,6,6,413270,3386095,490,0,5,-94.5
603601,413380.0,3386545.0,30,220,3,3,2585.0,9.2,484,6,6,413280,3386065,491,0,5,-83.5
603601,413380.0,3386545.0,30,220,3,3,2585.0,9.2,484,6,6,413460,3386450,487,0,5,-83.0
603601,413380.0,3386545.0,30,220,3,3,2585.0,9.2,484,6,6,413755,3386335,488,20,5,-112.33
603601,413380.0,3386545.0,30,220,3,3,2585.0,9.2,484,6,6,413475,3386455,486,0,5,-83.29
603601,413380.0,3386545.0,30,220,3,3,2585.0,9.2,484,6,6,413470,3386460,486,0,6,-83.5
603601,413380.0,3386545.0,30,220,3,3,2585.0,9.2,484,6,6,413455,3386475,486,0,5,-77.6
603601,413380.0,3386545.0,30,220,3,3,2585.0,9.2,484,6,6,413530,3386560,483,0,14,-101.5
603601,413380.0,3386545.0,30,220,3,3,2585.0,9.2,484,6,6,413450,3386480,486,0,5,-80.14
603601,413380.0,3386545.0,30,220,3,3,2585.0,9.2,484,6,6,413585,3386485,485,0,5,-80.14
