Cell Index,Cell X,Cell Y,Height,Azimuth,Electrical Downtilt,Mechanical Downtilt,Frequency Band,RS Power,Cell Altitude,Cell Building Height,Cell Clutter Index,X,Y,Altitude,Building Height,Clutter Index,RSRP
198701,411405.0,3388840.0,31,360,9,6,2585.0,9.2,493,0,13,411155,3388890,493,0,5,-95.67
198701,411405.0,3388840.0,31,360,9,6,2585.0,9.2,493,0,13,411210,3388900,492,21,12,-86.0
198701,411405.0,3388840.0,31,360,9,6,2585.0,9.2,493,0,13,411300,3388830,492,0,13,-94.0
198701,411405.0,3388840.0,31,360,9,6,2585.0,9.2,493,0,13,411235,3388915,491,0,5,-68.25
198701,411405.0,3388840.0,31,360,9,6,2585.0,9.2,493,0,13,411275,3388955,491,0,5,-75.0
198701,411405.0,3388840.0,31,360,9,6,2585.0,9.2,493,0,13,411315,3388835,492,0,13,-80.2
198701,411405.0,3388840.0,31,360,9,6,2585.0,9.2,493,0,13,411215,3388895,492,21,12,-68.33
198701,411405.0,3388840.0,31,360,9,6,2585.0,9.2,493,0,13,411245,3388925,491,0,6,-74.5
198701,411405.0,3388840.0,31,360,9,6,2585.0,9.2,493,0,13,411240,3388930,491,0,5,-75.5
198701,411405.0,3388840.0,31,360,9,6,2585.0,9.2,493,0,13,411255,3388935,491,0,6,-81.0
198701,411405.0,3388840.0,31,360,9,6,2585.0,9.2,493,0,13,411480,3389010,493,0,13,-90.0
198701,411405.0,3388840.0,31,360,9,6,2585.0,9.2,493,0,13,411285,3388805,492,0,5,-91.58
198701,411405.0,3388840.0,31,360,9,6,2585.0,9.2,493,0,13,411345,3388865,491,0,5,-78.72
198701,411405.0,3388840.0,31,360,9,6,2585.0,9.2,493,0,13,411340,3388870,491,0,13,-76.58
198701,411405.0,3388840.0,31,360,9,6,2585.0,9.2,493,0,13,411505,3389025,493,0,6,-90.44
198701,411405.0,3388840.0,31,360,9,6,2585.0,9.2,493,0,13,411500,3389030,493,0,6,-89.67
198701,411405.0,3388840.0,31,360,9,6,2585.0,9.2,493,0,13,411510,3389040,493,0,5,-92.43
198701,411405.0,3388840.0,31,360,9,6,2585.0,9.2,493,0,13,411265,3388945,491,0,6,-79.93
198701,411405.0,3388840.0,31,360,9,6,2585.0,9.2,493,0,13,411325,3388845,492,0,13,-85.57
198701,411405.0,3388840.0,31,360,9,6,2585.0,9.2,493,0,13,411330,3388860,491,0,13,-76.61
198701,411405.0,3388840.0,31,360,9,6,2585.0,9.2,493,0,13,411310,3388840,492,0,13,-76.56
198701,411405.0,3388840.0,31,360,9,6,2585.0,9.2,493,0,13,411280,3388810,492,0,6,-87.33
198701,411405.0,3388840.0,31,360,9,6,2585.0,9.2,493,0,13,411320,3388850,492,0,5,-84.83
198701,411405.0,3388840.0,31,360,9,6,2585.0,9.2,493,0,13,411355,3388875,491,0,13,-75.6
198701,411405.0,3388840.0,31,360,9,6,2585.0,9.2,493,0,13,411350,3388880,491,0,13,-76.57
198701,411405.0,3388840.0,31,360,9,6,2585.0,9.2,493,0,13,411335,3388855,492,0,5,-80.95
198701,411405.0,3388840.0,31,360,9,6,2585.0,9.2,493,0,13,411200,3388890,492,21,5,-83.71
198701,411405.0,3388840.0,31,360,9,6,2585.0,9.2,493,0,13,411260,3388950,491,0,7,-79.5
198701,411405.0,3388840.0,31,360,9,6,2585.0,9.2,493,0,13,411695,3388735,495,0,5,-109.4
198701,411405.0,3388840.0,31,360,9,6,2585.0,9.2,493,0,13,411475,3388995,493,0,13,-91.0
198701,411405.0,3388840.0,31,360,9,6,2585.0,9.2,493,0,13,411495,3389015,493,0,5,-85.35
198701,411405.0,3388840.0,31,360,9,6,2585.0,9.2,493,0,13,411485,3389005,493,0,5,-84.62
198701,411405.0,3388840.0,31,360,9,6,2585.0,9.2,493,0,13,411490,3389020,493,0,5,-84.33
198701,411405.0,3388840.0,31,360,9,6,2585.0,9.2,493,0,13,411305,3388825,492,0,13,-87.4
198701,411405.0,3388840.0,31,360,9,6,2585.0,9.2,493,0,13,411205,3388885,492,0,5,-82.3
198701,411405.0,3388840.0,31,360,9,6,2585.0,9.2,493,0,13,411230,3388920,491,0,5,-71.5
198701,411405.0,3388840.0,31,360,9,6,2585.0,9.2,493,0,13,411290,3388820,492,6,13,-89.0
198701,411405.0,3388840.0,31,360,9,6,2585.0,9.2,493,0,13,411250,3388940,491,0,6,-79.75
198701,411405.0,3388840.0,31,360,9,6,2585.0,9.2,493,0,13,411520,3388825,494,0,5,-95.0
198701,411405.0,3388840.0,31,360,9,6,2585.0,9.2,493,0,13,411525,3388830,493,0,5,-97.67
198701,411405.0,3388840.0,31,360,9,6,2585.0,9.2,493,0,13,411515,3388780,494,0,6,-104.45
198701,411405.0,3388840.0,31,360,9,6,2585.0,9.2,493,0,13,411510,3388775,494,0,5,-104.22
198701,411405.0,3388840.0,31,360,9,6,2585.0,9.2,493,0,13,411505,3388770,494,0,5,-100.5
198701,411405.0,3388840.0,31,360,9,6,2585.0,9.2,493,0,13,411495,3388800,494,0,5,-100.33
198701,411405.0,3388840.0,31,360,9,6,2585.0,9.2,493,0,13,411530,3388940,493,6,5,-90.5
198701,411405.0,3388840.0,31,360,9,6,2585.0,9.2,493,0,13,411395,3388795,493,0,5,-93.0
198701,411405.0,3388840.0,31,360,9,6,2585.0,9.2,493,0,13,411520,3388930,493,6,5,-83.83
198701,411405.0,3388840.0,31,360,9,6,2585.0,9.2,493,0,13,411525,3388925,493,6,5,-85.33
198701,411405.0,3388840.0,31,360,9,6,2585.0,9.2,493,0,13,411550,3388960,494,0,12,-85.0
198701,411405.0,3388840.0,31,360,9,6,2585.0,9.2,493,0,13,411390,3388800,493,0,5,-99.88
198701,411405.0,3388840.0,31,360,9,6,2585.0,9.2,493,0,13,411230,3388795,493,0,5,-89.5
198701,411405.0,3388840.0,31,360,9,6,2585.0,9.2,493,0,13,411285,3388690,493,0,6,-96.0
198701,411405.0,3388840.0,31,360,9,6,2585.0,9.2,493,0,13,411250,3388735,493,0,5,-91.2
198701,411405.0,3388840.0,31,360,9,6,2585.0,9.2,493,0,13,411270,3388755,493,0,6,-92.46
198701,411405.0,3388840.0,31,360,9,6,2585.0,9.2,493,0,13,411225,3388790,493,0,5,-88.0
198701,411405.0,3388840.0,31,360,9,6,2585.0,9.2,493,0,13,411275,3388760,493,0,6,-92.0
198701,411405.0,3388840.0,31,360,9,6,2585.0,9.2,493,0,13,411400,3388565,491,0,12,-109.0
198701,411405.0,3388840.0,31,360,9,6,2585.0,9.2,493,0,13,411260,3388745,493,0,6,-90.59
198701,411405.0,3388840.0,31,360,9,6,2585.0,9.2,493,0,13,411265,3388750,493,0,6,-90.61
198701,411405.0,3388840.0,31,360,9,6,2585.0,9.2,493,0,13,411255,3388740,493,0,6,-92.38
198701,411405.0,3388840.0,31,360,9,6,2585.0,9.2,493,0,13,411245,3388730,493,0,5,-96.33
198701,411405.0,3388840.0,31,360,9,6,2585.0,9.2,493,0,13,411600,3389005,494,0,6,-115.25
198701,411405.0,3388840.0,31,360,9,6,2585.0,9.2,493,0,13,411235,3388800,493,0,12,-84.0
198701,411405.0,3388840.0,31,360,9,6,2585.0,9.2,493,0,13,410025,3390875,498,0,7,-86.5
198701,411405.0,3388840.0,31,360,9,6,2585.0,9.2,493,0,13,411435,3389300,493,0,5,-93.0
198701,411405.0,3388840.0,31,360,9,6,2585.0,9.2,493,0,13,411425,3388795,494,0,5,-97.67
198701,411405.0,3388840.0,31,360,9,6,2585.0,9.2,493,0,13,411565,3388935,494,0,12,-98.5
198701,411405.0,3388840.0,31,360,9,6,2585.0,9.2,493,0,13,411370,3388730,493,6,13,-102.0
198701,411405.0,3388840.0,31,360,9,6,2585.0,9.2,493,0,13,411395,3388745,493,6,5,-92.5
198701,411405.0,3388840.0,31,360,9,6,2585.0,9.2,493,0,13,411570,3388930,494,0,5,-100.25
198701,411405.0,3388840.0,31,360,9,6,2585.0,9.2,493,0,13,411430,3388790,494,6,13,-99.0
198701,411405.0,3388840.0,31,360,9,6,2585.0,9.2,493,0,13,411590,3388950,495,0,5,-102.5
198701,411405.0,3388840.0,31,360,9,6,2585.0,9.2,493,0,13,411420,3388800,494,6,13,-97.75
198701,411405.0,3388840.0,31,360,9,6,2585.0,9.2,493,0,13,411525,3388895,493,0,5,-93.33
198701,411405.0,3388840.0,31,360,9,6,2585.0,9.2,493,0,13,411540,3388920,493,6,12,-91.94
198701,411405.0,3388840.0,31,360,9,6,2585.0,9.2,493,0,13,411545,3388915,493,0,12,-85.67
198701,411405.0,3388840.0,31,360,9,6,2585.0,9.2,493,0,13,411585,3388955,495,0,5,-100.29
198701,411405.0,3388840.0,31,360,9,6,2585.0,9.2,493,0,13,411580,3388960,495,0,5,-91.83
198701,411405.0,3388840.0,31,360,9,6,2585.0,9.2,493,0,13,411595,3388945,495,0,5,-103.5
198701,411405.0,3388840.0,31,360,9,6,2585.0,9.2,493,0,13,411520,3388900,493,0,5,-85.5
198701,411405.0,3388840.0,31,360,9,6,2585.0,9.2,493,0,13,411530,3388890,493,0,5,-94.33
198701,411405.0,3388840.0,31,360,9,6,2585.0,9.2,493,0,13,411625,3388945,496,0,12,-111.5
198701,411405.0,3388840.0,31,360,9,6,2585.0,9.2,493,0,13,411615,3388935,496,0,5,-106.5
198701,411405.0,3388840.0,31,360,9,6,2585.0,9.2,493,0,13,411520,3388850,493,0,5,-91.5
198701,411405.0,3388840.0,31,360,9,6,2585.0,9.2,493,0,13,411610,3388940,495,0,5,-105.6
198701,411405.0,3388840.0,31,360,9,6,2585.0,9.2,493,0,13,411495,3388735,493,0,5,-131.0
198701,411405.0,3388840.0,31,360,9,6,2585.0,9.2,493,0,13,411620,3388950,495,0,5,-106.33
198701,411405.0,3388840.0,31,360,9,6,2585.0,9.2,493,0,13,411450,3389300,494,0,5,-96.2
198701,411405.0,3388840.0,31,360,9,6,2585.0,9.2,493,0,13,411445,3389285,493,0,5,-95.0
198701,411405.0,3388840.0,31,360,9,6,2585.0,9.2,493,0,13,411440,3389290,493,0,5,-100.5
198701,411405.0,3388840.0,31,360,9,6,2585.0,9.2,493,0,13,411530,3388830,493,0,5,-96.5
198701,411405.0,3388840.0,31,360,9,6,2585.0,9.2,493,0,13,411505,3388775,494,0,5,-104.67
198701,411405.0,3388840.0,31,360,9,6,2585.0,9.2,493,0,13,411515,3388765,494,0,6,-103.33
198701,411405.0,3388840.0,31,360,9,6,2585.0,9.2,493,0,13,411510,3388770,494,0,5,-107.2
198701,411405.0,3388840.0,31,360,9,6,2585.0,9.2,493,0,13,411495,3388785,494,0,13,-103.5
198701,411405.0,3388840.0,31,360,9,6,2585.0,9.2,493,0,13,411320,3388640,493,6,5,-118.0
198701,411405.0,3388840.0,31,360,9,6,2585.0,9.2,493,0,13,411600,3389000,494,0,5,-100.33
198701,411405.0,3388840.0,31,360,9,6,2585.0,9.2,493,0,13,411605,3388995,494,0,5,-109.5
198701,411405.0,3388840.0,31,360,9,6,2585.0,9.2,493,0,13,411655,3389025,495,0,5,-111.33
198701,411405.0,3388840.0,31,360,9,6,2585.0,9.2,493,0,13,411255,3388785,493,0,6,-96.46
198701,411405.0,3388840.0,31,360,9,6,2585.0,9.2,493,0,13,411275,3388765,493,0,6,-90.07
198701,411405.0,3388840.0,31,360,9,6,2585.0,9.2,493,0,13,411265,3388775,493,0,7,-88.77
198701,411405.0,3388840.0,31,360,9,6,2585.0,9.2,493,0,13,411260,3388780,493,0,6,-87.4
198701,411405.0,3388840.0,31,360,9,6,2585.0,9.2,493,0,13,411270,3388770,493,0,6,-92.47
198701,411405.0,3388840.0,31,360,9,6,2585.0,9.2,493,0,13,411250,3388790,493,0,6,-93.72
198701,411405.0,3388840.0,31,360,9,6,2585.0,9.2,493,0,13,411240,3388800,493,0,12,-91.41
198701,411405.0,3388840.0,31,360,9,6,2585.0,9.2,493,0,13,411390,3388570,491,0,12,-111.5
198701,411405.0,3388840.0,31,360,9,6,2585.0,9.2,493,0,13,411245,3388795,493,0,5,-90.67
198701,411405.0,3388840.0,31,360,9,6,2585.0,9.2,493,0,13,411610,3388990,494,21,5,-88.67
198701,411405.0,3388840.0,31,360,9,6,2585.0,9.2,493,0,13,411595,3389010,494,21,6,-91.5
198701,411405.0,3388840.0,31,360,9,6,2585.0,9.2,493,0,13,411320,3388795,493,0,13,-91.5
198701,411405.0,3388840.0,31,360,9,6,2585.0,9.2,493,0,13,411345,3388780,493,0,13,-96.67
198701,411405.0,3388840.0,31,360,9,6,2585.0,9.2,493,0,13,411575,3389030,494,0,6,-96.5
198701,411405.0,3388840.0,31,360,9,6,2585.0,9.2,493,0,13,411560,3389035,494,0,6,-97.5
198701,411405.0,3388840.0,31,360,9,6,2585.0,9.2,493,0,13,411580,3389015,495,0,5,-91.5
198701,411405.0,3388840.0,31,360,9,6,2585.0,9.2,493,0,13,411535,3388990,495,0,13,-85.28
198701,411405.0,3388840.0,31,360,9,6,2585.0,9.2,493,0,13,411545,3388980,495,0,5,-93.5
198701,411405.0,3388840.0,31,360,9,6,2585.0,9.2,493,0,13,411275,3388690,493,0,6,-92.0
198701,411405.0,3388840.0,31,360,9,6,2585.0,9.2,493,0,13,411260,3388695,493,0,6,-90.29
198701,411405.0,3388840.0,31,360,9,6,2585.0,9.2,493,0,13,411265,3388700,493,0,6,-93.88
198701,411405.0,3388840.0,31,360,9,6,2585.0,9.2,493,0,13,411405,3388560,491,0,12,-116.0
198701,411405.0,3388840.0,31,360,9,6,2585.0,9.2,493,0,13,411520,3388995,494,0,13,-84.67
198701,411405.0,3388840.0,31,360,9,6,2585.0,9.2,493,0,13,411285,3388760,493,0,5,-89.63
198701,411405.0,3388840.0,31,360,9,6,2585.0,9.2,493,0,13,411280,3388755,494,0,6,-90.56
198701,411405.0,3388840.0,31,360,9,6,2585.0,9.2,493,0,13,411325,3388800,493,0,13,-87.5
198701,411405.0,3388840.0,31,360,9,6,2585.0,9.2,493,0,13,411270,3388685,493,0,7,-110.0
198701,411405.0,3388840.0,31,360,9,6,2585.0,9.2,493,0,13,411400,3388555,491,0,12,-119.33
198701,411405.0,3388840.0,31,360,9,6,2585.0,9.2,493,0,13,411255,3388710,493,0,6,-94.33
198701,411405.0,3388840.0,31,360,9,6,2585.0,9.2,493,0,13,411290,3388745,494,6,5,-88.75
198701,411405.0,3388840.0,31,360,9,6,2585.0,9.2,493,0,13,411415,3388550,491,0,5,-128.33
198701,411405.0,3388840.0,31,360,9,6,2585.0,9.2,493,0,13,411425,3388540,491,0,5,-128.5
198701,411405.0,3388840.0,31,360,9,6,2585.0,9.2,493,0,13,411530,3388985,494,0,13,-86.67
198701,411405.0,3388840.0,31,360,9,6,2585.0,9.2,493,0,13,411525,3389000,494,0,13,-85.88
198701,411405.0,3388840.0,31,360,9,6,2585.0,9.2,493,0,13,411570,3389025,494,0,6,-96.45
198701,411405.0,3388840.0,31,360,9,6,2585.0,9.2,493,0,13,411585,3389020,494,0,6,-95.14
198701,411405.0,3388840.0,31,360,9,6,2585.0,9.2,493,0,13,411300,3388735,494,0,12,-93.0
198701,411405.0,3388840.0,31,360,9,6,2585.0,9.2,493,0,13,410015,3390895,498,0,7,-88.5
198701,411405.0,3388840.0,31,360,9,6,2585.0,9.2,493,0,13,411565,3389030,494,0,6,-92.75
198701,411405.0,3388840.0,31,360,9,6,2585.0,9.2,493,0,13,411625,3389050,495,0,12,-86.0
198701,411405.0,3388840.0,31,360,9,6,2585.0,9.2,493,0,13,411620,3389045,495,0,12,-100.5
198701,411405.0,3388840.0,31,360,9,6,2585.0,9.2,493,0,13,411575,3389040,494,21,5,-93.5
198701,411405.0,3388840.0,31,360,9,6,2585.0,9.2,493,0,13,411580,3389005,495,21,5,-89.4
198701,411405.0,3388840.0,31,360,9,6,2585.0,9.2,493,0,13,411570,3389035,494,21,6,-90.0
198701,411405.0,3388840.0,31,360,9,6,2585.0,9.2,493,0,13,411525,3388990,494,0,13,-84.97
198701,411405.0,3388840.0,31,360,9,6,2585.0,9.2,493,0,13,411535,3389000,495,0,13,-86.54
198701,411405.0,3388840.0,31,360,9,6,2585.0,9.2,493,0,13,411520,3388985,494,0,13,-84.43
198701,411405.0,3388840.0,31,360,9,6,2585.0,9.2,493,0,13,411275,3388700,493,0,6,-92.67
198701,411405.0,3388840.0,31,360,9,6,2585.0,9.2,493,0,13,411400,3388545,491,0,5,-115.0
198701,411405.0,3388840.0,31,360,9,6,2585.0,9.2,493,0,13,411285,3388750,494,0,5,-88.75
198701,411405.0,3388840.0,31,360,9,6,2585.0,9.2,493,0,13,411410,3388555,491,0,5,-117.0
198701,411405.0,3388840.0,31,360,9,6,2585.0,9.2,493,0,13,411245,3388710,493,0,5,-93.0
198701,411405.0,3388840.0,31,360,9,6,2585.0,9.2,493,0,13,411280,3388745,494,0,6,-89.0
198701,411405.0,3388840.0,31,360,9,6,2585.0,9.2,493,0,13,411555,3388980,495,0,12,-88.71
198701,411405.0,3388840.0,31,360,9,6,2585.0,9.2,493,0,13,411290,3388755,494,6,5,-91.8
198701,411405.0,3388840.0,31,360,9,6,2585.0,9.2,493,0,13,411270,3388695,493,0,7,-94.0
198701,411405.0,3388840.0,31,360,9,6,2585.0,9.2,493,0,13,411255,3388720,493,0,6,-92.4
198701,411405.0,3388840.0,31,360,9,6,2585.0,9.2,493,0,13,411405,3388550,491,0,5,-104.5
198701,411405.0,3388840.0,31,360,9,6,2585.0,9.2,493,0,13,411260,3388685,493,0,6,-95.29
198701,411405.0,3388840.0,31,360,9,6,2585.0,9.2,493,0,13,411265,3388690,493,0,6,-92.67
198701,411405.0,3388840.0,31,360,9,6,2585.0,9.2,493,0,13,411530,3388995,495,0,13,-85.29
198701,411405.0,3388840.0,31,360,9,6,2585.0,9.2,493,0,13,411585,3389010,495,21,5,-89.17
198701,411405.0,3388840.0,31,360,9,6,2585.0,9.2,493,0,13,411295,3388760,493,0,12,-85.0
198701,411405.0,3388840.0,31,360,9,6,2585.0,9.2,493,0,13,411560,3389025,494,0,5,-91.25
198701,411405.0,3388840.0,31,360,9,6,2585.0,9.2,493,0,13,411590,3389015,494,0,6,-93.17
198701,411405.0,3388840.0,31,360,9,6,2585.0,9.2,493,0,13,411595,3389020,495,0,5,-95.78
198701,411405.0,3388840.0,31,360,9,6,2585.0,9.2,493,0,13,411545,3388970,494,0,5,-85.33
198701,411405.0,3388840.0,31,360,9,6,2585.0,9.2,493,0,13,411550,3388975,495,0,12,-87.33
198701,411405.0,3388840.0,31,360,9,6,2585.0,9.2,493,0,13,411205,3387385,489,0,13,-105.0
198701,411405.0,3388840.0,31,360,9,6,2585.0,9.2,493,0,13,410065,3390860,499,0,5,-84.5
198701,411405.0,3388840.0,31,360,9,6,2585.0,9.2,493,0,13,410055,3390870,499,0,7,-94.5
198701,411405.0,3388840.0,31,360,9,6,2585.0,9.2,493,0,13,410040,3390875,498,0,5,-90.33
198701,411405.0,3388840.0,31,360,9,6,2585.0,9.2,493,0,13,411480,3388925,492,12,5,-83.2
198701,411405.0,3388840.0,31,360,9,6,2585.0,9.2,493,0,13,411445,3388890,492,0,5,-79.0
198701,411405.0,3388840.0,31,360,9,6,2585.0,9.2,493,0,13,411375,3388820,493,15,5,-96.5
198701,411405.0,3388840.0,31,360,9,6,2585.0,9.2,493,0,13,411370,3388815,493,0,13,-96.33
198701,411405.0,3388840.0,31,360,9,6,2585.0,9.2,493,0,13,411455,3388900,492,0,5,-85.2
198701,411405.0,3388840.0,31,360,9,6,2585.0,9.2,493,0,13,411515,3388960,494,0,5,-74.8
198701,411405.0,3388840.0,31,360,9,6,2585.0,9.2,493,0,13,411485,3388930,493,0,6,-85.43
198701,411405.0,3388840.0,31,360,9,6,2585.0,9.2,493,0,13,411420,3388865,493,0,13,-78.65
198701,411405.0,3388840.0,31,360,9,6,2585.0,9.2,493,0,13,411415,3388860,493,0,13,-81.09
198701,411405.0,3388840.0,31,360,9,6,2585.0,9.2,493,0,13,411365,3388810,493,15,13,-91.25
198701,411405.0,3388840.0,31,360,9,6,2585.0,9.2,493,0,13,411050,3389135,498,0,5,-103.67
198701,411405.0,3388840.0,31,360,9,6,2585.0,9.2,493,0,13,411400,3388845,493,0,13,-83.63
198701,411405.0,3388840.0,31,360,9,6,2585.0,9.2,493,0,13,411405,3388850,493,0,13,-81.29
198701,411405.0,3388840.0,31,360,9,6,2585.0,9.2,493,0,13,411500,3388945,493,0,6,-79.09
198701,411405.0,3388840.0,31,360,9,6,2585.0,9.2,493,0,13,411040,3389125,498,21,5,-94.11
198701,411405.0,3388840.0,31,360,9,6,2585.0,9.2,493,0,13,411505,3388950,493,0,6,-78.98
198701,411405.0,3388840.0,31,360,9,6,2585.0,9.2,493,0,13,411425,3388870,493,0,5,-77.58
198701,411405.0,3388840.0,31,360,9,6,2585.0,9.2,493,0,13,411410,3388855,493,0,13,-83.6
198701,411405.0,3388840.0,31,360,9,6,2585.0,9.2,493,0,13,411495,3388940,493,0,5,-80.22
198701,411405.0,3388840.0,31,360,9,6,2585.0,9.2,493,0,13,411395,3388840,493,0,13,-88.25
198701,411405.0,3388840.0,31,360,9,6,2585.0,9.2,493,0,13,411435,3388880,493,0,5,-77.84
198701,411405.0,3388840.0,31,360,9,6,2585.0,9.2,493,0,13,411430,3388875,493,0,5,-76.08
198701,411405.0,3388840.0,31,360,9,6,2585.0,9.2,493,0,13,411490,3388935,493,0,6,-85.95
198701,411405.0,3388840.0,31,360,9,6,2585.0,9.2,493,0,13,411510,3388955,493,0,6,-82.43
198701,411405.0,3388840.0,31,360,9,6,2585.0,9.2,493,0,13,411450,3388895,492,0,5,-80.0
198701,411405.0,3388840.0,31,360,9,6,2585.0,9.2,493,0,13,411240,3389005,493,0,5,-80.5
198701,411405.0,3388840.0,31,360,9,6,2585.0,9.2,493,0,13,411440,3388885,492,0,5,-86.8
198701,411405.0,3388840.0,31,360,9,6,2585.0,9.2,493,0,13,411355,3389120,491,0,13,-77.5
198701,411405.0,3388840.0,31,360,9,6,2585.0,9.2,493,0,13,411385,3388830,493,15,5,-94.83
198701,411405.0,3388840.0,31,360,9,6,2585.0,9.2,493,0,13,411380,3388825,493,15,13,-100.33
198701,411405.0,3388840.0,31,360,9,6,2585.0,9.2,493,0,13,411360,3388805,493,0,13,-94.5
198701,411405.0,3388840.0,31,360,9,6,2585.0,9.2,493,0,13,411390,3388835,493,15,13,-92.86
198701,411405.0,3388840.0,31,360,9,6,2585.0,9.2,493,0,13,411185,3388865,493,21,5,-80.67
198701,411405.0,3388840.0,31,360,9,6,2585.0,9.2,493,0,13,411180,3388870,493,21,5,-88.0
198701,411405.0,3388840.0,31,360,9,6,2585.0,9.2,493,0,13,411190,3388880,492,0,5,-85.42
198701,411405.0,3388840.0,31,360,9,6,2585.0,9.2,493,0,13,411195,3388875,492,21,5,-81.13
198701,411405.0,3388840.0,31,360,9,6,2585.0,9.2,493,0,13,411175,3388855,493,0,5,-86.0
198701,411405.0,3388840.0,31,360,9,6,2585.0,9.2,493,0,13,410850,3388645,493,0,5,-99.5
198701,411405.0,3388840.0,31,360,9,6,2585.0,9.2,493,0,13,410840,3388655,493,0,5,-107.5
198701,411405.0,3388840.0,31,360,9,6,2585.0,9.2,493,0,13,410830,3388670,492,0,10,-105.5
198701,411405.0,3388840.0,31,360,9,6,2585.0,9.2,493,0,13,411145,3388890,493,0,5,-91.0
198701,411405.0,3388840.0,31,360,9,6,2585.0,9.2,493,0,13,411380,3389125,491,0,5,-75.5
198701,411405.0,3388840.0,31,360,9,6,2585.0,9.2,493,0,13,411385,3388945,490,0,7,-75.75
198701,411405.0,3388840.0,31,360,9,6,2585.0,9.2,493,0,13,411345,3388985,491,0,5,-81.0
198701,411405.0,3388840.0,31,360,9,6,2585.0,9.2,493,0,13,411420,3388910,491,0,5,-70.33
198701,411405.0,3388840.0,31,360,9,6,2585.0,9.2,493,0,13,411360,3388930,490,6,6,-74.33
198701,411405.0,3388840.0,31,360,9,6,2585.0,9.2,493,0,13,411225,3389105,495,21,5,-83.33
198701,411405.0,3388840.0,31,360,9,6,2585.0,9.2,493,0,13,411435,3388915,492,15,5,-85.5
198701,411405.0,3388840.0,31,360,9,6,2585.0,9.2,493,0,13,411535,3388775,494,0,5,-98.33
198701,411405.0,3388840.0,31,360,9,6,2585.0,9.2,493,0,13,411260,3389070,494,0,6,-76.0
198701,411405.0,3388840.0,31,360,9,6,2585.0,9.2,493,0,13,411505,3388825,494,0,5,-96.11
198701,411405.0,3388840.0,31,360,9,6,2585.0,9.2,493,0,13,411270,3389080,493,0,5,-78.0
198701,411405.0,3388840.0,31,360,9,6,2585.0,9.2,493,0,13,411500,3388830,494,0,5,-94.4
198701,411405.0,3388840.0,31,360,9,6,2585.0,9.2,493,0,13,411375,3388935,490,0,5,-69.5
198701,411405.0,3388840.0,31,360,9,6,2585.0,9.2,493,0,13,411460,3388870,493,0,13,-82.07
198701,411405.0,3388840.0,31,360,9,6,2585.0,9.2,493,0,13,411455,3388855,494,0,5,-84.47
198701,411405.0,3388840.0,31,360,9,6,2585.0,9.2,493,0,13,411440,3388850,494,0,13,-85.23
198701,411405.0,3388840.0,31,360,9,6,2585.0,9.2,493,0,13,411465,3388865,494,0,13,-79.27
198701,411405.0,3388840.0,31,360,9,6,2585.0,9.2,493,0,13,411245,3389045,494,0,6,-85.0
198701,411405.0,3388840.0,31,360,9,6,2585.0,9.2,493,0,13,411470,3388880,493,0,13,-79.14
198701,411405.0,3388840.0,31,360,9,6,2585.0,9.2,493,0,13,411445,3388845,494,0,13,-84.7
198701,411405.0,3388840.0,31,360,9,6,2585.0,9.2,493,0,13,411230,3389120,495,0,13,-84.5
198701,411405.0,3388840.0,31,360,9,6,2585.0,9.2,493,0,13,411515,3388835,494,0,6,-95.69
198701,411405.0,3388840.0,31,360,9,6,2585.0,9.2,493,0,13,411510,3388840,494,0,6,-93.63
198701,411405.0,3388840.0,31,360,9,6,2585.0,9.2,493,0,13,411475,3388875,493,0,5,-78.72
198701,411405.0,3388840.0,31,360,9,6,2585.0,9.2,493,0,13,411405,3388885,492,0,13,-78.0
198701,411405.0,3388840.0,31,360,9,6,2585.0,9.2,493,0,13,411530,3388780,494,0,5,-112.25
198701,411405.0,3388840.0,31,360,9,6,2585.0,9.2,493,0,13,411235,3389115,494,0,6,-80.8
198701,411405.0,3388840.0,31,360,9,6,2585.0,9.2,493,0,13,411450,3388860,494,0,5,-80.49
198701,411405.0,3388840.0,31,360,9,6,2585.0,9.2,493,0,13,411240,3389050,494,0,6,-81.5
198701,411405.0,3388840.0,31,360,9,6,2585.0,9.2,493,0,13,411370,3388940,490,0,7,-70.41
198701,411405.0,3388840.0,31,360,9,6,2585.0,9.2,493,0,13,411495,3388815,494,0,5,-101.8
198701,411405.0,3388840.0,31,360,9,6,2585.0,9.2,493,0,13,411520,3388770,494,0,6,-108.2
198701,411405.0,3388840.0,31,360,9,6,2585.0,9.2,493,0,13,411250,3389060,494,0,6,-85.33
198701,411405.0,3388840.0,31,360,9,6,2585.0,9.2,493,0,13,411380,3388950,490,0,5,-79.0
198701,411405.0,3388840.0,31,360,9,6,2585.0,9.2,493,0,13,411365,3388925,490,0,6,-75.23
198701,411405.0,3388840.0,31,360,9,6,2585.0,9.2,493,0,13,411350,3389000,490,6,13,-84.5
198701,411405.0,3388840.0,31,360,9,6,2585.0,9.2,493,0,13,410045,3390870,498,0,7,-88.33
198701,411405.0,3388840.0,31,360,9,6,2585.0,9.2,493,0,13,411230,3389030,493,21,13,-85.5
198701,411405.0,3388840.0,31,360,9,6,2585.0,9.2,493,0,13,411250,3388970,492,0,6,-82.0
198701,411405.0,3388840.0,31,360,9,6,2585.0,9.2,493,0,13,411435,3388825,494,0,5,-108.33
198701,411405.0,3388840.0,31,360,9,6,2585.0,9.2,493,0,13,411405,3388815,494,0,13,-101.5
198701,411405.0,3388840.0,31,360,9,6,2585.0,9.2,493,0,13,411515,3388905,493,0,5,-82.78
198701,411405.0,3388840.0,31,360,9,6,2585.0,9.2,493,0,13,411400,3388820,494,0,5,-98.63
198701,411405.0,3388840.0,31,360,9,6,2585.0,9.2,493,0,13,411430,3388830,494,0,5,-96.4
198701,411405.0,3388840.0,31,360,9,6,2585.0,9.2,493,0,13,411380,3388880,491,0,13,-74.52
198701,411405.0,3388840.0,31,360,9,6,2585.0,9.2,493,0,13,411385,3388875,492,0,5,-71.7
198701,411405.0,3388840.0,31,360,9,6,2585.0,9.2,493,0,13,411360,3388860,492,0,5,-77.44
198701,411405.0,3388840.0,31,360,9,6,2585.0,9.2,493,0,13,411480,3388900,493,0,5,-78.0
198701,411405.0,3388840.0,31,360,9,6,2585.0,9.2,493,0,13,411370,3388850,492,0,5,-76.5
198701,411405.0,3388840.0,31,360,9,6,2585.0,9.2,493,0,13,411235,3389025,493,0,12,-86.2
198701,411405.0,3388840.0,31,360,9,6,2585.0,9.2,493,0,13,411365,3388855,492,0,5,-77.95
198701,411405.0,3388840.0,31,360,9,6,2585.0,9.2,493,0,13,411505,3388915,493,0,6,-81.64
198701,411405.0,3388840.0,31,360,9,6,2585.0,9.2,493,0,13,411510,3388910,493,0,6,-83.1
198701,411405.0,3388840.0,31,360,9,6,2585.0,9.2,493,0,13,411495,3388885,493,0,5,-84.04
198701,411405.0,3388840.0,31,360,9,6,2585.0,9.2,493,0,13,411500,3388920,493,0,5,-81.05
198701,411405.0,3388840.0,31,360,9,6,2585.0,9.2,493,0,13,411255,3388965,492,0,6,-82.0
198701,411405.0,3388840.0,31,360,9,6,2585.0,9.2,493,0,13,411490,3388890,493,0,5,-85.29
198701,411405.0,3388840.0,31,360,9,6,2585.0,9.2,493,0,13,411395,3388865,492,0,5,-74.82
198701,411405.0,3388840.0,31,360,9,6,2585.0,9.2,493,0,13,411425,3388835,494,15,5,-98.22
198701,411405.0,3388840.0,31,360,9,6,2585.0,9.2,493,0,13,411390,3388870,492,0,5,-74.06
198701,411405.0,3388840.0,31,360,9,6,2585.0,9.2,493,0,13,411410,3388810,494,6,13,-100.67
198701,411405.0,3388840.0,31,360,9,6,2585.0,9.2,493,0,13,411270,3388990,492,0,6,-84.5
198701,411405.0,3388840.0,31,360,9,6,2585.0,9.2,493,0,13,411375,3388845,492,0,13,-81.08
198701,411405.0,3388840.0,31,360,9,6,2585.0,9.2,493,0,13,411485,3388895,493,0,5,-84.75
198701,411405.0,3388840.0,31,360,9,6,2585.0,9.2,493,0,13,411245,3388975,492,0,6,-73.5
198701,411405.0,3388840.0,31,360,9,6,2585.0,9.2,493,0,13,411420,3388840,494,0,13,-92.0
198701,411405.0,3388840.0,31,360,9,6,2585.0,9.2,493,0,13,411020,3389245,496,9,6,-97.0
198701,411405.0,3388840.0,31,360,9,6,2585.0,9.2,493,0,13,411285,3388910,490,0,5,-66.0
198701,411405.0,3388840.0,31,360,9,6,2585.0,9.2,493,0,13,411355,3388940,490,6,7,-87.14
198701,411405.0,3388840.0,31,360,9,6,2585.0,9.2,493,0,13,411280,3388905,490,0,5,-80.1
198701,411405.0,3388840.0,31,360,9,6,2585.0,9.2,493,0,13,411330,3388955,490,6,7,-82.67
198701,411405.0,3388840.0,31,360,9,6,2585.0,9.2,493,0,13,411500,3389085,492,0,6,-92.0
198701,411405.0,3388840.0,31,360,9,6,2585.0,9.2,493,0,13,411235,3388820,493,0,5,-88.22
198701,411405.0,3388840.0,31,360,9,6,2585.0,9.2,493,0,13,411275,3388860,491,0,6,-78.29
198701,411405.0,3388840.0,31,360,9,6,2585.0,9.2,493,0,13,411265,3388850,492,0,6,-83.02
198701,411405.0,3388840.0,31,360,9,6,2585.0,9.2,493,0,13,411290,3388915,490,0,5,-75.5
198701,411405.0,3388840.0,31,360,9,6,2585.0,9.2,493,0,13,411300,3388885,491,0,5,-73.85
198701,411405.0,3388840.0,31,360,9,6,2585.0,9.2,493,0,13,411315,3388900,490,0,5,-72.67
198701,411405.0,3388840.0,31,360,9,6,2585.0,9.2,493,0,13,411215,3388840,493,21,12,-75.67
198701,411405.0,3388840.0,31,360,9,6,2585.0,9.2,493,0,13,411240,3388865,492,0,12,-73.6
198701,411405.0,3388840.0,31,360,9,6,2585.0,9.2,493,0,13,411255,3388880,491,0,6,-75.32
198701,411405.0,3388840.0,31,360,9,6,2585.0,9.2,493,0,13,411250,3388875,491,0,6,-72.83
198701,411405.0,3388840.0,31,360,9,6,2585.0,9.2,493,0,13,411245,3388870,492,0,5,-74.76
198701,411405.0,3388840.0,31,360,9,6,2585.0,9.2,493,0,13,411510,3389095,492,0,5,-90.88
198701,411405.0,3388840.0,31,360,9,6,2585.0,9.2,493,0,13,411270,3388855,491,0,6,-81.38
198701,411405.0,3388840.0,31,360,9,6,2585.0,9.2,493,0,13,411505,3389090,492,0,6,-90.85
198701,411405.0,3388840.0,31,360,9,6,2585.0,9.2,493,0,13,411260,3388845,492,0,6,-79.64
198701,411405.0,3388840.0,31,360,9,6,2585.0,9.2,493,0,13,411310,3388895,490,0,5,-70.54
198701,411405.0,3388840.0,31,360,9,6,2585.0,9.2,493,0,13,411350,3388935,490,6,5,-77.38
198701,411405.0,3388840.0,31,360,9,6,2585.0,9.2,493,0,13,411335,3388960,490,6,5,-80.0
198701,411405.0,3388840.0,31,360,9,6,2585.0,9.2,493,0,13,411340,3388925,490,6,6,-90.0
198701,411405.0,3388840.0,31,360,9,6,2585.0,9.2,493,0,13,411210,3388835,493,21,12,-73.0
198701,411405.0,3388840.0,31,360,9,6,2585.0,9.2,493,0,13,411345,3388930,490,0,6,-88.67
198701,411405.0,3388840.0,31,360,9,6,2585.0,9.2,493,0,13,411305,3388890,491,0,5,-71.0
198701,411405.0,3388840.0,31,360,9,6,2585.0,9.2,493,0,13,411360,3388985,490,0,13,-75.5
198701,411405.0,3388840.0,31,360,9,6,2585.0,9.2,493,0,13,411365,3388990,490,0,5,-89.33
198701,411405.0,3388840.0,31,360,9,6,2585.0,9.2,493,0,13,411515,3389100,492,0,12,-89.0
198701,411405.0,3388840.0,31,360,9,6,2585.0,9.2,493,0,13,411580,3389045,494,21,5,-102.0
198701,411405.0,3388840.0,31,360,9,6,2585.0,9.2,493,0,13,411610,3389035,495,0,5,-101.0
198701,411405.0,3388840.0,31,360,9,6,2585.0,9.2,493,0,13,411625,3389010,494,0,5,-102.0
198701,411405.0,3388840.0,31,360,9,6,2585.0,9.2,493,0,13,411245,3388750,493,0,6,-96.0
198701,411405.0,3388840.0,31,360,9,6,2585.0,9.2,493,0,13,411360,3388625,492,0,5,-115.33
198701,411405.0,3388840.0,31,360,9,6,2585.0,9.2,493,0,13,411365,3388630,492,0,13,-117.0
198701,411405.0,3388840.0,31,360,9,6,2585.0,9.2,493,0,13,411250,3388755,493,0,6,-87.72
198701,411405.0,3388840.0,31,360,9,6,2585.0,9.2,493,0,13,411600,3389025,495,0,5,-94.7
198701,411405.0,3388840.0,31,360,9,6,2585.0,9.2,493,0,13,411520,3389105,492,0,12,-95.0
198701,411405.0,3388840.0,31,360,9,6,2585.0,9.2,493,0,13,411270,3388735,494,0,6,-93.33
198701,411405.0,3388840.0,31,360,9,6,2585.0,9.2,493,0,13,411275,3388740,494,0,6,-89.6
198701,411405.0,3388840.0,31,360,9,6,2585.0,9.2,493,0,13,411285,3388710,494,0,5,-97.5
198701,411405.0,3388840.0,31,360,9,6,2585.0,9.2,493,0,13,411255,3388760,493,0,6,-92.25
198701,411405.0,3388840.0,31,360,9,6,2585.0,9.2,493,0,13,411260,3388725,493,0,6,-93.3
198701,411405.0,3388840.0,31,360,9,6,2585.0,9.2,493,0,13,411265,3388730,494,0,6,-92.0
198701,411405.0,3388840.0,31,360,9,6,2585.0,9.2,493,0,13,411215,3388800,493,0,5,-93.5
198701,411405.0,3388840.0,31,360,9,6,2585.0,9.2,493,0,13,411235,3388780,493,0,5,-83.25
198701,411405.0,3388840.0,31,360,9,6,2585.0,9.2,493,0,13,411605,3389030,495,0,5,-99.5
198701,411405.0,3388840.0,31,360,9,6,2585.0,9.2,493,0,13,411050,3389115,498,0,12,-103.75
198701,411405.0,3388840.0,31,360,9,6,2585.0,9.2,493,0,13,411445,3388795,494,6,13,-101.5
198701,411405.0,3388840.0,31,360,9,6,2585.0,9.2,493,0,13,411530,3388870,493,0,5,-83.5
198701,411405.0,3388840.0,31,360,9,6,2585.0,9.2,493,0,13,411625,3388935,496,0,5,-108.0
198701,411405.0,3388840.0,31,360,9,6,2585.0,9.2,493,0,13,411525,3388875,493,0,5,-92.0
198701,411405.0,3388840.0,31,360,9,6,2585.0,9.2,493,0,13,411620,3388940,496,0,5,-109.0
198701,411405.0,3388840.0,31,360,9,6,2585.0,9.2,493,0,13,411610,3388950,495,0,5,-106.2
198701,411405.0,3388840.0,31,360,9,6,2585.0,9.2,493,0,13,411605,3388955,495,0,5,-103.73
198701,411405.0,3388840.0,31,360,9,6,2585.0,9.2,493,0,13,411520,3388880,493,0,5,-91.5
198701,411405.0,3388840.0,31,360,9,6,2585.0,9.2,493,0,13,411510,3388730,494,0,5,-107.0
198701,411405.0,3388840.0,31,360,9,6,2585.0,9.2,493,0,13,411640,3388920,497,0,5,-112.0
198701,411405.0,3388840.0,31,360,9,6,2585.0,9.2,493,0,13,411615,3388945,495,0,5,-107.67
198701,411405.0,3388840.0,31,360,9,6,2585.0,9.2,493,0,13,411600,3388960,495,0,5,-101.3
198701,411405.0,3388840.0,31,360,9,6,2585.0,9.2,493,0,13,411530,3388935,493,6,5,-89.33
198701,411405.0,3388840.0,31,360,9,6,2585.0,9.2,493,0,13,411540,3388945,494,0,5,-94.5
198701,411405.0,3388840.0,31,360,9,6,2585.0,9.2,493,0,13,411395,3388800,493,0,13,-94.88
198701,411405.0,3388840.0,31,360,9,6,2585.0,9.2,493,0,13,411520,3388925,493,6,5,-87.8
198701,411405.0,3388840.0,31,360,9,6,2585.0,9.2,493,0,13,411390,3388795,493,0,5,-94.73
198701,411405.0,3388840.0,31,360,9,6,2585.0,9.2,493,0,13,411525,3388930,493,6,5,-90.6
198701,411405.0,3388840.0,31,360,9,6,2585.0,9.2,493,0,13,411385,3388790,493,6,5,-109.25
198701,411405.0,3388840.0,31,360,9,6,2585.0,9.2,493,0,13,411325,3388490,495,0,5,-129.0
198701,411405.0,3388840.0,31,360,9,6,2585.0,9.2,493,0,13,411535,3388940,494,6,5,-89.67
198701,411405.0,3388840.0,31,360,9,6,2585.0,9.2,493,0,13,411050,3389120,498,21,12,-92.0
198701,411405.0,3388840.0,31,360,9,6,2585.0,9.2,493,0,13,411040,3389110,499,0,5,-94.25
198701,411405.0,3388840.0,31,360,9,6,2585.0,9.2,493,0,13,411505,3388795,494,0,5,-100.73
198701,411405.0,3388840.0,31,360,9,6,2585.0,9.2,493,0,13,411515,3388785,494,0,6,-101.89
198701,411405.0,3388840.0,31,360,9,6,2585.0,9.2,493,0,13,411510,3388790,494,0,6,-97.89
198701,411405.0,3388840.0,31,360,9,6,2585.0,9.2,493,0,13,411500,3388800,494,0,5,-99.5
198701,411405.0,3388840.0,31,360,9,6,2585.0,9.2,493,0,13,411320,3388915,490,6,5,-72.0
198701,411405.0,3388840.0,31,360,9,6,2585.0,9.2,493,0,13,411200,3388875,492,21,5,-83.5
198701,411405.0,3388840.0,31,360,9,6,2585.0,9.2,493,0,13,411285,3388960,491,6,5,-82.0
198701,411405.0,3388840.0,31,360,9,6,2585.0,9.2,493,0,13,411280,3388955,491,0,5,-78.0
198701,411405.0,3388840.0,31,360,9,6,2585.0,9.2,493,0,13,411230,3388845,492,21,12,-65.5
198701,411405.0,3388840.0,31,360,9,6,2585.0,9.2,493,0,13,411290,3388945,491,0,5,-79.25
198701,411405.0,3388840.0,31,360,9,6,2585.0,9.2,493,0,13,411225,3388860,492,0,5,-89.5
198701,411405.0,3388840.0,31,360,9,6,2585.0,9.2,493,0,13,411480,3389075,491,6,5,-94.5
198701,411405.0,3388840.0,31,360,9,6,2585.0,9.2,493,0,13,411505,3389060,492,0,6,-94.5
198701,411405.0,3388840.0,31,360,9,6,2585.0,9.2,493,0,13,411510,3389045,493,0,5,-88.75
198701,411405.0,3388840.0,31,360,9,6,2585.0,9.2,493,0,13,411500,3389055,492,0,6,-92.86
198701,411405.0,3388840.0,31,360,9,6,2585.0,9.2,493,0,13,411205,3388880,492,0,5,-84.0
198701,411405.0,3388840.0,31,360,9,6,2585.0,9.2,493,0,13,411355,3388890,491,0,13,-68.75
198701,411405.0,3388840.0,31,360,9,6,2585.0,9.2,493,0,13,411345,3388900,490,0,5,-81.88
198701,411405.0,3388840.0,31,360,9,6,2585.0,9.2,493,0,13,411275,3388810,492,0,6,-96.33
198701,411405.0,3388840.0,31,360,9,6,2585.0,9.2,493,0,13,411260,3388815,492,0,6,-92.35
198701,411405.0,3388840.0,31,360,9,6,2585.0,9.2,493,0,13,411255,3388830,492,0,6,-84.72
198701,411405.0,3388840.0,31,360,9,6,2585.0,9.2,493,0,13,411250,3388825,492,0,6,-85.55
198701,411405.0,3388840.0,31,360,9,6,2585.0,9.2,493,0,13,411245,3388840,492,0,5,-82.74
198701,411405.0,3388840.0,31,360,9,6,2585.0,9.2,493,0,13,411495,3389070,492,0,6,-95.73
198701,411405.0,3388840.0,31,360,9,6,2585.0,9.2,493,0,13,411330,3388905,490,0,5,-72.83
198701,411405.0,3388840.0,31,360,9,6,2585.0,9.2,493,0,13,411270,3388805,492,0,6,-94.61
198701,411405.0,3388840.0,31,360,9,6,2585.0,9.2,493,0,13,411340,3388895,490,0,5,-81.83
198701,411405.0,3388840.0,31,360,9,6,2585.0,9.2,493,0,13,411265,3388820,492,0,7,-88.82
198701,411405.0,3388840.0,31,360,9,6,2585.0,9.2,493,0,13,411485,3389080,491,0,5,-91.0
198701,411405.0,3388840.0,31,360,9,6,2585.0,9.2,493,0,13,411240,3388835,492,0,5,-83.82
198701,411405.0,3388840.0,31,360,9,6,2585.0,9.2,493,0,13,411335,3388910,490,0,5,-77.33
198701,411405.0,3388840.0,31,360,9,6,2585.0,9.2,493,0,13,411490,3389065,492,0,5,-88.0
198701,411405.0,3388840.0,31,360,9,6,2585.0,9.2,493,0,13,411350,3388885,491,0,13,-79.86
198701,411405.0,3388840.0,31,360,9,6,2585.0,9.2,493,0,13,411355,3388850,492,0,5,-84.2
198701,411405.0,3388840.0,31,360,9,6,2585.0,9.2,493,0,13,411255,3388950,491,0,6,-80.0
198701,411405.0,3388840.0,31,360,9,6,2585.0,9.2,493,0,13,411305,3388820,492,0,13,-91.2
198701,411405.0,3388840.0,31,360,9,6,2585.0,9.2,493,0,13,411310,3388805,493,0,5,-92.0
198701,411405.0,3388840.0,31,360,9,6,2585.0,9.2,493,0,13,411220,3388895,492,0,12,-73.5
198701,411405.0,3388840.0,31,360,9,6,2585.0,9.2,493,0,13,411275,3388930,491,0,6,-79.25
198701,411405.0,3388840.0,31,360,9,6,2585.0,9.2,493,0,13,411480,3389035,492,0,5,-86.0
198701,411405.0,3388840.0,31,360,9,6,2585.0,9.2,493,0,13,411245,3388960,492,0,6,-89.67
198701,411405.0,3388840.0,31,360,9,6,2585.0,9.2,493,0,13,411495,3389030,493,0,6,-86.73
198701,411405.0,3388840.0,31,360,9,6,2585.0,9.2,493,0,13,411500,3389015,493,0,6,-87.79
198701,411405.0,3388840.0,31,360,9,6,2585.0,9.2,493,0,13,411485,3389040,492,0,5,-90.17
198701,411405.0,3388840.0,31,360,9,6,2585.0,9.2,493,0,13,411340,3388855,492,0,5,-80.89
198701,411405.0,3388840.0,31,360,9,6,2585.0,9.2,493,0,13,411515,3389010,494,0,5,-88.0
198701,411405.0,3388840.0,31,360,9,6,2585.0,9.2,493,0,13,411320,3388875,491,0,5,-73.97
198701,411405.0,3388840.0,31,360,9,6,2585.0,9.2,493,0,13,411490,3389025,493,0,5,-85.61
198701,411405.0,3388840.0,31,360,9,6,2585.0,9.2,493,0,13,411265,3388940,491,0,6,-78.08
198701,411405.0,3388840.0,31,360,9,6,2585.0,9.2,493,0,13,411315,3388810,493,6,13,-91.4
198701,411405.0,3388840.0,31,360,9,6,2585.0,9.2,493,0,13,411345,3388860,492,0,5,-78.02
198701,411405.0,3388840.0,31,360,9,6,2585.0,9.2,493,0,13,411230,3388885,492,0,5,-77.7
198701,411405.0,3388840.0,31,360,9,6,2585.0,9.2,493,0,13,411235,3388890,491,0,5,-76.07
198701,411405.0,3388840.0,31,360,9,6,2585.0,9.2,493,0,13,411330,3388865,491,0,13,-77.35
198701,411405.0,3388840.0,31,360,9,6,2585.0,9.2,493,0,13,411325,3388880,491,0,5,-74.24
198701,411405.0,3388840.0,31,360,9,6,2585.0,9.2,493,0,13,411280,3388835,492,0,5,-84.4
198701,411405.0,3388840.0,31,360,9,6,2585.0,9.2,493,0,13,411350,3388845,492,0,5,-86.6
198701,411405.0,3388840.0,31,360,9,6,2585.0,9.2,493,0,13,411285,3388840,492,0,5,-81.24
198701,411405.0,3388840.0,31,360,9,6,2585.0,9.2,493,0,13,411300,3388815,492,0,13,-88.2
198701,411405.0,3388840.0,31,360,9,6,2585.0,9.2,493,0,13,411335,3388870,491,0,13,-77.5
198701,411405.0,3388840.0,31,360,9,6,2585.0,9.2,493,0,13,411505,3389020,493,0,6,-87.4
198701,411405.0,3388840.0,31,360,9,6,2585.0,9.2,493,0,13,411440,3388995,492,0,5,-91.0
198701,411405.0,3388840.0,31,360,9,6,2585.0,9.2,493,0,13,411700,3388735,495,0,5,-111.33
198701,411405.0,3388840.0,31,360,9,6,2585.0,9.2,493,0,13,411290,3388825,492,6,13,-85.67
198701,411405.0,3388840.0,31,360,9,6,2585.0,9.2,493,0,13,411510,3389005,494,0,5,-87.69
198701,411405.0,3388840.0,31,360,9,6,2585.0,9.2,493,0,13,411270,3388925,491,0,6,-93.2
198701,411405.0,3388840.0,31,360,9,6,2585.0,9.2,493,0,13,411260,3388935,491,0,7,-79.6
198701,411405.0,3388840.0,31,360,9,6,2585.0,9.2,493,0,13,411400,3389115,491,0,5,-90.33
198701,411405.0,3388840.0,31,360,9,6,2585.0,9.2,493,0,13,411150,3388880,493,0,12,-93.0
198701,411405.0,3388840.0,31,360,9,6,2585.0,9.2,493,0,13,411340,3388710,493,6,5,-108.0
198701,411405.0,3388840.0,31,360,9,6,2585.0,9.2,493,0,13,411645,3389005,495,0,12,-110.0
198701,411405.0,3388840.0,31,360,9,6,2585.0,9.2,493,0,13,411245,3388765,493,0,6,-87.3
198701,411405.0,3388840.0,31,360,9,6,2585.0,9.2,493,0,13,411310,3388680,493,21,5,-112.5
198701,411405.0,3388840.0,31,360,9,6,2585.0,9.2,493,0,13,411255,3388775,493,0,6,-93.1
198701,411405.0,3388840.0,31,360,9,6,2585.0,9.2,493,0,13,411270,3388800,493,0,6,-88.69
198701,411405.0,3388840.0,31,360,9,6,2585.0,9.2,493,0,13,411240,3388770,493,0,6,-86.17
198701,411405.0,3388840.0,31,360,9,6,2585.0,9.2,493,0,13,411275,3388795,493,0,6,-92.41
198701,411405.0,3388840.0,31,360,9,6,2585.0,9.2,493,0,13,411315,3388675,493,0,5,-98.5
198701,411405.0,3388840.0,31,360,9,6,2585.0,9.2,493,0,13,411260,3388790,493,0,6,-92.54
198701,411405.0,3388840.0,31,360,9,6,2585.0,9.2,493,0,13,411265,3388785,493,0,7,-90.21
198701,411405.0,3388840.0,31,360,9,6,2585.0,9.2,493,0,13,411250,3388780,493,0,6,-91.03
198701,411405.0,3388840.0,31,360,9,6,2585.0,9.2,493,0,13,411605,3388965,495,0,5,-102.5
198701,411405.0,3388840.0,31,360,9,6,2585.0,9.2,493,0,13,411640,3389010,495,0,5,-100.0
198701,411405.0,3388840.0,31,360,9,6,2585.0,9.2,493,0,13,411235,3388755,493,0,6,-92.5
198701,411405.0,3388840.0,31,360,9,6,2585.0,9.2,493,0,13,411620,3388990,494,21,6,-91.5
198701,411405.0,3388840.0,31,360,9,6,2585.0,9.2,493,0,13,411365,3388645,492,6,5,-115.0
198701,411405.0,3388840.0,31,360,9,6,2585.0,9.2,493,0,13,411515,3388795,494,0,6,-106.0
198701,411405.0,3388840.0,31,360,9,6,2585.0,9.2,493,0,13,411505,3388785,494,0,5,-102.88
198701,411405.0,3388840.0,31,360,9,6,2585.0,9.2,493,0,13,411500,3388790,494,0,5,-102.0
198701,411405.0,3388840.0,31,360,9,6,2585.0,9.2,493,0,13,411510,3388800,494,0,6,-105.93
198701,411405.0,3388840.0,31,360,9,6,2585.0,9.2,493,0,13,411495,3388775,494,0,13,-94.5
198701,411405.0,3388840.0,31,360,9,6,2585.0,9.2,493,0,13,410845,3388635,493,0,5,-92.0
198701,411405.0,3388840.0,31,360,9,6,2585.0,9.2,493,0,13,411145,3388695,493,0,5,-111.0
198701,411405.0,3388840.0,31,360,9,6,2585.0,9.2,493,0,13,411125,3388715,493,0,6,-106.5
198701,411405.0,3388840.0,31,360,9,6,2585.0,9.2,493,0,13,411445,3389290,493,0,5,-92.5
198701,411405.0,3388840.0,31,360,9,6,2585.0,9.2,493,0,13,411450,3389295,494,0,5,-94.38
198701,411405.0,3388840.0,31,360,9,6,2585.0,9.2,493,0,13,411440,3389285,493,0,5,-94.0
198701,411405.0,3388840.0,31,360,9,6,2585.0,9.2,493,0,13,411180,3388895,492,21,12,-81.33
198701,411405.0,3388840.0,31,360,9,6,2585.0,9.2,493,0,13,411190,3388885,492,0,5,-84.14
198701,411405.0,3388840.0,31,360,9,6,2585.0,9.2,493,0,13,411195,3388890,492,21,5,-81.25
198701,411405.0,3388840.0,31,360,9,6,2585.0,9.2,493,0,13,411305,3388925,490,0,6,-81.5
198701,411405.0,3388840.0,31,360,9,6,2585.0,9.2,493,0,13,411220,3388850,492,0,5,-62.0
198701,411405.0,3388840.0,31,360,9,6,2585.0,9.2,493,0,13,411285,3388945,491,6,5,-82.5
198701,411405.0,3388840.0,31,360,9,6,2585.0,9.2,493,0,13,411350,3388900,490,0,5,-72.67
198701,411405.0,3388840.0,31,360,9,6,2585.0,9.2,493,0,13,411335,3388915,490,6,5,-95.0
198701,411405.0,3388840.0,31,360,9,6,2585.0,9.2,493,0,13,411215,3388875,492,21,5,-87.0
198701,411405.0,3388840.0,31,360,9,6,2585.0,9.2,493,0,13,411235,3388855,492,21,5,-80.8
198701,411405.0,3388840.0,31,360,9,6,2585.0,9.2,493,0,13,411500,3389050,492,0,6,-90.5
198701,411405.0,3388840.0,31,360,9,6,2585.0,9.2,493,0,13,411265,3388805,492,0,7,-94.97
198701,411405.0,3388840.0,31,360,9,6,2585.0,9.2,493,0,13,411340,3388890,491,0,13,-79.25
198701,411405.0,3388840.0,31,360,9,6,2585.0,9.2,493,0,13,411255,3388835,492,0,6,-84.03
198701,411405.0,3388840.0,31,360,9,6,2585.0,9.2,493,0,13,411345,3388885,491,0,13,-72.0
198701,411405.0,3388840.0,31,360,9,6,2585.0,9.2,493,0,13,411240,3388830,492,0,5,-84.06
198701,411405.0,3388840.0,31,360,9,6,2585.0,9.2,493,0,13,411270,3388820,492,0,6,-86.78
198701,411405.0,3388840.0,31,360,9,6,2585.0,9.2,493,0,13,411210,3388880,492,0,5,-84.71
198701,411405.0,3388840.0,31,360,9,6,2585.0,9.2,493,0,13,411260,3388810,492,0,6,-91.33
198701,411405.0,3388840.0,31,360,9,6,2585.0,9.2,493,0,13,411250,3388840,492,0,6,-77.8
198701,411405.0,3388840.0,31,360,9,6,2585.0,9.2,493,0,13,411275,3388815,492,0,6,-93.94
198701,411405.0,3388840.0,31,360,9,6,2585.0,9.2,493,0,13,411495,3389075,492,0,6,-92.71
198701,411405.0,3388840.0,31,360,9,6,2585.0,9.2,493,0,13,411245,3388825,492,0,5,-86.5
198701,411405.0,3388840.0,31,360,9,6,2585.0,9.2,493,0,13,411505,3389045,493,0,6,-94.36
198701,411405.0,3388840.0,31,360,9,6,2585.0,9.2,493,0,13,411510,3389060,492,0,5,-93.33
198701,411405.0,3388840.0,31,360,9,6,2585.0,9.2,493,0,13,411490,3389080,491,0,5,-93.5
198701,411405.0,3388840.0,31,360,9,6,2585.0,9.2,493,0,13,411320,3388910,490,0,5,-67.0
198701,411405.0,3388840.0,31,360,9,6,2585.0,9.2,493,0,13,411690,3388720,494,0,5,-114.33
198701,411405.0,3388840.0,31,360,9,6,2585.0,9.2,493,0,13,411325,3388905,490,0,5,-69.89
198701,411405.0,3388840.0,31,360,9,6,2585.0,9.2,493,0,13,411230,3388860,492,0,5,-86.33
198701,411405.0,3388840.0,31,360,9,6,2585.0,9.2,493,0,13,411610,3388965,495,0,12,-104.0
198701,411405.0,3388840.0,31,360,9,6,2585.0,9.2,493,0,13,411645,3389020,495,0,5,-103.33
198701,411405.0,3388840.0,31,360,9,6,2585.0,9.2,493,0,13,411630,3388985,494,0,6,-96.0
198701,411405.0,3388840.0,31,360,9,6,2585.0,9.2,493,0,13,411240,3388775,493,0,6,-96.71
198701,411405.0,3388840.0,31,360,9,6,2585.0,9.2,493,0,13,411245,3388780,493,0,6,-98.12
198701,411405.0,3388840.0,31,360,9,6,2585.0,9.2,493,0,13,411250,3388765,493,0,6,-92.77
198701,411405.0,3388840.0,31,360,9,6,2585.0,9.2,493,0,13,411265,3388800,493,0,7,-92.83
198701,411405.0,3388840.0,31,360,9,6,2585.0,9.2,493,0,13,411260,3388795,493,0,6,-94.32
198701,411405.0,3388840.0,31,360,9,6,2585.0,9.2,493,0,13,411270,3388785,493,0,6,-92.23
198701,411405.0,3388840.0,31,360,9,6,2585.0,9.2,493,0,13,411275,3388790,493,0,6,-91.47
198701,411405.0,3388840.0,31,360,9,6,2585.0,9.2,493,0,13,411255,3388770,493,0,6,-90.84
198701,411405.0,3388840.0,31,360,9,6,2585.0,9.2,493,0,13,411600,3388975,495,0,5,-100.5
198701,411405.0,3388840.0,31,360,9,6,2585.0,9.2,493,0,13,411640,3389015,495,0,5,-108.5
198701,411405.0,3388840.0,31,360,9,6,2585.0,9.2,493,0,13,411650,3389005,495,21,12,-104.0
198701,411405.0,3388840.0,31,360,9,6,2585.0,9.2,493,0,13,411605,3388980,495,0,12,-89.5
198701,411405.0,3388840.0,31,360,9,6,2585.0,9.2,493,0,13,411210,3388725,492,21,11,-81.0
198701,411405.0,3388840.0,31,360,9,6,2585.0,9.2,493,0,13,411540,3388900,493,6,5,-87.5
198701,411405.0,3388840.0,31,360,9,6,2585.0,9.2,493,0,13,411405,3388795,493,0,5,-93.5
198701,411405.0,3388840.0,31,360,9,6,2585.0,9.2,493,0,13,411560,3388960,494,0,12,-91.5
198701,411405.0,3388840.0,31,360,9,6,2585.0,9.2,493,0,13,411580,3388940,495,0,5,-95.67
198701,411405.0,3388840.0,31,360,9,6,2585.0,9.2,493,0,13,411575,3388945,495,0,5,-102.67
198701,411405.0,3388840.0,31,360,9,6,2585.0,9.2,493,0,13,411355,3388525,492,0,12,-122.0
198701,411405.0,3388840.0,31,360,9,6,2585.0,9.2,493,0,13,411520,3388920,493,6,5,-88.67
198701,411405.0,3388840.0,31,360,9,6,2585.0,9.2,493,0,13,411565,3388955,494,0,5,-95.67
198701,411405.0,3388840.0,31,360,9,6,2585.0,9.2,493,0,13,411400,3388800,493,6,13,-93.0
198701,411405.0,3388840.0,31,360,9,6,2585.0,9.2,493,0,13,411530,3388910,493,6,12,-82.0
198701,411405.0,3388840.0,31,360,9,6,2585.0,9.2,493,0,13,411570,3388950,494,0,5,-102.83
198701,411405.0,3388840.0,31,360,9,6,2585.0,9.2,493,0,13,411535,3388905,493,6,12,-101.33
198701,411405.0,3388840.0,31,360,9,6,2585.0,9.2,493,0,13,411185,3388840,493,21,5,-90.5
198701,411405.0,3388840.0,31,360,9,6,2585.0,9.2,493,0,13,411145,3388880,493,0,12,-91.25
198701,411405.0,3388840.0,31,360,9,6,2585.0,9.2,493,0,13,411140,3388875,493,0,12,-88.5
198701,411405.0,3388840.0,31,360,9,6,2585.0,9.2,493,0,13,411310,3388620,493,0,5,-119.0
198701,411405.0,3388840.0,31,360,9,6,2585.0,9.2,493,0,13,411600,3388950,495,0,5,-103.5
198701,411405.0,3388840.0,31,360,9,6,2585.0,9.2,493,0,13,411635,3388935,496,0,5,-112.67
198701,411405.0,3388840.0,31,360,9,6,2585.0,9.2,493,0,13,411440,3388790,494,6,13,-98.33
198701,411405.0,3388840.0,31,360,9,6,2585.0,9.2,493,0,13,411615,3388955,495,0,5,-102.2
198701,411405.0,3388840.0,31,360,9,6,2585.0,9.2,493,0,13,411610,3388960,495,0,12,-104.67
198701,411405.0,3388840.0,31,360,9,6,2585.0,9.2,493,0,13,411450,3388800,494,0,13,-94.0
198701,411405.0,3388840.0,31,360,9,6,2585.0,9.2,493,0,13,411605,3388945,495,0,5,-105.33
198701,411405.0,3388840.0,31,360,9,6,2585.0,9.2,493,0,13,411260,3388490,500,0,5,-121.5
198701,411405.0,3388840.0,31,360,9,6,2585.0,9.2,493,0,13,411500,3388730,493,0,5,-123.0
198701,411405.0,3388840.0,31,360,9,6,2585.0,9.2,493,0,13,411505,3388725,493,0,5,-108.0
198701,411405.0,3388840.0,31,360,9,6,2585.0,9.2,493,0,13,411510,3388740,494,0,5,-106.0
198701,411405.0,3388840.0,31,360,9,6,2585.0,9.2,493,0,13,411520,3388870,493,0,5,-90.67
198701,411405.0,3388840.0,31,360,9,6,2585.0,9.2,493,0,13,411125,3388880,493,0,5,-92.5
198701,411405.0,3388840.0,31,360,9,6,2585.0,9.2,493,0,13,411190,3388805,493,0,5,-89.0
198701,411405.0,3388840.0,31,360,9,6,2585.0,9.2,493,0,13,411575,3388960,495,0,5,-94.0
198701,411405.0,3388840.0,31,360,9,6,2585.0,9.2,493,0,13,411570,3388955,494,0,5,-98.2
198701,411405.0,3388840.0,31,360,9,6,2585.0,9.2,493,0,13,411565,3388950,494,0,5,-96.0
198701,411405.0,3388840.0,31,360,9,6,2585.0,9.2,493,0,13,411525,3388910,493,6,12,-84.5
198701,411405.0,3388840.0,31,360,9,6,2585.0,9.2,493,0,13,411415,3388800,494,6,13,-102.0
198701,411405.0,3388840.0,31,360,9,6,2585.0,9.2,493,0,13,411430,3388775,493,0,13,-95.5
198701,411405.0,3388840.0,31,360,9,6,2585.0,9.2,493,0,13,411520,3388905,493,0,5,-90.4
198701,411405.0,3388840.0,31,360,9,6,2585.0,9.2,493,0,13,411495,3388720,493,6,5,-116.0
198701,411405.0,3388840.0,31,360,9,6,2585.0,9.2,493,0,13,411595,3388940,495,0,12,-110.0
198701,411405.0,3388840.0,31,360,9,6,2585.0,9.2,493,0,13,411585,3388930,495,0,5,-110.5
198701,411405.0,3388840.0,31,360,9,6,2585.0,9.2,493,0,13,411430,3388800,494,0,13,-91.5
198701,411405.0,3388840.0,31,360,9,6,2585.0,9.2,493,0,13,411405,3388765,493,0,13,-98.0
198701,411405.0,3388840.0,31,360,9,6,2585.0,9.2,493,0,13,411435,3388795,494,6,5,-106.33
198701,411405.0,3388840.0,31,360,9,6,2585.0,9.2,493,0,13,411530,3388900,493,6,5,-86.5
198701,411405.0,3388840.0,31,360,9,6,2585.0,9.2,493,0,13,411320,3388530,495,0,12,-111.5
198701,411405.0,3388840.0,31,360,9,6,2585.0,9.2,493,0,13,411590,3388960,495,0,5,-96.83
198701,411405.0,3388840.0,31,360,9,6,2585.0,9.2,493,0,13,411595,3388955,495,0,5,-100.78
198701,411405.0,3388840.0,31,360,9,6,2585.0,9.2,493,0,13,411520,3388890,493,0,5,-90.5
198701,411405.0,3388840.0,31,360,9,6,2585.0,9.2,493,0,13,411540,3388910,493,6,12,-85.6
198701,411405.0,3388840.0,31,360,9,6,2585.0,9.2,493,0,13,411570,3388940,494,0,5,-105.33
198701,411405.0,3388840.0,31,360,9,6,2585.0,9.2,493,0,13,411525,3388885,493,0,5,-95.33
198701,411405.0,3388840.0,31,360,9,6,2585.0,9.2,493,0,13,411535,3388895,493,0,5,-93.25
198701,411405.0,3388840.0,31,360,9,6,2585.0,9.2,493,0,13,411580,3388950,495,0,5,-96.5
198701,411405.0,3388840.0,31,360,9,6,2585.0,9.2,493,0,13,411520,3389010,494,0,13,-85.5
198701,411405.0,3388840.0,31,360,9,6,2585.0,9.2,493,0,13,411300,3388790,493,15,5,-84.5
198701,411405.0,3388840.0,31,360,9,6,2585.0,9.2,493,0,13,411575,3388975,495,0,5,-89.9
198701,411405.0,3388840.0,31,360,9,6,2585.0,9.2,493,0,13,411580,3388990,495,0,5,-85.33
198701,411405.0,3388840.0,31,360,9,6,2585.0,9.2,493,0,13,411585,3388985,495,0,5,-94.25
198701,411405.0,3388840.0,31,360,9,6,2585.0,9.2,493,0,13,411260,3388670,493,0,6,-96.5
198701,411405.0,3388840.0,31,360,9,6,2585.0,9.2,493,0,13,411385,3388545,490,0,5,-135.5
198701,411405.0,3388840.0,31,360,9,6,2585.0,9.2,493,0,13,411270,3388680,493,0,7,-96.75
198701,411405.0,3388840.0,31,360,9,6,2585.0,9.2,493,0,13,411275,3388675,493,0,6,-98.5
198701,411405.0,3388840.0,31,360,9,6,2585.0,9.2,493,0,13,411280,3388770,493,0,6,-94.56
198701,411405.0,3388840.0,31,360,9,6,2585.0,9.2,493,0,13,411295,3388775,493,0,12,-88.6
198701,411405.0,3388840.0,31,360,9,6,2585.0,9.2,493,0,13,411285,3388765,493,0,5,-90.29
198701,411405.0,3388840.0,31,360,9,6,2585.0,9.2,493,0,13,411290,3388780,493,6,5,-87.8
198701,411405.0,3388840.0,31,360,9,6,2585.0,9.2,493,0,13,411525,3389005,494,0,13,-83.78
198701,411405.0,3388840.0,31,360,9,6,2585.0,9.2,493,0,13,411595,3388995,494,0,5,-106.0
198701,411405.0,3388840.0,31,360,9,6,2585.0,9.2,493,0,13,411535,3389015,494,0,5,-89.25
198701,411405.0,3388840.0,31,360,9,6,2585.0,9.2,493,0,13,411570,3388980,495,0,5,-88.38
198701,411405.0,3388840.0,31,360,9,6,2585.0,9.2,493,0,13,411310,3388800,493,0,5,-88.5
198701,411405.0,3388840.0,31,360,9,6,2585.0,9.2,493,0,13,411565,3388965,494,0,5,-95.0
198701,411405.0,3388840.0,31,360,9,6,2585.0,9.2,493,0,13,411560,3388970,494,0,12,-91.5
198701,411405.0,3388840.0,31,360,9,6,2585.0,9.2,493,0,13,411410,3388805,494,6,13,-111.0
198701,411405.0,3388840.0,31,360,9,6,2585.0,9.2,493,0,13,411370,3388845,492,0,13,-79.82
198701,411405.0,3388840.0,31,360,9,6,2585.0,9.2,493,0,13,411250,3388965,492,0,6,-77.33
198701,411405.0,3388840.0,31,360,9,6,2585.0,9.2,493,0,13,411480,3388895,493,0,5,-84.0
198701,411405.0,3388840.0,31,360,9,6,2585.0,9.2,493,0,13,411435,3388830,494,0,13,-91.62
198701,411405.0,3388840.0,31,360,9,6,2585.0,9.2,493,0,13,411235,3389030,493,0,12,-87.0
198701,411405.0,3388840.0,31,360,9,6,2585.0,9.2,493,0,13,411400,3388815,494,0,13,-98.44
198701,411405.0,3388840.0,31,360,9,6,2585.0,9.2,493,0,13,411380,3388875,491,0,5,-73.03
198701,411405.0,3388840.0,31,360,9,6,2585.0,9.2,493,0,13,411510,3388905,493,0,6,-84.13
198701,411405.0,3388840.0,31,360,9,6,2585.0,9.2,493,0,13,411385,3388880,491,0,13,-75.81
198701,411405.0,3388840.0,31,360,9,6,2585.0,9.2,493,0,13,411390,3388865,492,0,5,-75.09
198701,411405.0,3388840.0,31,360,9,6,2585.0,9.2,493,0,13,411500,3388915,493,0,5,-81.47
198701,411405.0,3388840.0,31,360,9,6,2585.0,9.2,493,0,13,411515,3388910,493,0,5,-85.35
198701,411405.0,3388840.0,31,360,9,6,2585.0,9.2,493,0,13,411495,3388890,493,0,5,-84.3
198701,411405.0,3388840.0,31,360,9,6,2585.0,9.2,493,0,13,411505,3388920,493,0,6,-80.8
198701,411405.0,3388840.0,31,360,9,6,2585.0,9.2,493,0,13,411395,3388870,492,0,5,-75.15
198701,411405.0,3388840.0,31,360,9,6,2585.0,9.2,493,0,13,411425,3388840,494,0,13,-91.78
198701,411405.0,3388840.0,31,360,9,6,2585.0,9.2,493,0,13,411490,3388885,493,0,5,-83.03
198701,411405.0,3388840.0,31,360,9,6,2585.0,9.2,493,0,13,411405,3388820,494,0,5,-98.71
198701,411405.0,3388840.0,31,360,9,6,2585.0,9.2,493,0,13,411365,3388860,492,0,5,-75.66
198701,411405.0,3388840.0,31,360,9,6,2585.0,9.2,493,0,13,411360,3388855,492,0,5,-78.27
198701,411405.0,3388840.0,31,360,9,6,2585.0,9.2,493,0,13,411430,3388825,494,0,5,-93.13
198701,411405.0,3388840.0,31,360,9,6,2585.0,9.2,493,0,13,411230,3389025,493,0,12,-85.67
198701,411405.0,3388840.0,31,360,9,6,2585.0,9.2,493,0,13,411420,3388835,494,15,5,-101.11
198701,411405.0,3388840.0,31,360,9,6,2585.0,9.2,493,0,13,411255,3388970,492,0,6,-81.29
198701,411405.0,3388840.0,31,360,9,6,2585.0,9.2,493,0,13,411375,3388850,492,0,5,-80.55
198701,411405.0,3388840.0,31,360,9,6,2585.0,9.2,493,0,13,411195,3388795,493,0,5,-99.0
198701,411405.0,3388840.0,31,360,9,6,2585.0,9.2,493,0,13,411050,3389110,499,0,5,-89.5
198701,411405.0,3388840.0,31,360,9,6,2585.0,9.2,493,0,13,411040,3389120,498,21,5,-98.0
198701,411405.0,3388840.0,31,360,9,6,2585.0,9.2,493,0,13,411045,3389115,498,0,12,-100.25
198701,411405.0,3388840.0,31,360,9,6,2585.0,9.2,493,0,13,410840,3388665,493,0,5,-99.5
198701,411405.0,3388840.0,31,360,9,6,2585.0,9.2,493,0,13,411215,3388790,493,0,5,-88.5
198701,411405.0,3388840.0,31,360,9,6,2585.0,9.2,493,0,13,411615,3389030,495,0,5,-98.2
198701,411405.0,3388840.0,31,360,9,6,2585.0,9.2,493,0,13,411605,3389040,495,0,12,-97.33
198701,411405.0,3388840.0,31,360,9,6,2585.0,9.2,493,0,13,411600,3389035,495,0,12,-96.53
198701,411405.0,3388840.0,31,360,9,6,2585.0,9.2,493,0,13,411285,3388720,494,0,5,-93.33
198701,411405.0,3388840.0,31,360,9,6,2585.0,9.2,493,0,13,411360,3388635,492,0,13,-113.33
198701,411405.0,3388840.0,31,360,9,6,2585.0,9.2,493,0,13,411365,3388640,492,0,5,-125.17
198701,411405.0,3388840.0,31,360,9,6,2585.0,9.2,493,0,13,411610,3389025,495,0,5,-102.43
198701,411405.0,3388840.0,31,360,9,6,2585.0,9.2,493,0,13,411250,3388745,493,0,6,-90.71
198701,411405.0,3388840.0,31,360,9,6,2585.0,9.2,493,0,13,411270,3388725,494,0,6,-93.0
198701,411405.0,3388840.0,31,360,9,6,2585.0,9.2,493,0,13,411430,3388565,491,0,12,-117.0
198701,411405.0,3388840.0,31,360,9,6,2585.0,9.2,493,0,13,411260,3388735,493,0,6,-97.06
198701,411405.0,3388840.0,31,360,9,6,2585.0,9.2,493,0,13,411330,3388665,493,0,5,-100.0
198701,411405.0,3388840.0,31,360,9,6,2585.0,9.2,493,0,13,411245,3388760,493,0,6,-95.86
198701,411405.0,3388840.0,31,360,9,6,2585.0,9.2,493,0,13,411275,3388730,494,0,6,-91.25
198701,411405.0,3388840.0,31,360,9,6,2585.0,9.2,493,0,13,411255,3388750,493,0,6,-90.96
198701,411405.0,3388840.0,31,360,9,6,2585.0,9.2,493,0,13,411240,3388755,493,0,6,-84.5
198701,411405.0,3388840.0,31,360,9,6,2585.0,9.2,493,0,13,411265,3388740,494,0,6,-91.94
198701,411405.0,3388840.0,31,360,9,6,2585.0,9.2,493,0,13,411630,3389005,494,0,5,-101.0
198701,411405.0,3388840.0,31,360,9,6,2585.0,9.2,493,0,13,411590,3389045,495,0,5,-94.67
198701,411405.0,3388840.0,31,360,9,6,2585.0,9.2,493,0,13,411235,3388770,493,0,6,-85.5
198701,411405.0,3388840.0,31,360,9,6,2585.0,9.2,493,0,13,411235,3388410,495,0,5,-140.0
198701,411405.0,3388840.0,31,360,9,6,2585.0,9.2,493,0,13,411260,3388955,491,0,7,-76.0
198701,411405.0,3388840.0,31,360,9,6,2585.0,9.2,493,0,13,411465,3389000,493,0,13,-87.0
198701,411405.0,3388840.0,31,360,9,6,2585.0,9.2,493,0,13,411475,3388990,493,0,13,-88.0
198701,411405.0,3388840.0,31,360,9,6,2585.0,9.2,493,0,13,411500,3389035,493,0,6,-89.73
198701,411405.0,3388840.0,31,360,9,6,2585.0,9.2,493,0,13,411495,3389010,493,0,5,-85.82
198701,411405.0,3388840.0,31,360,9,6,2585.0,9.2,493,0,13,411505,3389040,493,0,6,-92.5
198701,411405.0,3388840.0,31,360,9,6,2585.0,9.2,493,0,13,411510,3389025,493,0,5,-91.25
198701,411405.0,3388840.0,31,360,9,6,2585.0,9.2,493,0,13,411695,3388730,495,0,5,-109.67
198701,411405.0,3388840.0,31,360,9,6,2585.0,9.2,493,0,13,411345,3388880,491,0,13,-75.77
198701,411405.0,3388840.0,31,360,9,6,2585.0,9.2,493,0,13,411320,3388855,492,0,5,-72.94
198701,411405.0,3388840.0,31,360,9,6,2585.0,9.2,493,0,13,411285,3388820,492,0,5,-87.15
198701,411405.0,3388840.0,31,360,9,6,2585.0,9.2,493,0,13,411325,3388860,491,0,13,-75.64
198701,411405.0,3388840.0,31,360,9,6,2585.0,9.2,493,0,13,411275,3388950,491,0,6,-65.5
198701,411405.0,3388840.0,31,360,9,6,2585.0,9.2,493,0,13,411270,3388945,491,0,6,-78.33
198701,411405.0,3388840.0,31,360,9,6,2585.0,9.2,493,0,13,411255,3388930,491,0,6,-84.5
198701,411405.0,3388840.0,31,360,9,6,2585.0,9.2,493,0,13,411305,3388840,492,0,13,-81.14
198701,411405.0,3388840.0,31,360,9,6,2585.0,9.2,493,0,13,411310,3388825,492,0,5,-83.43
198701,411405.0,3388840.0,31,360,9,6,2585.0,9.2,493,0,13,411280,3388815,492,0,6,-90.26
198701,411405.0,3388840.0,31,360,9,6,2585.0,9.2,493,0,13,411355,3388870,491,0,5,-75.49
198701,411405.0,3388840.0,31,360,9,6,2585.0,9.2,493,0,13,411330,3388845,492,0,5,-81.11
198701,411405.0,3388840.0,31,360,9,6,2585.0,9.2,493,0,13,411350,3388865,491,0,13,-76.69
198701,411405.0,3388840.0,31,360,9,6,2585.0,9.2,493,0,13,411300,3388835,492,0,13,-77.4
198701,411405.0,3388840.0,31,360,9,6,2585.0,9.2,493,0,13,411335,3388850,492,0,13,-79.69
198701,411405.0,3388840.0,31,360,9,6,2585.0,9.2,493,0,13,411340,3388875,491,0,13,-76.42
198701,411405.0,3388840.0,31,360,9,6,2585.0,9.2,493,0,13,411210,3388885,492,0,5,-84.2
198701,411405.0,3388840.0,31,360,9,6,2585.0,9.2,493,0,13,411290,3388805,492,6,13,-97.2
198701,411405.0,3388840.0,31,360,9,6,2585.0,9.2,493,0,13,411485,3389020,493,0,5,-88.07
198701,411405.0,3388840.0,31,360,9,6,2585.0,9.2,493,0,13,411295,3388810,492,0,5,-91.5
198701,411405.0,3388840.0,31,360,9,6,2585.0,9.2,493,0,13,411265,3388960,491,0,6,-76.6
198701,411405.0,3388840.0,31,360,9,6,2585.0,9.2,493,0,13,411490,3389005,493,0,5,-85.17
198701,411405.0,3388840.0,31,360,9,6,2585.0,9.2,493,0,13,411215,3388890,492,21,5,-79.0
198701,411405.0,3388840.0,31,360,9,6,2585.0,9.2,493,0,13,411235,3388910,491,0,12,-75.17
198701,411405.0,3388840.0,31,360,9,6,2585.0,9.2,493,0,13,411690,3388725,494,0,5,-111.5
198701,411405.0,3388840.0,31,360,9,6,2585.0,9.2,493,0,13,411315,3388830,492,0,13,-90.8
198701,411405.0,3388840.0,31,360,9,6,2585.0,9.2,493,0,13,411225,3388440,498,75,11,-123.0
198701,411405.0,3388840.0,31,360,9,6,2585.0,9.2,493,0,13,411465,3389285,494,0,5,-95.0
198701,411405.0,3388840.0,31,360,9,6,2585.0,9.2,493,0,13,411445,3389305,493,0,5,-98.33
198701,411405.0,3388840.0,31,360,9,6,2585.0,9.2,493,0,13,411460,3389290,494,0,5,-91.5
198701,411405.0,3388840.0,31,360,9,6,2585.0,9.2,493,0,13,411325,3389185,492,0,5,-83.0
198701,411405.0,3388840.0,31,360,9,6,2585.0,9.2,493,0,13,411535,3388970,494,0,13,-86.0
198701,411405.0,3388840.0,31,360,9,6,2585.0,9.2,493,0,13,411600,3389055,495,21,5,-93.0
198701,411405.0,3388840.0,31,360,9,6,2585.0,9.2,493,0,13,411580,3389035,494,0,5,-91.83
198701,411405.0,3388840.0,31,360,9,6,2585.0,9.2,493,0,13,411340,3388795,493,0,5,-100.5
198701,411405.0,3388840.0,31,360,9,6,2585.0,9.2,493,0,13,411525,3388980,494,0,13,-84.29
198701,411405.0,3388840.0,31,360,9,6,2585.0,9.2,493,0,13,411565,3389020,494,0,5,-92.47
198701,411405.0,3388840.0,31,360,9,6,2585.0,9.2,493,0,13,411345,3388800,493,0,5,-88.0
198701,411405.0,3388840.0,31,360,9,6,2585.0,9.2,493,0,13,411595,3389030,495,0,5,-95.33
198701,411405.0,3388840.0,31,360,9,6,2585.0,9.2,493,0,13,411560,3389015,495,0,5,-89.04
198701,411405.0,3388840.0,31,360,9,6,2585.0,9.2,493,0,13,411285,3388740,494,0,5,-88.29
198701,411405.0,3388840.0,31,360,9,6,2585.0,9.2,493,0,13,411540,3388995,495,0,5,-85.71
198701,411405.0,3388840.0,31,360,9,6,2585.0,9.2,493,0,13,411275,3388710,494,0,6,-102.4
198701,411405.0,3388840.0,31,360,9,6,2585.0,9.2,493,0,13,411325,3388780,493,6,13,-89.25
198701,411405.0,3388840.0,31,360,9,6,2585.0,9.2,493,0,13,411265,3388720,493,0,6,-97.83
198701,411405.0,3388840.0,31,360,9,6,2585.0,9.2,493,0,13,411405,3388540,491,0,5,-118.0
198701,411405.0,3388840.0,31,360,9,6,2585.0,9.2,493,0,13,411530,3388965,494,0,13,-88.5
198701,411405.0,3388840.0,31,360,9,6,2585.0,9.2,493,0,13,411255,3388690,493,0,6,-95.5
198701,411405.0,3388840.0,31,360,9,6,2585.0,9.2,493,0,13,411280,3388735,494,0,6,-91.42
198701,411405.0,3388840.0,31,360,9,6,2585.0,9.2,493,0,13,411545,3389000,495,0,12,-85.28
198701,411405.0,3388840.0,31,360,9,6,2585.0,9.2,493,0,13,411250,3388685,493,0,5,-98.75
198701,411405.0,3388840.0,31,360,9,6,2585.0,9.2,493,0,13,411270,3388705,493,0,7,-94.0
198701,411405.0,3388840.0,31,360,9,6,2585.0,9.2,493,0,13,411260,3388715,493,0,6,-95.33
198701,411405.0,3388840.0,31,360,9,6,2585.0,9.2,493,0,13,411555,3388990,495,0,12,-87.73
198701,411405.0,3388840.0,31,360,9,6,2585.0,9.2,493,0,13,411550,3388985,495,0,12,-85.0
198701,411405.0,3388840.0,31,360,9,6,2585.0,9.2,493,0,13,411245,3388700,493,0,5,-91.75
198701,411405.0,3388840.0,31,360,9,6,2585.0,9.2,493,0,13,411575,3389010,495,0,5,-90.67
198701,411405.0,3388840.0,31,360,9,6,2585.0,9.2,493,0,13,411615,3389050,495,0,5,-97.67
198701,411405.0,3388840.0,31,360,9,6,2585.0,9.2,493,0,13,411520,3388975,494,0,13,-85.22
198701,411405.0,3388840.0,31,360,9,6,2585.0,9.2,493,0,13,411585,3389040,494,0,5,-92.33
198701,411405.0,3388840.0,31,360,9,6,2585.0,9.2,493,0,13,411400,3388535,490,0,5,-109.11
198701,411405.0,3388840.0,31,360,9,6,2585.0,9.2,493,0,13,411570,3389005,495,0,5,-89.36
198701,411405.0,3388840.0,31,360,9,6,2585.0,9.2,493,0,13,411590,3389025,495,0,5,-95.67
198701,411405.0,3388840.0,31,360,9,6,2585.0,9.2,493,0,13,411610,3389045,495,0,12,-99.17
198701,411405.0,3388840.0,31,360,9,6,2585.0,9.2,493,0,13,411600,3388990,494,0,5,-94.0
198701,411405.0,3388840.0,31,360,9,6,2585.0,9.2,493,0,13,411625,3388965,495,21,12,-96.0
198701,411405.0,3388840.0,31,360,9,6,2585.0,9.2,493,0,13,411610,3389000,494,0,6,-108.25
198701,411405.0,3388840.0,31,360,9,6,2585.0,9.2,493,0,13,411250,3388800,493,0,6,-90.42
198701,411405.0,3388840.0,31,360,9,6,2585.0,9.2,493,0,13,411275,3388775,493,0,6,-89.97
198701,411405.0,3388840.0,31,360,9,6,2585.0,9.2,493,0,13,411255,3388795,493,0,6,-94.41
198701,411405.0,3388840.0,31,360,9,6,2585.0,9.2,493,0,13,411260,3388770,493,0,6,-92.5
198701,411405.0,3388840.0,31,360,9,6,2585.0,9.2,493,0,13,411240,3388790,493,21,5,-88.4
198701,411405.0,3388840.0,31,360,9,6,2585.0,9.2,493,0,13,411270,3388780,493,0,6,-88.52
198701,411405.0,3388840.0,31,360,9,6,2585.0,9.2,493,0,13,411265,3388765,493,0,7,-91.29
198701,411405.0,3388840.0,31,360,9,6,2585.0,9.2,493,0,13,411245,3388785,493,0,5,-86.67
198701,411405.0,3388840.0,31,360,9,6,2585.0,9.2,493,0,13,411410,3388640,491,0,5,-113.5
198701,411405.0,3388840.0,31,360,9,6,2585.0,9.2,493,0,13,411615,3388995,494,0,6,-93.5
198701,411405.0,3388840.0,31,360,9,6,2585.0,9.2,493,0,13,411215,3388755,492,21,6,-88.0
198701,411405.0,3388840.0,31,360,9,6,2585.0,9.2,493,0,13,411545,3388955,494,0,5,-90.5
198701,411405.0,3388840.0,31,360,9,6,2585.0,9.2,493,0,13,411320,3388500,495,0,5,-114.5
198701,411405.0,3388840.0,31,360,9,6,2585.0,9.2,493,0,13,411580,3388920,495,0,5,-106.0
198701,411405.0,3388840.0,31,360,9,6,2585.0,9.2,493,0,13,411540,3388960,494,0,13,-89.0
198701,411405.0,3388840.0,31,360,9,6,2585.0,9.2,493,0,13,411385,3388795,493,0,13,-96.22
198701,411405.0,3388840.0,31,360,9,6,2585.0,9.2,493,0,13,411390,3388790,493,6,5,-94.17
198701,411405.0,3388840.0,31,360,9,6,2585.0,9.2,493,0,13,411380,3388800,493,0,13,-103.27
198701,411405.0,3388840.0,31,360,9,6,2585.0,9.2,493,0,13,411525,3388935,493,6,5,-88.6
198701,411405.0,3388840.0,31,360,9,6,2585.0,9.2,493,0,13,411520,3388940,493,6,5,-83.14
198701,411405.0,3388840.0,31,360,9,6,2585.0,9.2,493,0,13,411315,3388545,495,0,5,-121.5
198701,411405.0,3388840.0,31,360,9,6,2585.0,9.2,493,0,13,411395,3388785,493,6,13,-98.33
198701,411405.0,3388840.0,31,360,9,6,2585.0,9.2,493,0,13,411535,3388925,493,6,12,-91.0
198701,411405.0,3388840.0,31,360,9,6,2585.0,9.2,493,0,13,411045,3389120,498,21,12,-92.83
198701,411405.0,3388840.0,31,360,9,6,2585.0,9.2,493,0,13,411040,3389115,498,0,5,-95.0
198701,411405.0,3388840.0,31,360,9,6,2585.0,9.2,493,0,13,411130,3388870,493,0,12,-99.5
198701,411405.0,3388840.0,31,360,9,6,2585.0,9.2,493,0,13,411180,3388820,493,0,12,-104.5
198701,411405.0,3388840.0,31,360,9,6,2585.0,9.2,493,0,13,411440,3388905,492,15,5,-91.0
198701,411405.0,3388840.0,31,360,9,6,2585.0,9.2,493,0,13,411470,3388895,493,0,5,-77.0
198701,411405.0,3388840.0,31,360,9,6,2585.0,9.2,493,0,13,411360,3388825,493,15,13,-80.5
198701,411405.0,3388840.0,31,360,9,6,2585.0,9.2,493,0,13,411465,3388890,493,0,5,-82.27
198701,411405.0,3388840.0,31,360,9,6,2585.0,9.2,493,0,13,411505,3388930,493,0,6,-78.75
198701,411405.0,3388840.0,31,360,9,6,2585.0,9.2,493,0,13,411370,3388835,493,15,13,-86.33
198701,411405.0,3388840.0,31,360,9,6,2585.0,9.2,493,0,13,411040,3389145,497,0,12,-96.5
198701,411405.0,3388840.0,31,360,9,6,2585.0,9.2,493,0,13,411435,3388860,493,0,5,-80.25
198701,411405.0,3388840.0,31,360,9,6,2585.0,9.2,493,0,13,411390,3388815,493,0,5,-106.79
198701,411405.0,3388840.0,31,360,9,6,2585.0,9.2,493,0,13,411380,3388805,493,0,13,-98.32
198701,411405.0,3388840.0,31,360,9,6,2585.0,9.2,493,0,13,411410,3388875,492,0,5,-77.06
198701,411405.0,3388840.0,31,360,9,6,2585.0,9.2,493,0,13,411500,3388925,493,0,5,-80.84
198701,411405.0,3388840.0,31,360,9,6,2585.0,9.2,493,0,13,411495,3388960,493,0,5,-82.26
198701,411405.0,3388840.0,31,360,9,6,2585.0,9.2,493,0,13,411420,3388845,493,0,13,-84.05
198701,411405.0,3388840.0,31,360,9,6,2585.0,9.2,493,0,13,411385,3388810,493,0,13,-97.69
198701,411405.0,3388840.0,31,360,9,6,2585.0,9.2,493,0,13,411405,3388870,492,0,5,-74.54
198701,411405.0,3388840.0,31,360,9,6,2585.0,9.2,493,0,13,411510,3388935,493,0,6,-81.11
198701,411405.0,3388840.0,31,360,9,6,2585.0,9.2,493,0,13,411460,3388885,493,0,5,-76.3
198701,411405.0,3388840.0,31,360,9,6,2585.0,9.2,493,0,13,411415,3388880,492,0,13,-77.27
198701,411405.0,3388840.0,31,360,9,6,2585.0,9.2,493,0,13,411490,3388955,493,0,5,-82.53
198701,411405.0,3388840.0,31,360,9,6,2585.0,9.2,493,0,13,411515,3388940,493,0,5,-80.86
198701,411405.0,3388840.0,31,360,9,6,2585.0,9.2,493,0,13,411375,3388840,493,0,13,-84.56
198701,411405.0,3388840.0,31,360,9,6,2585.0,9.2,493,0,13,411430,3388855,493,0,5,-82.26
198701,411405.0,3388840.0,31,360,9,6,2585.0,9.2,493,0,13,411425,3388850,493,0,13,-92.22
198701,411405.0,3388840.0,31,360,9,6,2585.0,9.2,493,0,13,411400,3388865,492,0,13,-74.2
198701,411405.0,3388840.0,31,360,9,6,2585.0,9.2,493,0,13,411365,3388830,493,15,5,-90.0
198701,411405.0,3388840.0,31,360,9,6,2585.0,9.2,493,0,13,411475,3388900,492,0,5,-82.0
198701,411405.0,3388840.0,31,360,9,6,2585.0,9.2,493,0,13,411485,3388950,493,0,5,-80.0
198701,411405.0,3388840.0,31,360,9,6,2585.0,9.2,493,0,13,411535,3388960,494,0,13,-87.0
198701,411405.0,3388840.0,31,360,9,6,2585.0,9.2,493,0,13,411550,3388935,494,21,12,-90.33
198701,411405.0,3388840.0,31,360,9,6,2585.0,9.2,493,0,13,411395,3388780,493,6,13,-94.33
198701,411405.0,3388840.0,31,360,9,6,2585.0,9.2,493,0,13,411545,3388930,493,0,5,-91.0
198701,411405.0,3388840.0,31,360,9,6,2585.0,9.2,493,0,13,411540,3388925,493,6,12,-101.67
198701,411405.0,3388840.0,31,360,9,6,2585.0,9.2,493,0,13,411525,3388950,494,6,5,-90.33
198701,411405.0,3388840.0,31,360,9,6,2585.0,9.2,493,0,13,411555,3388940,494,21,12,-103.5
198701,411405.0,3388840.0,31,360,9,6,2585.0,9.2,493,0,13,411370,3388795,493,0,5,-98.25
198701,411405.0,3388840.0,31,360,9,6,2585.0,9.2,493,0,13,411390,3388775,493,0,13,-100.0
198701,411405.0,3388840.0,31,360,9,6,2585.0,9.2,493,0,13,411300,3388525,497,0,5,-117.5
198701,411405.0,3388840.0,31,360,9,6,2585.0,9.2,493,0,13,411520,3388945,493,6,5,-82.8
198701,411405.0,3388840.0,31,360,9,6,2585.0,9.2,493,0,13,411315,3388540,495,0,12,-105.67
198701,411405.0,3388840.0,31,360,9,6,2585.0,9.2,493,0,13,411375,3388800,493,0,5,-100.08
198701,411405.0,3388840.0,31,360,9,6,2585.0,9.2,493,0,13,411365,3388790,493,6,5,-95.33
198701,411405.0,3388840.0,31,360,9,6,2585.0,9.2,493,0,13,411165,3388890,493,0,5,-86.0
198701,411405.0,3388840.0,31,360,9,6,2585.0,9.2,493,0,13,411405,3389130,492,0,5,-88.0
198701,411405.0,3388840.0,31,360,9,6,2585.0,9.2,493,0,13,411160,3388885,493,0,5,-90.63
198701,411405.0,3388840.0,31,360,9,6,2585.0,9.2,493,0,13,411185,3388795,493,0,5,-117.0
198701,411405.0,3388840.0,31,360,9,6,2585.0,9.2,493,0,13,411180,3388800,493,0,5,-108.8
198701,411405.0,3388840.0,31,360,9,6,2585.0,9.2,493,0,13,411455,3389280,494,0,5,-97.0
198701,411405.0,3388840.0,31,360,9,6,2585.0,9.2,493,0,13,411450,3389275,494,0,5,-97.5
198701,411405.0,3388840.0,31,360,9,6,2585.0,9.2,493,0,13,411180,3388885,492,0,5,-86.0
198701,411405.0,3388840.0,31,360,9,6,2585.0,9.2,493,0,13,411185,3388890,492,21,5,-82.25
198701,411405.0,3388840.0,31,360,9,6,2585.0,9.2,493,0,13,411215,3388850,492,0,5,-96.5
198701,411405.0,3388840.0,31,360,9,6,2585.0,9.2,493,0,13,411335,3388890,491,0,5,-80.0
198701,411405.0,3388840.0,31,360,9,6,2585.0,9.2,493,0,13,411340,3388915,490,6,5,-80.5
198701,411405.0,3388840.0,31,360,9,6,2585.0,9.2,493,0,13,411480,3389055,492,0,5,-94.0
198701,411405.0,3388840.0,31,360,9,6,2585.0,9.2,493,0,13,411320,3388895,490,0,5,-76.67
198701,411405.0,3388840.0,31,360,9,6,2585.0,9.2,493,0,13,411360,3389015,490,0,5,-96.67
198701,411405.0,3388840.0,31,360,9,6,2585.0,9.2,493,0,13,411345,3388920,490,6,5,-79.88
198701,411405.0,3388840.0,31,360,9,6,2585.0,9.2,493,0,13,411325,3388900,490,0,5,-70.33
198701,411405.0,3388840.0,31,360,9,6,2585.0,9.2,493,0,13,411505,3389080,492,0,6,-95.0
198701,411405.0,3388840.0,31,360,9,6,2585.0,9.2,493,0,13,411255,3388810,492,0,6,-92.31
198701,411405.0,3388840.0,31,360,9,6,2585.0,9.2,493,0,13,411500,3389075,492,0,6,-96.75
198701,411405.0,3388840.0,31,360,9,6,2585.0,9.2,493,0,13,411510,3389065,492,0,5,-94.0
198701,411405.0,3388840.0,31,360,9,6,2585.0,9.2,493,0,13,411280,3388935,491,0,5,-77.17
198701,411405.0,3388840.0,31,360,9,6,2585.0,9.2,493,0,13,411270,3388825,492,0,6,-86.6
198701,411405.0,3388840.0,31,360,9,6,2585.0,9.2,493,0,13,411205,3388860,492,0,5,-92.5
198701,411405.0,3388840.0,31,360,9,6,2585.0,9.2,493,0,13,411235,3388870,492,0,12,-66.2
198701,411405.0,3388840.0,31,360,9,6,2585.0,9.2,493,0,13,411245,3388820,492,0,5,-89.0
198701,411405.0,3388840.0,31,360,9,6,2585.0,9.2,493,0,13,411240,3388815,493,21,5,-93.68
198701,411405.0,3388840.0,31,360,9,6,2585.0,9.2,493,0,13,411275,3388830,492,0,6,-92.57
198701,411405.0,3388840.0,31,360,9,6,2585.0,9.2,493,0,13,411495,3389050,492,0,6,-91.0
198701,411405.0,3388840.0,31,360,9,6,2585.0,9.2,493,0,13,411260,3388835,492,0,6,-81.59
198701,411405.0,3388840.0,31,360,9,6,2585.0,9.2,493,0,13,411265,3388840,492,0,7,-80.96
198701,411405.0,3388840.0,31,360,9,6,2585.0,9.2,493,0,13,411225,3388880,492,0,5,-77.13
198701,411405.0,3388840.0,31,360,9,6,2585.0,9.2,493,0,13,411330,3388885,491,0,5,-77.2
198701,411405.0,3388840.0,31,360,9,6,2585.0,9.2,493,0,13,411350,3388905,490,0,5,-70.5
198701,411405.0,3388840.0,31,360,9,6,2585.0,9.2,493,0,13,411250,3388805,493,0,6,-92.24
198701,411405.0,3388840.0,31,360,9,6,2585.0,9.2,493,0,13,411220,3388875,492,21,5,-85.88
198701,411405.0,3388840.0,31,360,9,6,2585.0,9.2,493,0,13,411490,3389045,492,0,5,-90.94
198701,411405.0,3388840.0,31,360,9,6,2585.0,9.2,493,0,13,411355,3388910,490,0,5,-76.63
198701,411405.0,3388840.0,31,360,9,6,2585.0,9.2,493,0,13,411485,3389060,492,0,5,-97.0
198701,411405.0,3388840.0,31,360,9,6,2585.0,9.2,493,0,13,411335,3388805,493,6,13,-99.67
198701,411405.0,3388840.0,31,360,9,6,2585.0,9.2,493,0,13,411330,3388810,493,6,5,-83.6
198701,411405.0,3388840.0,31,360,9,6,2585.0,9.2,493,0,13,411385,3389115,491,0,5,-88.0
198701,411405.0,3388840.0,31,360,9,6,2585.0,9.2,493,0,13,411260,3388920,491,0,7,-84.0
198701,411405.0,3388840.0,31,360,9,6,2585.0,9.2,493,0,13,411325,3388815,493,0,13,-99.0
198701,411405.0,3388840.0,31,360,9,6,2585.0,9.2,493,0,13,411275,3388905,490,0,6,-82.0
198701,411405.0,3388840.0,31,360,9,6,2585.0,9.2,493,0,13,411480,3388980,493,0,13,-89.0
198701,411405.0,3388840.0,31,360,9,6,2585.0,9.2,493,0,13,411485,3388975,493,0,5,-80.67
198701,411405.0,3388840.0,31,360,9,6,2585.0,9.2,493,0,13,411285,3388855,491,0,5,-80.34
198701,411405.0,3388840.0,31,360,9,6,2585.0,9.2,493,0,13,411505,3388995,494,0,6,-85.2
198701,411405.0,3388840.0,31,360,9,6,2585.0,9.2,493,0,13,411510,3388990,494,0,5,-86.31
198701,411405.0,3388840.0,31,360,9,6,2585.0,9.2,493,0,13,411255,3388885,491,0,6,-76.97
198701,411405.0,3388840.0,31,360,9,6,2585.0,9.2,493,0,13,411350,3388830,493,15,5,-87.38
198701,411405.0,3388840.0,31,360,9,6,2585.0,9.2,493,0,13,411340,3388840,492,0,13,-82.29
198701,411405.0,3388840.0,31,360,9,6,2585.0,9.2,493,0,13,411240,3388900,491,0,5,-72.03
198701,411405.0,3388840.0,31,360,9,6,2585.0,9.2,493,0,13,411035,3389145,497,0,5,-97.0
198701,411405.0,3388840.0,31,360,9,6,2585.0,9.2,493,0,13,411310,3388870,491,0,5,-74.73
198701,411405.0,3388840.0,31,360,9,6,2585.0,9.2,493,0,13,411270,3388910,490,0,6,-79.27
198701,411405.0,3388840.0,31,360,9,6,2585.0,9.2,493,0,13,411300,3388880,491,0,5,-74.04
198701,411405.0,3388840.0,31,360,9,6,2585.0,9.2,493,0,13,411280,3388860,491,0,5,-78.87
198701,411405.0,3388840.0,31,360,9,6,2585.0,9.2,493,0,13,411490,3388970,493,0,5,-83.0
198701,411405.0,3388840.0,31,360,9,6,2585.0,9.2,493,0,13,411305,3388875,491,0,5,-73.35
198701,411405.0,3388840.0,31,360,9,6,2585.0,9.2,493,0,13,411495,3388965,493,0,5,-81.86
198701,411405.0,3388840.0,31,360,9,6,2585.0,9.2,493,0,13,411315,3388865,491,0,13,-73.61
198701,411405.0,3388840.0,31,360,9,6,2585.0,9.2,493,0,13,411290,3388850,491,0,13,-77.17
198701,411405.0,3388840.0,31,360,9,6,2585.0,9.2,493,0,13,411265,3388915,491,0,6,-80.3
198701,411405.0,3388840.0,31,360,9,6,2585.0,9.2,493,0,13,411250,3388890,491,0,6,-74.09
198701,411405.0,3388840.0,31,360,9,6,2585.0,9.2,493,0,13,411245,3388895,491,0,5,-70.85
198701,411405.0,3388840.0,31,360,9,6,2585.0,9.2,493,0,13,411515,3388985,494,0,5,-85.14
198701,411405.0,3388840.0,31,360,9,6,2585.0,9.2,493,0,13,411500,3389000,494,0,6,-86.37
198701,411405.0,3388840.0,31,360,9,6,2585.0,9.2,493,0,13,411295,3388845,492,0,5,-84.17
198701,411405.0,3388840.0,31,360,9,6,2585.0,9.2,493,0,13,411355,3388825,493,15,13,-91.5
198701,411405.0,3388840.0,31,360,9,6,2585.0,9.2,493,0,13,411345,3388835,492,0,5,-88.58
198701,411405.0,3388840.0,31,360,9,6,2585.0,9.2,493,0,13,411485,3389035,492,0,5,-84.5
198701,411405.0,3388840.0,31,360,9,6,2585.0,9.2,493,0,13,411275,3388925,491,0,6,-88.25
198701,411405.0,3388840.0,31,360,9,6,2585.0,9.2,493,0,13,411315,3388805,493,6,13,-95.0
198701,411405.0,3388840.0,31,360,9,6,2585.0,9.2,493,0,13,411270,3388930,491,0,6,-81.0
198701,411405.0,3388840.0,31,360,9,6,2585.0,9.2,493,0,13,411220,3388900,492,21,12,-89.0
198701,411405.0,3388840.0,31,360,9,6,2585.0,9.2,493,0,13,411500,3389020,493,0,6,-84.33
198701,411405.0,3388840.0,31,360,9,6,2585.0,9.2,493,0,13,411335,3388865,491,0,13,-77.47
198701,411405.0,3388840.0,31,360,9,6,2585.0,9.2,493,0,13,411505,3389015,494,0,6,-88.71
198701,411405.0,3388840.0,31,360,9,6,2585.0,9.2,493,0,13,411495,3389025,493,0,6,-84.52
198701,411405.0,3388840.0,31,360,9,6,2585.0,9.2,493,0,13,411330,3388870,491,0,13,-76.73
198701,411405.0,3388840.0,31,360,9,6,2585.0,9.2,493,0,13,411260,3388940,491,0,7,-82.33
198701,411405.0,3388840.0,31,360,9,6,2585.0,9.2,493,0,13,411235,3388885,492,0,5,-75.39
198701,411405.0,3388840.0,31,360,9,6,2585.0,9.2,493,0,13,411305,3388815,492,0,13,-64.5
198701,411405.0,3388840.0,31,360,9,6,2585.0,9.2,493,0,13,411355,3388845,492,0,13,-86.42
198701,411405.0,3388840.0,31,360,9,6,2585.0,9.2,493,0,13,411290,3388830,492,0,13,-89.0
198701,411405.0,3388840.0,31,360,9,6,2585.0,9.2,493,0,13,411005,3389195,496,0,5,-96.0
198701,411405.0,3388840.0,31,360,9,6,2585.0,9.2,493,0,13,411255,3388945,491,0,6,-77.4
198701,411405.0,3388840.0,31,360,9,6,2585.0,9.2,493,0,13,411230,3388890,492,0,5,-73.52
198701,411405.0,3388840.0,31,360,9,6,2585.0,9.2,493,0,13,411325,3388875,491,0,5,-75.08
198701,411405.0,3388840.0,31,360,9,6,2585.0,9.2,493,0,13,411320,3388880,491,0,5,-72.95
198701,411405.0,3388840.0,31,360,9,6,2585.0,9.2,493,0,13,411340,3388860,492,0,13,-79.7
198701,411405.0,3388840.0,31,360,9,6,2585.0,9.2,493,0,13,411280,3388840,492,0,5,-84.2
198701,411405.0,3388840.0,31,360,9,6,2585.0,9.2,493,0,13,411350,3388850,492,0,5,-84.79
198701,411405.0,3388840.0,31,360,9,6,2585.0,9.2,493,0,13,411345,3388855,492,0,5,-79.54
198701,411405.0,3388840.0,31,360,9,6,2585.0,9.2,493,0,13,411010,3389190,496,0,5,-101.0
198701,411405.0,3388840.0,31,360,9,6,2585.0,9.2,493,0,13,411295,3388825,492,0,5,-90.8
198701,411405.0,3388840.0,31,360,9,6,2585.0,9.2,493,0,13,411225,3388895,492,0,12,-72.67
198701,411405.0,3388840.0,31,360,9,6,2585.0,9.2,493,0,13,411515,3389005,494,0,5,-88.0
198701,411405.0,3388840.0,31,360,9,6,2585.0,9.2,493,0,13,411285,3388835,492,0,5,-82.39
198701,411405.0,3388840.0,31,360,9,6,2585.0,9.2,493,0,13,411265,3388935,491,0,6,-86.6
198701,411405.0,3388840.0,31,360,9,6,2585.0,9.2,493,0,13,411490,3389030,493,0,5,-87.15
198701,411405.0,3388840.0,31,360,9,6,2585.0,9.2,493,0,13,411310,3388810,493,0,5,-89.4
198701,411405.0,3388840.0,31,360,9,6,2585.0,9.2,493,0,13,411480,3389040,492,0,5,-86.0
198701,411405.0,3388840.0,31,360,9,6,2585.0,9.2,493,0,13,411510,3389010,494,0,5,-86.63
198701,411405.0,3388840.0,31,360,9,6,2585.0,9.2,493,0,13,411395,3388825,493,15,5,-93.0
198701,411405.0,3388840.0,31,360,9,6,2585.0,9.2,493,0,13,411440,3388900,492,0,5,-96.5
198701,411405.0,3388840.0,31,360,9,6,2585.0,9.2,493,0,13,411475,3388905,492,12,5,-89.5
198701,411405.0,3388840.0,31,360,9,6,2585.0,9.2,493,0,13,411240,3389020,493,0,6,-90.5
198701,411405.0,3388840.0,31,360,9,6,2585.0,9.2,493,0,13,411445,3388895,492,0,5,-78.46
198701,411405.0,3388840.0,31,360,9,6,2585.0,9.2,493,0,13,411410,3388850,493,0,13,-84.57
198701,411405.0,3388840.0,31,360,9,6,2585.0,9.2,493,0,13,411380,3388840,493,0,13,-83.89
198701,411405.0,3388840.0,31,360,9,6,2585.0,9.2,493,0,13,411515,3388945,493,0,5,-86.07
198701,411405.0,3388840.0,31,360,9,6,2585.0,9.2,493,0,13,411405,3388855,493,0,13,-80.29
198701,411405.0,3388840.0,31,360,9,6,2585.0,9.2,493,0,13,411510,3388950,493,0,6,-78.51
198701,411405.0,3388840.0,31,360,9,6,2585.0,9.2,493,0,13,411420,3388880,492,0,13,-76.15
198701,411405.0,3388840.0,31,360,9,6,2585.0,9.2,493,0,13,411675,3388785,495,0,5,-116.5
198701,411405.0,3388840.0,31,360,9,6,2585.0,9.2,493,0,13,411390,3388830,493,15,5,-84.0
198701,411405.0,3388840.0,31,360,9,6,2585.0,9.2,493,0,13,411040,3389140,497,0,5,-91.67
198701,411405.0,3388840.0,31,360,9,6,2585.0,9.2,493,0,13,411385,3388835,493,15,13,-87.2
198701,411405.0,3388840.0,31,360,9,6,2585.0,9.2,493,0,13,411365,3388815,493,15,5,-101.67
198701,411405.0,3388840.0,31,360,9,6,2585.0,9.2,493,0,13,411400,3388860,492,0,13,-75.48
198701,411405.0,3388840.0,31,360,9,6,2585.0,9.2,493,0,13,411375,3388805,493,0,5,-98.3
198701,411405.0,3388840.0,31,360,9,6,2585.0,9.2,493,0,13,411495,3388925,493,0,5,-81.12
198701,411405.0,3388840.0,31,360,9,6,2585.0,9.2,493,0,13,411490,3388930,493,0,6,-82.75
198701,411405.0,3388840.0,31,360,9,6,2585.0,9.2,493,0,13,411455,3388885,493,0,5,-82.3
198701,411405.0,3388840.0,31,360,9,6,2585.0,9.2,493,0,13,411430,3388870,493,0,5,-77.58
198701,411405.0,3388840.0,31,360,9,6,2585.0,9.2,493,0,13,411450,3388890,493,0,13,-77.56
198701,411405.0,3388840.0,31,360,9,6,2585.0,9.2,493,0,13,411500,3388960,493,0,6,-80.48
198701,411405.0,3388840.0,31,360,9,6,2585.0,9.2,493,0,13,411505,3388955,493,0,6,-80.61
198701,411405.0,3388840.0,31,360,9,6,2585.0,9.2,493,0,13,411425,3388875,492,0,5,-79.25
198701,411405.0,3388840.0,31,360,9,6,2585.0,9.2,493,0,13,411435,3388865,493,0,5,-76.23
198701,411405.0,3388840.0,31,360,9,6,2585.0,9.2,493,0,13,411370,3388810,493,0,5,-102.0
198701,411405.0,3388840.0,31,360,9,6,2585.0,9.2,493,0,13,411670,3388790,495,0,12,-118.0
198701,411405.0,3388840.0,31,360,9,6,2585.0,9.2,493,0,13,411415,3388845,493,0,13,-85.83
198701,411405.0,3388840.0,31,360,9,6,2585.0,9.2,493,0,13,411360,3388820,493,15,5,-91.7
198701,411405.0,3388840.0,31,360,9,6,2585.0,9.2,493,0,13,411485,3388935,493,0,6,-85.25
198701,411405.0,3388840.0,31,360,9,6,2585.0,9.2,493,0,13,411440,3388780,493,6,13,-96.5
198701,411405.0,3388840.0,31,360,9,6,2585.0,9.2,493,0,13,411610,3388930,496,0,12,-113.0
198701,411405.0,3388840.0,31,360,9,6,2585.0,9.2,493,0,13,411495,3388725,493,6,5,-129.0
198701,411405.0,3388840.0,31,360,9,6,2585.0,9.2,493,0,13,411260,3388520,499,0,13,-126.0
198701,411405.0,3388840.0,31,360,9,6,2585.0,9.2,493,0,13,411600,3388940,495,0,12,-109.0
198701,411405.0,3388840.0,31,360,9,6,2585.0,9.2,493,0,13,411520,3388860,493,0,5,-96.0
198701,411405.0,3388840.0,31,360,9,6,2585.0,9.2,493,0,13,411145,3388875,493,21,12,-96.0
198701,411405.0,3388840.0,31,360,9,6,2585.0,9.2,493,0,13,411570,3388985,495,0,5,-90.33
198701,411405.0,3388840.0,31,360,9,6,2585.0,9.2,493,0,13,411545,3389020,494,0,5,-91.0
198701,411405.0,3388840.0,31,360,9,6,2585.0,9.2,493,0,13,411575,3388990,495,0,5,-86.33
198701,411405.0,3388840.0,31,360,9,6,2585.0,9.2,493,0,13,411290,3388785,493,6,5,-92.33
198701,411405.0,3388840.0,31,360,9,6,2585.0,9.2,493,0,13,411540,3389015,494,0,5,-89.86
198701,411405.0,3388840.0,31,360,9,6,2585.0,9.2,493,0,13,411590,3388965,495,0,5,-97.5
198701,411405.0,3388840.0,31,360,9,6,2585.0,9.2,493,0,13,411550,3389005,495,0,12,-85.86
198701,411405.0,3388840.0,31,360,9,6,2585.0,9.2,493,0,13,411555,3389010,495,0,5,-86.5
198701,411405.0,3388840.0,31,360,9,6,2585.0,9.2,493,0,13,411565,3389000,495,0,5,-87.2
198701,411405.0,3388840.0,31,360,9,6,2585.0,9.2,493,0,13,411310,3388765,493,0,12,-89.0
198701,411405.0,3388840.0,31,360,9,6,2585.0,9.2,493,0,13,411285,3388800,493,0,5,-94.24
198701,411405.0,3388840.0,31,360,9,6,2585.0,9.2,493,0,13,411405,3388520,490,0,5,-106.5
198701,411405.0,3388840.0,31,360,9,6,2585.0,9.2,493,0,13,411295,3388790,493,0,5,-92.2
198701,411405.0,3388840.0,31,360,9,6,2585.0,9.2,493,0,13,411305,3388780,493,15,12,-89.67
198701,411405.0,3388840.0,31,360,9,6,2585.0,9.2,493,0,13,411370,3388545,490,0,5,-117.0
198701,411405.0,3388840.0,31,360,9,6,2585.0,9.2,493,0,13,411385,3388540,490,0,5,-121.67
198701,411405.0,3388840.0,31,360,9,6,2585.0,9.2,493,0,13,411280,3388795,493,0,6,-92.19
198701,411405.0,3388840.0,31,360,9,6,2585.0,9.2,493,0,13,411560,3388995,495,0,12,-84.0
198701,411405.0,3388840.0,31,360,9,6,2585.0,9.2,493,0,13,411240,3388675,493,0,5,-88.0
198701,411405.0,3388840.0,31,360,9,6,2585.0,9.2,493,0,13,411245,3388680,493,0,5,-106.8
198701,411405.0,3388840.0,31,360,9,6,2585.0,9.2,493,0,13,411580,3388975,495,0,5,-90.25
198701,411405.0,3388840.0,31,360,9,6,2585.0,9.2,493,0,13,411300,3388775,493,15,12,-91.5
198701,411405.0,3388840.0,31,360,9,6,2585.0,9.2,493,0,13,411395,3388530,490,0,5,-111.67
198701,411405.0,3388840.0,31,360,9,6,2585.0,9.2,493,0,13,411605,3388940,495,0,5,-102.5
198701,411405.0,3388840.0,31,360,9,6,2585.0,9.2,493,0,13,411615,3388930,496,0,5,-103.5
198701,411405.0,3388840.0,31,360,9,6,2585.0,9.2,493,0,13,411620,3388955,495,0,5,-104.67
198701,411405.0,3388840.0,31,360,9,6,2585.0,9.2,493,0,13,411625,3388960,495,21,5,-107.0
198701,411405.0,3388840.0,31,360,9,6,2585.0,9.2,493,0,13,411265,3388520,499,0,5,-127.5
198701,411405.0,3388840.0,31,360,9,6,2585.0,9.2,493,0,13,411520,3388855,493,0,5,-95.0
198701,411405.0,3388840.0,31,360,9,6,2585.0,9.2,493,0,13,410845,3388655,493,0,5,-101.0
198701,411405.0,3388840.0,31,360,9,6,2585.0,9.2,493,0,13,411170,3388870,493,0,5,-87.33
198701,411405.0,3388840.0,31,360,9,6,2585.0,9.2,493,0,13,411160,3388880,493,0,12,-92.4
198701,411405.0,3388840.0,31,360,9,6,2585.0,9.2,493,0,13,411165,3388875,493,0,12,-87.56
198701,411405.0,3388840.0,31,360,9,6,2585.0,9.2,493,0,13,411450,3389310,494,0,5,-91.67
198701,411405.0,3388840.0,31,360,9,6,2585.0,9.2,493,0,13,411325,3389195,492,0,5,-86.0
198701,411405.0,3388840.0,31,360,9,6,2585.0,9.2,493,0,13,411140,3388890,493,0,5,-97.33
198701,411405.0,3388840.0,31,360,9,6,2585.0,9.2,493,0,13,411145,3388885,493,0,5,-89.5
198701,411405.0,3388840.0,31,360,9,6,2585.0,9.2,493,0,13,411155,3388895,493,0,5,-85.0
198701,411405.0,3388840.0,31,360,9,6,2585.0,9.2,493,0,13,411450,3389270,494,0,5,-107.5
198701,411405.0,3388840.0,31,360,9,6,2585.0,9.2,493,0,13,411190,3388890,492,21,5,-82.8
198701,411405.0,3388840.0,31,360,9,6,2585.0,9.2,493,0,13,411195,3388885,492,0,5,-84.0
198701,411405.0,3388840.0,31,360,9,6,2585.0,9.2,493,0,13,411135,3388875,493,0,12,-94.5
198701,411405.0,3388840.0,31,360,9,6,2585.0,9.2,493,0,13,411130,3388880,493,0,5,-93.0
198701,411405.0,3388840.0,31,360,9,6,2585.0,9.2,493,0,13,411190,3388690,492,0,5,-103.5
198701,411405.0,3388840.0,31,360,9,6,2585.0,9.2,493,0,13,411320,3388830,492,0,13,-88.6
198701,411405.0,3388840.0,31,360,9,6,2585.0,9.2,493,0,13,411480,3388990,493,0,13,-90.0
198701,411405.0,3388840.0,31,360,9,6,2585.0,9.2,493,0,13,411345,3388805,493,0,5,-91.33
198701,411405.0,3388840.0,31,360,9,6,2585.0,9.2,493,0,13,411490,3389000,494,0,5,-86.7
198701,411405.0,3388840.0,31,360,9,6,2585.0,9.2,493,0,13,411255,3388915,491,0,6,-82.47
198701,411405.0,3388840.0,31,360,9,6,2585.0,9.2,493,0,13,411300,3388850,492,0,13,-76.05
198701,411405.0,3388840.0,31,360,9,6,2585.0,9.2,493,0,13,411265,3388885,491,0,6,-78.2
198701,411405.0,3388840.0,31,360,9,6,2585.0,9.2,493,0,13,411485,3388985,493,0,5,-81.4
198701,411405.0,3388840.0,31,360,9,6,2585.0,9.2,493,0,13,411500,3388970,494,0,6,-80.58
198701,411405.0,3388840.0,31,360,9,6,2585.0,9.2,493,0,13,411340,3388810,493,6,5,-91.67
198701,411405.0,3388840.0,31,360,9,6,2585.0,9.2,493,0,13,411035,3389135,498,0,5,-96.0
198701,411405.0,3388840.0,31,360,9,6,2585.0,9.2,493,0,13,411030,3389140,497,0,5,-94.89
198701,411405.0,3388840.0,31,360,9,6,2585.0,9.2,493,0,13,411505,3388965,494,0,6,-82.83
198701,411405.0,3388840.0,31,360,9,6,2585.0,9.2,493,0,13,411290,3388880,491,0,13,-74.2
198701,411405.0,3388840.0,31,360,9,6,2585.0,9.2,493,0,13,411310,3388860,491,0,5,-74.7
198701,411405.0,3388840.0,31,360,9,6,2585.0,9.2,493,0,13,411285,3388865,491,0,5,-80.22
198701,411405.0,3388840.0,31,360,9,6,2585.0,9.2,493,0,13,411495,3388995,494,0,5,-86.33
198701,411405.0,3388840.0,31,360,9,6,2585.0,9.2,493,0,13,411275,3388895,491,0,6,-79.44
198701,411405.0,3388840.0,31,360,9,6,2585.0,9.2,493,0,13,411295,3388875,491,0,5,-75.61
198701,411405.0,3388840.0,31,360,9,6,2585.0,9.2,493,0,13,411260,3388890,491,0,6,-75.75
198701,411405.0,3388840.0,31,360,9,6,2585.0,9.2,493,0,13,411355,3388815,493,0,5,-88.67
198701,411405.0,3388840.0,31,360,9,6,2585.0,9.2,493,0,13,411270,3388900,491,0,6,-80.16
198701,411405.0,3388840.0,31,360,9,6,2585.0,9.2,493,0,13,411280,3388870,491,0,5,-76.26
198701,411405.0,3388840.0,31,360,9,6,2585.0,9.2,493,0,13,411330,3388840,492,0,5,-80.63
198701,411405.0,3388840.0,31,360,9,6,2585.0,9.2,493,0,13,411510,3388980,494,0,6,-84.48
198701,411405.0,3388840.0,31,360,9,6,2585.0,9.2,493,0,13,411250,3388920,491,0,6,-75.0
198701,411405.0,3388840.0,31,360,9,6,2585.0,9.2,493,0,13,411315,3388855,491,0,13,-75.75
198701,411405.0,3388840.0,31,360,9,6,2585.0,9.2,493,0,13,411515,3388975,494,0,5,-83.38
198701,411405.0,3388840.0,31,360,9,6,2585.0,9.2,493,0,13,411305,3388845,492,0,13,-80.0
198701,411405.0,3388840.0,31,360,9,6,2585.0,9.2,493,0,13,411335,3388835,492,0,13,-85.29
198701,411405.0,3388840.0,31,360,9,6,2585.0,9.2,493,0,13,411350,3388820,493,15,5,-86.0
198701,411405.0,3388840.0,31,360,9,6,2585.0,9.2,493,0,13,411025,3389125,498,21,12,-91.0
198701,411405.0,3388840.0,31,360,9,6,2585.0,9.2,493,0,13,411240,3388910,491,0,12,-77.8
198701,411405.0,3388840.0,31,360,9,6,2585.0,9.2,493,0,13,411475,3389015,493,0,5,-87.5
198701,411405.0,3388840.0,31,360,9,6,2585.0,9.2,493,0,13,411325,3388825,492,0,13,-96.4
198701,411405.0,3388840.0,31,360,9,6,2585.0,9.2,493,0,13,411245,3388905,491,0,5,-74.71
198701,411405.0,3388840.0,31,360,9,6,2585.0,9.2,493,0,13,411195,3387425,488,0,5,-108.5
198701,411405.0,3388840.0,31,360,9,6,2585.0,9.2,493,0,13,410155,3390825,500,0,10,-62.5
198701,411405.0,3388840.0,31,360,9,6,2585.0,9.2,493,0,13,410095,3390845,499,0,7,-85.0
198701,411405.0,3388840.0,31,360,9,6,2585.0,9.2,493,0,13,410080,3390860,499,0,5,-82.5
198701,411405.0,3388840.0,31,360,9,6,2585.0,9.2,493,0,13,411385,3389105,491,0,5,-90.5
198701,411405.0,3388840.0,31,360,9,6,2585.0,9.2,493,0,13,411395,3389115,491,0,5,-84.67
198701,411405.0,3388840.0,31,360,9,6,2585.0,9.2,493,0,13,411510,3389000,494,0,5,-87.4
198701,411405.0,3388840.0,31,360,9,6,2585.0,9.2,493,0,13,411260,3388910,491,0,7,-81.15
198701,411405.0,3388840.0,31,360,9,6,2585.0,9.2,493,0,13,411515,3388995,494,0,5,-85.44
198701,411405.0,3388840.0,31,360,9,6,2585.0,9.2,493,0,13,411305,3388865,491,0,13,-76.52
198701,411405.0,3388840.0,31,360,9,6,2585.0,9.2,493,0,13,411485,3388965,493,0,13,-82.8
198701,411405.0,3388840.0,31,360,9,6,2585.0,9.2,493,0,13,411500,3388990,494,0,6,-84.63
198701,411405.0,3388840.0,31,360,9,6,2585.0,9.2,493,0,13,411335,3388815,493,0,13,-85.0
198701,411405.0,3388840.0,31,360,9,6,2585.0,9.2,493,0,13,411330,3388820,493,0,5,-93.33
198701,411405.0,3388840.0,31,360,9,6,2585.0,9.2,493,0,13,411340,3388830,492,15,13,-88.86
198701,411405.0,3388840.0,31,360,9,6,2585.0,9.2,493,0,13,411310,3388880,491,0,5,-71.84
198701,411405.0,3388840.0,31,360,9,6,2585.0,9.2,493,0,13,411505,3388985,494,0,6,-85.75
198701,411405.0,3388840.0,31,360,9,6,2585.0,9.2,493,0,13,411025,3389145,497,0,12,-96.0
198701,411405.0,3388840.0,31,360,9,6,2585.0,9.2,493,0,13,411245,3388885,491,0,5,-72.38
198701,411405.0,3388840.0,31,360,9,6,2585.0,9.2,493,0,13,411490,3388980,493,0,5,-84.05
198701,411405.0,3388840.0,31,360,9,6,2585.0,9.2,493,0,13,411350,3388840,492,0,5,-86.0
198701,411405.0,3388840.0,31,360,9,6,2585.0,9.2,493,0,13,411300,3388870,491,0,5,-74.35
198701,411405.0,3388840.0,31,360,9,6,2585.0,9.2,493,0,13,411315,3388875,491,0,5,-72.87
198701,411405.0,3388840.0,31,360,9,6,2585.0,9.2,493,0,13,411280,3388850,491,0,5,-80.17
198701,411405.0,3388840.0,31,360,9,6,2585.0,9.2,493,0,13,411355,3388835,492,15,13,-84.64
198701,411405.0,3388840.0,31,360,9,6,2585.0,9.2,493,0,13,411325,3388805,493,6,13,-93.75
198701,411405.0,3388840.0,31,360,9,6,2585.0,9.2,493,0,13,411265,3388905,491,0,6,-81.6
198701,411405.0,3388840.0,31,360,9,6,2585.0,9.2,493,0,13,411240,3388890,491,0,5,-71.82
198701,411405.0,3388840.0,31,360,9,6,2585.0,9.2,493,0,13,411290,3388860,491,0,13,-78.04
198701,411405.0,3388840.0,31,360,9,6,2585.0,9.2,493,0,13,411495,3388975,494,0,5,-83.92
198701,411405.0,3388840.0,31,360,9,6,2585.0,9.2,493,0,13,411295,3388855,491,0,5,-80.61
198701,411405.0,3388840.0,31,360,9,6,2585.0,9.2,493,0,13,411255,3388895,491,0,6,-73.41
198701,411405.0,3388840.0,31,360,9,6,2585.0,9.2,493,0,13,411275,3388915,490,0,6,-79.63
198701,411405.0,3388840.0,31,360,9,6,2585.0,9.2,493,0,13,411285,3388845,492,0,5,-81.82
198701,411405.0,3388840.0,31,360,9,6,2585.0,9.2,493,0,13,411270,3388920,491,0,6,-85.63
198701,411405.0,3388840.0,31,360,9,6,2585.0,9.2,493,0,13,411320,3388810,493,6,13,-95.0
198701,411405.0,3388840.0,31,360,9,6,2585.0,9.2,493,0,13,411250,3388900,491,0,6,-71.57
198701,411405.0,3388840.0,31,360,9,6,2585.0,9.2,493,0,13,411345,3388825,493,15,5,-91.5
198701,411405.0,3388840.0,31,360,9,6,2585.0,9.2,493,0,13,411035,3389120,498,0,12,-93.0
198701,411405.0,3388840.0,31,360,9,6,2585.0,9.2,493,0,13,411030,3389115,498,0,12,-93.4
198701,411405.0,3388840.0,31,360,9,6,2585.0,9.2,493,0,13,411385,3388955,490,0,7,-75.5
198701,411405.0,3388840.0,31,360,9,6,2585.0,9.2,493,0,13,411405,3388895,491,0,5,-78.0
198701,411405.0,3388840.0,31,360,9,6,2585.0,9.2,493,0,13,411425,3388915,491,15,5,-67.33
198701,411405.0,3388840.0,31,360,9,6,2585.0,9.2,493,0,13,411420,3388920,491,15,5,-73.0
198701,411405.0,3388840.0,31,360,9,6,2585.0,9.2,493,0,13,411380,3388960,490,0,5,-88.0
198701,411405.0,3388840.0,31,360,9,6,2585.0,9.2,493,0,13,411430,3388910,491,0,5,-81.75
198701,411405.0,3388840.0,31,360,9,6,2585.0,9.2,493,0,13,411435,3388905,492,0,5,-91.14
198701,411405.0,3388840.0,31,360,9,6,2585.0,9.2,493,0,13,411355,3388985,490,0,13,-80.5
198701,411405.0,3388840.0,31,360,9,6,2585.0,9.2,493,0,13,411490,3388810,494,0,5,-97.5
198701,411405.0,3388840.0,31,360,9,6,2585.0,9.2,493,0,13,411495,3388805,494,0,5,-95.0
198701,411405.0,3388840.0,31,360,9,6,2585.0,9.2,493,0,13,411270,3389070,493,0,5,-81.67
198701,411405.0,3388840.0,31,360,9,6,2585.0,9.2,493,0,13,411520,3388780,494,0,5,-98.67
198701,411405.0,3388840.0,31,360,9,6,2585.0,9.2,493,0,13,411395,3388945,491,0,7,-74.25
198701,411405.0,3388840.0,31,360,9,6,2585.0,9.2,493,0,13,411515,3388825,494,0,6,-98.14
198701,411405.0,3388840.0,31,360,9,6,2585.0,9.2,493,0,13,411235,3389105,495,0,5,-85.6
198701,411405.0,3388840.0,31,360,9,6,2585.0,9.2,493,0,13,411360,3388940,490,6,7,-81.13
198701,411405.0,3388840.0,31,360,9,6,2585.0,9.2,493,0,13,411500,3388840,494,0,5,-98.5
198701,411405.0,3388840.0,31,360,9,6,2585.0,9.2,493,0,13,411440,3388860,493,0,5,-78.61
198701,411405.0,3388840.0,31,360,9,6,2585.0,9.2,493,0,13,411260,3389080,494,0,6,-80.0
198701,411405.0,3388840.0,31,360,9,6,2585.0,9.2,493,0,13,411475,3388865,493,0,5,-79.07
198701,411405.0,3388840.0,31,360,9,6,2585.0,9.2,493,0,13,411530,3388770,494,0,5,-101.29
198701,411405.0,3388840.0,31,360,9,6,2585.0,9.2,493,0,13,411505,3388835,494,0,5,-93.3
198701,411405.0,3388840.0,31,360,9,6,2585.0,9.2,493,0,13,411240,3389060,494,0,6,-85.33
198701,411405.0,3388840.0,31,360,9,6,2585.0,9.2,493,0,13,411525,3388775,494,0,5,-100.14
198701,411405.0,3388840.0,31,360,9,6,2585.0,9.2,493,0,13,411390,3388950,491,0,7,-72.0
198701,411405.0,3388840.0,31,360,9,6,2585.0,9.2,493,0,13,411445,3388855,494,0,5,-82.96
198701,411405.0,3388840.0,31,360,9,6,2585.0,9.2,493,0,13,411460,3388880,493,0,13,-80.6
198701,411405.0,3388840.0,31,360,9,6,2585.0,9.2,493,0,13,411470,3388870,493,0,13,-80.53
198701,411405.0,3388840.0,31,360,9,6,2585.0,9.2,493,0,13,411465,3388875,493,0,13,-80.17
198701,411405.0,3388840.0,31,360,9,6,2585.0,9.2,493,0,13,411450,3388850,494,0,13,-84.52
198701,411405.0,3388840.0,31,360,9,6,2585.0,9.2,493,0,13,411455,3388845,494,0,13,-82.47
198701,411405.0,3388840.0,31,360,9,6,2585.0,9.2,493,0,13,411510,3388830,494,0,6,-95.5
198701,411405.0,3388840.0,31,360,9,6,2585.0,9.2,493,0,13,411375,3388925,490,0,6,-67.8
198701,411405.0,3388840.0,31,360,9,6,2585.0,9.2,493,0,13,411370,3388930,490,0,6,-70.56
198701,411405.0,3388840.0,31,360,9,6,2585.0,9.2,493,0,13,411410,3388890,492,0,13,-83.14
198701,411405.0,3388840.0,31,360,9,6,2585.0,9.2,493,0,13,411365,3388935,490,0,5,-73.64
198701,411405.0,3388840.0,31,360,9,6,2585.0,9.2,493,0,13,411415,3388885,492,0,13,-84.0
198701,411405.0,3388840.0,31,360,9,6,2585.0,9.2,493,0,13,411435,3389310,493,0,5,-97.0
198701,411405.0,3388840.0,31,360,9,6,2585.0,9.2,493,0,13,411290,3388905,490,0,5,-71.5
198701,411405.0,3388840.0,31,360,9,6,2585.0,9.2,493,0,13,411215,3388830,493,0,5,-80.5
198701,411405.0,3388840.0,31,360,9,6,2585.0,9.2,493,0,13,411330,3388945,490,6,7,-69.5
198701,411405.0,3388840.0,31,360,9,6,2585.0,9.2,493,0,13,411315,3388890,491,0,5,-78.6
198701,411405.0,3388840.0,31,360,9,6,2585.0,9.2,493,0,13,411345,3388940,490,0,7,-84.33
198701,411405.0,3388840.0,31,360,9,6,2585.0,9.2,493,0,13,411510,3389085,492,0,5,-93.5
198701,411405.0,3388840.0,31,360,9,6,2585.0,9.2,493,0,13,411495,3389110,492,0,6,-89.0
198701,411405.0,3388840.0,31,360,9,6,2585.0,9.2,493,0,13,411505,3389100,492,0,6,-90.14
198701,411405.0,3388840.0,31,360,9,6,2585.0,9.2,493,0,13,411350,3388925,490,6,6,-84.83
198701,411405.0,3388840.0,31,360,9,6,2585.0,9.2,493,0,13,411255,3388870,491,0,6,-78.84
198701,411405.0,3388840.0,31,360,9,6,2585.0,9.2,493,0,13,411320,3388955,491,6,7,-86.5
198701,411405.0,3388840.0,31,360,9,6,2585.0,9.2,493,0,13,411265,3388860,491,0,6,-79.43
198701,411405.0,3388840.0,31,360,9,6,2585.0,9.2,493,0,13,411275,3388850,492,0,6,-80.03
198701,411405.0,3388840.0,31,360,9,6,2585.0,9.2,493,0,13,411310,3388885,491,0,5,-73.71
198701,411405.0,3388840.0,31,360,9,6,2585.0,9.2,493,0,13,411260,3388855,492,0,6,-80.51
198701,411405.0,3388840.0,31,360,9,6,2585.0,9.2,493,0,13,411230,3388805,493,0,5,-89.4
198701,411405.0,3388840.0,31,360,9,6,2585.0,9.2,493,0,13,411270,3388845,492,0,6,-85.21
198701,411405.0,3388840.0,31,360,9,6,2585.0,9.2,493,0,13,411245,3388880,491,0,5,-74.08
198701,411405.0,3388840.0,31,360,9,6,2585.0,9.2,493,0,13,411250,3388865,492,0,6,-77.47
198701,411405.0,3388840.0,31,360,9,6,2585.0,9.2,493,0,13,411235,3388810,493,21,12,-79.17
198701,411405.0,3388840.0,31,360,9,6,2585.0,9.2,493,0,13,411305,3388900,490,0,5,-72.0
198701,411405.0,3388840.0,31,360,9,6,2585.0,9.2,493,0,13,411500,3389095,492,0,6,-91.79
198701,411405.0,3388840.0,31,360,9,6,2585.0,9.2,493,0,13,411515,3389090,492,0,5,-95.67
198701,411405.0,3388840.0,31,360,9,6,2585.0,9.2,493,0,13,411300,3388895,490,0,5,-72.45
198701,411405.0,3388840.0,31,360,9,6,2585.0,9.2,493,0,13,411240,3388875,492,0,5,-73.03
198701,411405.0,3388840.0,31,360,9,6,2585.0,9.2,493,0,13,411365,3389000,490,0,5,-90.0
198701,411405.0,3388840.0,31,360,9,6,2585.0,9.2,493,0,13,411360,3388995,490,0,13,-90.73
198701,411405.0,3388840.0,31,360,9,6,2585.0,9.2,493,0,13,411225,3388820,493,0,5,-87.33
198701,411405.0,3388840.0,31,360,9,6,2585.0,9.2,493,0,13,411280,3388915,490,0,5,-89.0
198701,411405.0,3388840.0,31,360,9,6,2585.0,9.2,493,0,13,411355,3388930,490,6,6,-84.88
198701,411405.0,3388840.0,31,360,9,6,2585.0,9.2,493,0,13,411520,3388970,494,0,13,-84.75
198701,411405.0,3388840.0,31,360,9,6,2585.0,9.2,493,0,13,411580,3389030,494,0,5,-93.44
198701,411405.0,3388840.0,31,360,9,6,2585.0,9.2,493,0,13,411575,3389015,495,0,5,-90.64
198701,411405.0,3388840.0,31,360,9,6,2585.0,9.2,493,0,13,411560,3389010,495,0,5,-88.07
198701,411405.0,3388840.0,31,360,9,6,2585.0,9.2,493,0,13,411595,3389035,495,0,5,-97.45
198701,411405.0,3388840.0,31,360,9,6,2585.0,9.2,493,0,13,411570,3389020,494,0,5,-92.5
198701,411405.0,3388840.0,31,360,9,6,2585.0,9.2,493,0,13,411540,3388990,495,0,5,-83.43
198701,411405.0,3388840.0,31,360,9,6,2585.0,9.2,493,0,13,411585,3389025,494,0,5,-94.38
198701,411405.0,3388840.0,31,360,9,6,2585.0,9.2,493,0,13,411590,3389040,495,0,5,-95.75
198701,411405.0,3388840.0,31,360,9,6,2585.0,9.2,493,0,13,411530,3388980,494,0,13,-88.22
198701,411405.0,3388840.0,31,360,9,6,2585.0,9.2,493,0,13,411550,3389000,495,0,12,-85.66
198701,411405.0,3388840.0,31,360,9,6,2585.0,9.2,493,0,13,411350,3388800,493,6,5,-99.33
198701,411405.0,3388840.0,31,360,9,6,2585.0,9.2,493,0,13,411285,3388725,494,0,5,-92.75
198701,411405.0,3388840.0,31,360,9,6,2585.0,9.2,493,0,13,411390,3388520,490,0,12,-127.0
198701,411405.0,3388840.0,31,360,9,6,2585.0,9.2,493,0,13,411255,3388695,493,0,6,-95.17
198701,411405.0,3388840.0,31,360,9,6,2585.0,9.2,493,0,13,411250,3388700,493,0,5,-95.0
198701,411405.0,3388840.0,31,360,9,6,2585.0,9.2,493,0,13,411420,3388550,491,0,12,-107.5
198701,411405.0,3388840.0,31,360,9,6,2585.0,9.2,493,0,13,411410,3388540,491,0,5,-115.0
198701,411405.0,3388840.0,31,360,9,6,2585.0,9.2,493,0,13,411265,3388705,493,0,6,-89.0
198701,411405.0,3388840.0,31,360,9,6,2585.0,9.2,493,0,13,411245,3388685,493,0,5,-99.13
198701,411405.0,3388840.0,31,360,9,6,2585.0,9.2,493,0,13,411260,3388710,493,0,6,-96.71
198701,411405.0,3388840.0,31,360,9,6,2585.0,9.2,493,0,13,411280,3388730,494,0,6,-94.2
198701,411405.0,3388840.0,31,360,9,6,2585.0,9.2,493,0,13,411290,3388740,494,6,5,-87.5
198701,411405.0,3388840.0,31,360,9,6,2585.0,9.2,493,0,13,411555,3388995,495,0,12,-84.74
198701,411405.0,3388840.0,31,360,9,6,2585.0,9.2,493,0,13,411405,3388525,490,0,12,-113.0
198701,411405.0,3388840.0,31,360,9,6,2585.0,9.2,493,0,13,411400,3388530,490,0,5,-114.8
198701,411405.0,3388840.0,31,360,9,6,2585.0,9.2,493,0,13,411275,3388715,494,0,6,-94.0
198701,411405.0,3388840.0,31,360,9,6,2585.0,9.2,493,0,13,411545,3388985,495,0,5,-84.25
198701,411405.0,3388840.0,31,360,9,6,2585.0,9.2,493,0,13,411565,3389005,495,0,5,-88.47
198701,411405.0,3388840.0,31,360,9,6,2585.0,9.2,493,0,13,411600,3389050,495,21,5,-94.0
198701,411405.0,3388840.0,31,360,9,6,2585.0,9.2,493,0,13,411535,3388975,494,0,13,-88.6
198701,411405.0,3388840.0,31,360,9,6,2585.0,9.2,493,0,13,411355,3388795,493,0,5,-94.0
198701,411405.0,3388840.0,31,360,9,6,2585.0,9.2,493,0,13,411605,3389045,495,0,12,-99.67
198701,411405.0,3388840.0,31,360,9,6,2585.0,9.2,493,0,13,410840,3388645,493,0,5,-96.5
198701,411405.0,3388840.0,31,360,9,6,2585.0,9.2,493,0,13,410845,3388650,493,0,5,-101.5
198701,411405.0,3388840.0,31,360,9,6,2585.0,9.2,493,0,13,411185,3388935,492,0,6,-115.0
198701,411405.0,3388840.0,31,360,9,6,2585.0,9.2,493,0,13,411195,3388925,492,21,12,-84.5
198701,411405.0,3388840.0,31,360,9,6,2585.0,9.2,493,0,13,411150,3388890,493,0,5,-87.5
198701,411405.0,3388840.0,31,360,9,6,2585.0,9.2,493,0,13,411155,3388885,493,0,5,-89.92
198701,411405.0,3388840.0,31,360,9,6,2585.0,9.2,493,0,13,411315,3388915,490,0,5,-91.5
198701,411405.0,3388840.0,31,360,9,6,2585.0,9.2,493,0,13,411320,3388930,490,0,6,-79.5
198701,411405.0,3388840.0,31,360,9,6,2585.0,9.2,493,0,13,411335,3388935,490,0,5,-83.8
198701,411405.0,3388840.0,31,360,9,6,2585.0,9.2,493,0,13,411345,3388945,490,0,7,-84.67
198701,411405.0,3388840.0,31,360,9,6,2585.0,9.2,493,0,13,411340,3388950,490,0,7,-78.0
198701,411405.0,3388840.0,31,360,9,6,2585.0,9.2,493,0,13,411355,3388955,490,6,7,-82.5
198701,411405.0,3388840.0,31,360,9,6,2585.0,9.2,493,0,13,411365,3388965,490,0,5,-78.5
198701,411405.0,3388840.0,31,360,9,6,2585.0,9.2,493,0,13,411500,3389110,492,0,6,-93.33
198701,411405.0,3388840.0,31,360,9,6,2585.0,9.2,493,0,13,411245,3388845,492,0,5,-77.03
198701,411405.0,3388840.0,31,360,9,6,2585.0,9.2,493,0,13,411280,3388890,491,0,5,-78.45
198701,411405.0,3388840.0,31,360,9,6,2585.0,9.2,493,0,13,411235,3388835,492,0,5,-82.91
198701,411405.0,3388840.0,31,360,9,6,2585.0,9.2,493,0,13,411295,3388895,490,0,5,-74.8
198701,411405.0,3388840.0,31,360,9,6,2585.0,9.2,493,0,13,411265,3388865,491,0,6,-80.41
198701,411405.0,3388840.0,31,360,9,6,2585.0,9.2,493,0,13,411285,3388885,491,0,5,-75.73
198701,411405.0,3388840.0,31,360,9,6,2585.0,9.2,493,0,13,411275,3388875,491,0,6,-74.83
198701,411405.0,3388840.0,31,360,9,6,2585.0,9.2,493,0,13,411270,3388880,491,0,6,-75.13
198701,411405.0,3388840.0,31,360,9,6,2585.0,9.2,493,0,13,411255,3388855,492,0,6,-78.93
198701,411405.0,3388840.0,31,360,9,6,2585.0,9.2,493,0,13,411370,3388980,490,0,5,-79.5
198701,411405.0,3388840.0,31,360,9,6,2585.0,9.2,493,0,13,411250,3388860,492,0,6,-79.29
198701,411405.0,3388840.0,31,360,9,6,2585.0,9.2,493,0,13,411260,3388870,491,0,6,-76.25
198701,411405.0,3388840.0,31,360,9,6,2585.0,9.2,493,0,13,411505,3389105,492,0,6,-87.6
198701,411405.0,3388840.0,31,360,9,6,2585.0,9.2,493,0,13,411490,3389100,492,0,5,-91.0
198701,411405.0,3388840.0,31,360,9,6,2585.0,9.2,493,0,13,411495,3389095,492,0,6,-92.67
198701,411405.0,3388840.0,31,360,9,6,2585.0,9.2,493,0,13,411485,3389085,491,0,5,-89.67
198701,411405.0,3388840.0,31,360,9,6,2585.0,9.2,493,0,13,411240,3388850,492,21,12,-79.5
198701,411405.0,3388840.0,31,360,9,6,2585.0,9.2,493,0,13,411230,3388840,492,21,12,-71.25
198701,411405.0,3388840.0,31,360,9,6,2585.0,9.2,493,0,13,411510,3389120,492,0,5,-89.0
198701,411405.0,3388840.0,31,360,9,6,2585.0,9.2,493,0,13,411300,3388910,490,0,5,-78.67
198701,411405.0,3388840.0,31,360,9,6,2585.0,9.2,493,0,13,411480,3389255,493,0,5,-93.0
198701,411405.0,3388840.0,31,360,9,6,2585.0,9.2,493,0,13,411225,3388870,492,21,12,-74.67
198701,411405.0,3388840.0,31,360,9,6,2585.0,9.2,493,0,13,411290,3388935,491,0,5,-73.5
198701,411405.0,3388840.0,31,360,9,6,2585.0,9.2,493,0,13,411315,3388960,491,6,5,-85.0
198701,411405.0,3388840.0,31,360,9,6,2585.0,9.2,493,0,13,411335,3388900,490,0,5,-76.56
198701,411405.0,3388840.0,31,360,9,6,2585.0,9.2,493,0,13,411485,3389050,492,0,5,-90.5
198701,411405.0,3388840.0,31,360,9,6,2585.0,9.2,493,0,13,411325,3388890,491,0,5,-81.4
198701,411405.0,3388840.0,31,360,9,6,2585.0,9.2,493,0,13,411240,3388805,493,21,12,-99.17
198701,411405.0,3388840.0,31,360,9,6,2585.0,9.2,493,0,13,411510,3389075,492,0,5,-86.0
198701,411405.0,3388840.0,31,360,9,6,2585.0,9.2,493,0,13,411495,3389060,492,0,6,-92.64
198701,411405.0,3388840.0,31,360,9,6,2585.0,9.2,493,0,13,411245,3388810,493,0,5,-89.39
198701,411405.0,3388840.0,31,360,9,6,2585.0,9.2,493,0,13,411480,3389045,492,0,5,-91.25
198701,411405.0,3388840.0,31,360,9,6,2585.0,9.2,493,0,13,411505,3389070,492,0,6,-94.5
198701,411405.0,3388840.0,31,360,9,6,2585.0,9.2,493,0,13,411275,3388840,492,0,6,-86.6
198701,411405.0,3388840.0,31,360,9,6,2585.0,9.2,493,0,13,411320,3388885,491,0,5,-70.91
198701,411405.0,3388840.0,31,360,9,6,2585.0,9.2,493,0,13,411500,3389065,492,0,6,-95.07
198701,411405.0,3388840.0,31,360,9,6,2585.0,9.2,493,0,13,411250,3388815,492,0,6,-91.14
198701,411405.0,3388840.0,31,360,9,6,2585.0,9.2,493,0,13,411235,3388880,492,0,5,-79.77
198701,411405.0,3388840.0,31,360,9,6,2585.0,9.2,493,0,13,411265,3388830,492,0,7,-87.37
198701,411405.0,3388840.0,31,360,9,6,2585.0,9.2,493,0,13,411260,3388825,492,0,6,-89.46
198701,411405.0,3388840.0,31,360,9,6,2585.0,9.2,493,0,13,411255,3388820,492,0,6,-89.49
198701,411405.0,3388840.0,31,360,9,6,2585.0,9.2,493,0,13,411220,3388865,492,21,12,-75.5
198701,411405.0,3388840.0,31,360,9,6,2585.0,9.2,493,0,13,411270,3388835,492,0,6,-85.59
198701,411405.0,3388840.0,31,360,9,6,2585.0,9.2,493,0,13,411350,3388915,490,6,5,-75.0
198701,411405.0,3388840.0,31,360,9,6,2585.0,9.2,493,0,13,411490,3389055,492,0,5,-89.79
198701,411405.0,3388840.0,31,360,9,6,2585.0,9.2,493,0,13,411200,3388845,493,21,12,-84.0
198701,411405.0,3388840.0,31,360,9,6,2585.0,9.2,493,0,13,411360,3389005,490,0,13,-90.67
198701,411405.0,3388840.0,31,360,9,6,2585.0,9.2,493,0,13,411340,3388905,490,0,5,-73.0
198701,411405.0,3388840.0,31,360,9,6,2585.0,9.2,493,0,13,411355,3388920,490,6,5,-76.33
198701,411405.0,3388840.0,31,360,9,6,2585.0,9.2,493,0,13,411330,3388895,490,0,5,-72.6
198701,411405.0,3388840.0,31,360,9,6,2585.0,9.2,493,0,13,411345,3388910,490,0,5,-80.71
198701,411405.0,3388840.0,31,360,9,6,2585.0,9.2,493,0,13,411230,3388875,492,0,5,-79.5
198701,411405.0,3388840.0,31,360,9,6,2585.0,9.2,493,0,13,411535,3388900,493,6,5,-94.25
198701,411405.0,3388840.0,31,360,9,6,2585.0,9.2,493,0,13,411575,3388940,494,0,5,-97.5
198701,411405.0,3388840.0,31,360,9,6,2585.0,9.2,493,0,13,411425,3388790,494,6,13,-106.0
198701,411405.0,3388840.0,31,360,9,6,2585.0,9.2,493,0,13,411405,3388770,493,0,13,-93.0
198701,411405.0,3388840.0,31,360,9,6,2585.0,9.2,493,0,13,411580,3388945,495,0,5,-95.0
198701,411405.0,3388840.0,31,360,9,6,2585.0,9.2,493,0,13,411520,3388885,493,0,5,-87.75
198701,411405.0,3388840.0,31,360,9,6,2585.0,9.2,493,0,13,411540,3388905,493,6,12,-92.91
198701,411405.0,3388840.0,31,360,9,6,2585.0,9.2,493,0,13,411595,3388960,495,0,5,-96.0
198701,411405.0,3388840.0,31,360,9,6,2585.0,9.2,493,0,13,411345,3388550,492,0,5,-113.5
198701,411405.0,3388840.0,31,360,9,6,2585.0,9.2,493,0,13,411585,3388950,495,0,5,-101.29
198701,411405.0,3388840.0,31,360,9,6,2585.0,9.2,493,0,13,411590,3388955,495,0,5,-99.0
198701,411405.0,3388840.0,31,360,9,6,2585.0,9.2,493,0,13,411525,3388890,493,0,5,-88.0
198701,411405.0,3388840.0,31,360,9,6,2585.0,9.2,493,0,13,411315,3389190,492,0,5,-86.5
198701,411405.0,3388840.0,31,360,9,6,2585.0,9.2,493,0,13,411185,3388860,493,0,5,-78.67
198701,411405.0,3388840.0,31,360,9,6,2585.0,9.2,493,0,13,411180,3388855,493,0,5,-75.0
198701,411405.0,3388840.0,31,360,9,6,2585.0,9.2,493,0,13,411160,3388875,493,0,12,-92.25
198701,411405.0,3388840.0,31,360,9,6,2585.0,9.2,493,0,13,411175,3388870,493,0,5,-91.0
198701,411405.0,3388840.0,31,360,9,6,2585.0,9.2,493,0,13,411165,3388880,493,0,12,-88.4
198701,411405.0,3388840.0,31,360,9,6,2585.0,9.2,493,0,13,411545,3389015,495,0,5,-89.67
198701,411405.0,3388840.0,31,360,9,6,2585.0,9.2,493,0,13,411465,3388615,491,21,5,-128.5
198701,411405.0,3388840.0,31,360,9,6,2585.0,9.2,493,0,13,411370,3388550,490,0,5,-115.0
198701,411405.0,3388840.0,31,360,9,6,2585.0,9.2,493,0,13,411235,3388685,493,0,5,-92.0
198701,411405.0,3388840.0,31,360,9,6,2585.0,9.2,493,0,13,411560,3389000,495,0,12,-85.31
198701,411405.0,3388840.0,31,360,9,6,2585.0,9.2,493,0,13,411280,3388800,493,0,6,-87.38
198701,411405.0,3388840.0,31,360,9,6,2585.0,9.2,493,0,13,411580,3388980,495,0,5,-91.83
198701,411405.0,3388840.0,31,360,9,6,2585.0,9.2,493,0,13,411240,3388680,493,0,5,-95.6
198701,411405.0,3388840.0,31,360,9,6,2585.0,9.2,493,0,13,411540,3389020,494,0,5,-98.5
198701,411405.0,3388840.0,31,360,9,6,2585.0,9.2,493,0,13,411305,3388775,493,15,12,-114.5
198701,411405.0,3388840.0,31,360,9,6,2585.0,9.2,493,0,13,411295,3388785,493,0,12,-92.4
198701,411405.0,3388840.0,31,360,9,6,2585.0,9.2,493,0,13,411290,3388790,493,6,13,-97.0
198701,411405.0,3388840.0,31,360,9,6,2585.0,9.2,493,0,13,411250,3388670,493,0,5,-93.5
198701,411405.0,3388840.0,31,360,9,6,2585.0,9.2,493,0,13,411245,3388675,493,0,5,-102.0
198701,411405.0,3388840.0,31,360,9,6,2585.0,9.2,493,0,13,411570,3388990,495,0,5,-84.67
198701,411405.0,3388840.0,31,360,9,6,2585.0,9.2,493,0,13,411395,3388525,490,0,12,-105.57
198701,411405.0,3388840.0,31,360,9,6,2585.0,9.2,493,0,13,411285,3388795,493,0,5,-88.75
198701,411405.0,3388840.0,31,360,9,6,2585.0,9.2,493,0,13,411550,3389010,495,0,5,-85.15
198701,411405.0,3388840.0,31,360,9,6,2585.0,9.2,493,0,13,411300,3388780,493,15,12,-81.0
198701,411405.0,3388840.0,31,360,9,6,2585.0,9.2,493,0,13,411565,3388995,495,0,5,-94.29
198701,411405.0,3388840.0,31,360,9,6,2585.0,9.2,493,0,13,411555,3389005,495,0,12,-86.79
198701,411405.0,3388840.0,31,360,9,6,2585.0,9.2,493,0,13,411590,3388970,495,0,5,-98.0
198701,411405.0,3388840.0,31,360,9,6,2585.0,9.2,493,0,13,411585,3388975,495,0,5,-88.78
198701,411405.0,3388840.0,31,360,9,6,2585.0,9.2,493,0,13,411575,3388985,495,0,5,-88.33
198701,411405.0,3388840.0,31,360,9,6,2585.0,9.2,493,0,13,411595,3388965,495,0,5,-98.89
198701,411405.0,3388840.0,31,360,9,6,2585.0,9.2,493,0,13,411400,3388940,491,0,7,-68.75
198701,411405.0,3388840.0,31,360,9,6,2585.0,9.2,493,0,13,411475,3388825,495,0,5,-76.0
198701,411405.0,3388840.0,31,360,9,6,2585.0,9.2,493,0,13,411460,3388840,494,0,5,-87.0
198701,411405.0,3388840.0,31,360,9,6,2585.0,9.2,493,0,13,411490,3388850,494,0,5,-92.0
198701,411405.0,3388840.0,31,360,9,6,2585.0,9.2,493,0,13,411375,3388885,491,0,13,-72.95
198701,411405.0,3388840.0,31,360,9,6,2585.0,9.2,493,0,13,411480,3388860,494,0,5,-87.2
198701,411405.0,3388840.0,31,360,9,6,2585.0,9.2,493,0,13,411495,3388845,494,0,5,-88.86
198701,411405.0,3388840.0,31,360,9,6,2585.0,9.2,493,0,13,411500,3388880,493,0,5,-86.08
198701,411405.0,3388840.0,31,360,9,6,2585.0,9.2,493,0,13,411230,3389070,495,6,12,-84.33
198701,411405.0,3388840.0,31,360,9,6,2585.0,9.2,493,0,13,411365,3388895,490,0,5,-70.1
198701,411405.0,3388840.0,31,360,9,6,2585.0,9.2,493,0,13,411485,3388855,494,0,5,-89.0
198701,411405.0,3388840.0,31,360,9,6,2585.0,9.2,493,0,13,411440,3388820,495,6,5,-95.33
198701,411405.0,3388840.0,31,360,9,6,2585.0,9.2,493,0,13,411510,3388870,493,0,6,-87.14
198701,411405.0,3388840.0,31,360,9,6,2585.0,9.2,493,0,13,411240,3389100,494,0,6,-82.0
198701,411405.0,3388840.0,31,360,9,6,2585.0,9.2,493,0,13,411235,3389065,494,0,12,-84.33
198701,411405.0,3388840.0,31,360,9,6,2585.0,9.2,493,0,13,411380,3388920,490,0,5,-73.12
198701,411405.0,3388840.0,31,360,9,6,2585.0,9.2,493,0,13,411515,3388865,493,0,6,-87.86
198701,411405.0,3388840.0,31,360,9,6,2585.0,9.2,493,0,13,411445,3388815,494,6,13,-91.0
198701,411405.0,3388840.0,31,360,9,6,2585.0,9.2,493,0,13,411405,3388935,491,0,5,-80.13
198701,411405.0,3388840.0,31,360,9,6,2585.0,9.2,493,0,13,411410,3388930,491,0,6,-89.5
198701,411405.0,3388840.0,31,360,9,6,2585.0,9.2,493,0,13,411505,3388875,493,0,6,-87.84
198701,411405.0,3388840.0,31,360,9,6,2585.0,9.2,493,0,13,411385,3388915,490,0,5,-72.5
198701,411405.0,3388840.0,31,360,9,6,2585.0,9.2,493,0,13,411360,3388900,490,0,5,-74.17
198701,411405.0,3388840.0,31,360,9,6,2585.0,9.2,493,0,13,411370,3388890,491,0,13,-76.33
198701,411405.0,3388840.0,31,360,9,6,2585.0,9.2,493,0,13,411065,3389235,497,21,5,-96.33
198701,411405.0,3388840.0,31,360,9,6,2585.0,9.2,493,0,13,411580,3388935,495,0,5,-103.0
198701,411405.0,3388840.0,31,360,9,6,2585.0,9.2,493,0,13,411530,3388905,493,6,12,-84.0
198701,411405.0,3388840.0,31,360,9,6,2585.0,9.2,493,0,13,411565,3388960,494,0,5,-89.0
198701,411405.0,3388840.0,31,360,9,6,2585.0,9.2,493,0,13,411400,3388795,493,0,5,-99.0
198701,411405.0,3388840.0,31,360,9,6,2585.0,9.2,493,0,13,411585,3388940,495,0,5,-100.33
198701,411405.0,3388840.0,31,360,9,6,2585.0,9.2,493,0,13,411520,3388915,493,0,5,-84.55
198701,411405.0,3388840.0,31,360,9,6,2585.0,9.2,493,0,13,411300,3388495,498,0,5,-115.5
198701,411405.0,3388840.0,31,360,9,6,2585.0,9.2,493,0,13,411345,3388540,492,0,5,-119.5
198701,411405.0,3388840.0,31,360,9,6,2585.0,9.2,493,0,13,411575,3388950,495,0,5,-101.4
198701,411405.0,3388840.0,31,360,9,6,2585.0,9.2,493,0,13,411570,3388945,494,0,5,-99.86
198701,411405.0,3388840.0,31,360,9,6,2585.0,9.2,493,0,13,411560,3388955,494,0,12,-93.33
198701,411405.0,3388840.0,31,360,9,6,2585.0,9.2,493,0,13,411220,3388905,492,21,5,-76.0
198701,411405.0,3388840.0,31,360,9,6,2585.0,9.2,493,0,13,411310,3388835,492,0,13,-79.0
198701,411405.0,3388840.0,31,360,9,6,2585.0,9.2,493,0,13,411515,3389040,493,0,6,-92.5
198701,411405.0,3388840.0,31,360,9,6,2585.0,9.2,493,0,13,411275,3388960,491,0,5,-81.0
198701,411405.0,3388840.0,31,360,9,6,2585.0,9.2,493,0,13,411260,3388945,491,0,7,-82.14
198701,411405.0,3388840.0,31,360,9,6,2585.0,9.2,493,0,13,411300,3388825,492,0,13,-79.5
198701,411405.0,3388840.0,31,360,9,6,2585.0,9.2,493,0,13,411240,3388925,491,0,5,-78.5
198701,411405.0,3388840.0,31,360,9,6,2585.0,9.2,493,0,13,411305,3388830,492,0,13,-99.0
198701,411405.0,3388840.0,31,360,9,6,2585.0,9.2,493,0,13,411500,3389025,493,0,6,-86.46
198701,411405.0,3388840.0,31,360,9,6,2585.0,9.2,493,0,13,411340,3388865,491,0,13,-78.9
198701,411405.0,3388840.0,31,360,9,6,2585.0,9.2,493,0,13,411690,3388735,495,0,5,-107.33
198701,411405.0,3388840.0,31,360,9,6,2585.0,9.2,493,0,13,411490,3389015,493,0,5,-86.5
198701,411405.0,3388840.0,31,360,9,6,2585.0,9.2,493,0,13,411205,3388890,492,21,5,-83.9
198701,411405.0,3388840.0,31,360,9,6,2585.0,9.2,493,0,13,411495,3389020,493,0,5,-85.46
198701,411405.0,3388840.0,31,360,9,6,2585.0,9.2,493,0,13,411345,3388870,491,0,5,-76.92
198701,411405.0,3388840.0,31,360,9,6,2585.0,9.2,493,0,13,411355,3388880,491,0,13,-72.96
198701,411405.0,3388840.0,31,360,9,6,2585.0,9.2,493,0,13,411030,3389195,496,0,5,-97.5
198701,411405.0,3388840.0,31,360,9,6,2585.0,9.2,493,0,13,411280,3388805,492,0,6,-93.94
198701,411405.0,3388840.0,31,360,9,6,2585.0,9.2,493,0,13,411350,3388875,491,0,13,-74.88
198701,411405.0,3388840.0,31,360,9,6,2585.0,9.2,493,0,13,411245,3388930,491,0,6,-93.67
198701,411405.0,3388840.0,31,360,9,6,2585.0,9.2,493,0,13,411290,3388815,492,6,13,-92.75
198701,411405.0,3388840.0,31,360,9,6,2585.0,9.2,493,0,13,411335,3388860,491,0,13,-78.02
198701,411405.0,3388840.0,31,360,9,6,2585.0,9.2,493,0,13,411025,3389190,496,0,5,-101.5
198701,411405.0,3388840.0,31,360,9,6,2585.0,9.2,493,0,13,411315,3388840,492,0,13,-79.44
198701,411405.0,3388840.0,31,360,9,6,2585.0,9.2,493,0,13,411505,3389030,493,0,6,-89.05
198701,411405.0,3388840.0,31,360,9,6,2585.0,9.2,493,0,13,411485,3389010,493,0,5,-86.09
198701,411405.0,3388840.0,31,360,9,6,2585.0,9.2,493,0,13,411295,3388820,492,0,5,-91.0
198701,411405.0,3388840.0,31,360,9,6,2585.0,9.2,493,0,13,411510,3389035,493,0,6,-86.83
198701,411405.0,3388840.0,31,360,9,6,2585.0,9.2,493,0,13,411285,3388810,492,0,5,-91.13
198701,411405.0,3388840.0,31,360,9,6,2585.0,9.2,493,0,13,411200,3388885,492,0,5,-79.33
198701,411405.0,3388840.0,31,360,9,6,2585.0,9.2,493,0,13,411480,3389005,493,0,13,-89.5
198701,411405.0,3388840.0,31,360,9,6,2585.0,9.2,493,0,13,411330,3388855,492,0,5,-77.39
198701,411405.0,3388840.0,31,360,9,6,2585.0,9.2,493,0,13,411230,3388915,491,0,5,-78.25
198701,411405.0,3388840.0,31,360,9,6,2585.0,9.2,493,0,13,411255,3388940,491,0,6,-93.75
198701,411405.0,3388840.0,31,360,9,6,2585.0,9.2,493,0,13,411265,3388950,491,0,6,-86.0
198701,411405.0,3388840.0,31,360,9,6,2585.0,9.2,493,0,13,411210,3388895,492,21,12,-77.0
198701,411405.0,3388840.0,31,360,9,6,2585.0,9.2,493,0,13,411320,3388845,492,0,13,-79.88
198701,411405.0,3388840.0,31,360,9,6,2585.0,9.2,493,0,13,411325,3388850,492,0,5,-80.67
198701,411405.0,3388840.0,31,360,9,6,2585.0,9.2,493,0,13,411250,3388985,492,0,6,-80.5
198701,411405.0,3388840.0,31,360,9,6,2585.0,9.2,493,0,13,411645,3388760,494,0,12,-114.5
198701,411405.0,3388840.0,31,360,9,6,2585.0,9.2,493,0,13,411430,3388805,494,0,13,-103.5
198701,411405.0,3388840.0,31,360,9,6,2585.0,9.2,493,0,13,411470,3388925,492,12,5,-87.5
198701,411405.0,3388840.0,31,360,9,6,2585.0,9.2,493,0,13,411410,3388825,494,15,5,-95.29
198701,411405.0,3388840.0,31,360,9,6,2585.0,9.2,493,0,13,411435,3388810,494,0,5,-105.0
198701,411405.0,3388840.0,31,360,9,6,2585.0,9.2,493,0,13,411515,3388890,493,0,5,-88.24
198701,411405.0,3388840.0,31,360,9,6,2585.0,9.2,493,0,13,411480,3388915,492,12,5,-79.67
198701,411405.0,3388840.0,31,360,9,6,2585.0,9.2,493,0,13,411495,3388910,492,0,5,-82.35
198701,411405.0,3388840.0,31,360,9,6,2585.0,9.2,493,0,13,411395,3388850,493,0,5,-79.86
198701,411405.0,3388840.0,31,360,9,6,2585.0,9.2,493,0,13,411490,3388905,492,0,5,-83.71
198701,411405.0,3388840.0,31,360,9,6,2585.0,9.2,493,0,13,411400,3388835,493,15,13,-89.0
198701,411405.0,3388840.0,31,360,9,6,2585.0,9.2,493,0,13,411415,3388830,494,15,5,-99.57
198701,411405.0,3388840.0,31,360,9,6,2585.0,9.2,493,0,13,411390,3388845,493,0,13,-84.8
198701,411405.0,3388840.0,31,360,9,6,2585.0,9.2,493,0,13,411365,3388880,491,0,13,-74.76
198701,411405.0,3388840.0,31,360,9,6,2585.0,9.2,493,0,13,411380,3388855,492,0,5,-79.33
198701,411405.0,3388840.0,31,360,9,6,2585.0,9.2,493,0,13,411370,3388865,492,0,5,-77.08
198701,411405.0,3388840.0,31,360,9,6,2585.0,9.2,493,0,13,411375,3388870,491,0,5,-75.13
198701,411405.0,3388840.0,31,360,9,6,2585.0,9.2,493,0,13,411270,3388965,491,0,6,-80.0
198701,411405.0,3388840.0,31,360,9,6,2585.0,9.2,493,0,13,411360,3388875,491,0,13,-74.82
198701,411405.0,3388840.0,31,360,9,6,2585.0,9.2,493,0,13,411510,3388885,493,0,6,-87.12
198701,411405.0,3388840.0,31,360,9,6,2585.0,9.2,493,0,13,411505,3388900,493,0,6,-84.12
198701,411405.0,3388840.0,31,360,9,6,2585.0,9.2,493,0,13,411405,3388840,493,0,13,-84.83
198701,411405.0,3388840.0,31,360,9,6,2585.0,9.2,493,0,13,411500,3388895,493,0,5,-84.23
198701,411405.0,3388840.0,31,360,9,6,2585.0,9.2,493,0,13,411385,3388860,492,0,13,-75.47
198701,411405.0,3388840.0,31,360,9,6,2585.0,9.2,493,0,13,411485,3388920,492,0,5,-81.17
198701,411405.0,3388840.0,31,360,9,6,2585.0,9.2,493,0,13,411420,3388815,494,0,13,-98.75
198701,411405.0,3388840.0,31,360,9,6,2585.0,9.2,493,0,13,411265,3388980,492,0,6,-81.0
198701,411405.0,3388840.0,31,360,9,6,2585.0,9.2,493,0,13,411425,3388820,494,0,5,-95.0
198701,411405.0,3388840.0,31,360,9,6,2585.0,9.2,493,0,13,411390,3388885,491,0,13,-72.33
198701,411405.0,3388840.0,31,360,9,6,2585.0,9.2,493,0,13,411235,3389050,494,0,12,-92.5
198701,411405.0,3388840.0,31,360,9,6,2585.0,9.2,493,0,13,411520,3388755,494,0,6,-108.5
198701,411405.0,3388840.0,31,360,9,6,2585.0,9.2,493,0,13,411430,3388925,491,15,5,-66.0
198701,411405.0,3388840.0,31,360,9,6,2585.0,9.2,493,0,13,411515,3388850,493,0,6,-95.38
198701,411405.0,3388840.0,31,360,9,6,2585.0,9.2,493,0,13,411450,3388825,495,6,5,-89.0
198701,411405.0,3388840.0,31,360,9,6,2585.0,9.2,493,0,13,411500,3388855,493,0,5,-88.92
198701,411405.0,3388840.0,31,360,9,6,2585.0,9.2,493,0,13,411240,3389115,494,0,6,-80.83
198701,411405.0,3388840.0,31,360,9,6,2585.0,9.2,493,0,13,411050,3389225,497,0,5,-95.0
198701,411405.0,3388840.0,31,360,9,6,2585.0,9.2,493,0,13,411360,3388915,490,6,5,-75.38
198701,411405.0,3388840.0,31,360,9,6,2585.0,9.2,493,0,13,411490,3388865,493,0,5,-83.17
198701,411405.0,3388840.0,31,360,9,6,2585.0,9.2,493,0,13,411370,3388905,490,0,5,-73.63
198701,411405.0,3388840.0,31,360,9,6,2585.0,9.2,493,0,13,411230,3389045,494,21,12,-87.5
198701,411405.0,3388840.0,31,360,9,6,2585.0,9.2,493,0,13,411510,3388845,493,0,6,-94.38
198701,411405.0,3388840.0,31,360,9,6,2585.0,9.2,493,0,13,411480,3388875,493,0,5,-79.9
198701,411405.0,3388840.0,31,360,9,6,2585.0,9.2,493,0,13,411245,3389120,494,0,6,-87.0
198701,411405.0,3388840.0,31,360,9,6,2585.0,9.2,493,0,13,411385,3388900,491,0,5,-76.22
198701,411405.0,3388840.0,31,360,9,6,2585.0,9.2,493,0,13,411445,3388840,494,0,13,-86.03
198701,411405.0,3388840.0,31,360,9,6,2585.0,9.2,493,0,13,411455,3388830,495,0,5,-85.0
198701,411405.0,3388840.0,31,360,9,6,2585.0,9.2,493,0,13,411505,3388860,493,0,5,-91.0
198701,411405.0,3388840.0,31,360,9,6,2585.0,9.2,493,0,13,411495,3388870,493,0,5,-83.5
198701,411405.0,3388840.0,31,360,9,6,2585.0,9.2,493,0,13,411375,3388910,490,0,5,-70.24
198701,411405.0,3388840.0,31,360,9,6,2585.0,9.2,493,0,13,411365,3388920,490,0,5,-70.38
198701,411405.0,3388840.0,31,360,9,6,2585.0,9.2,493,0,13,411525,3388760,494,0,5,-99.5
198701,411405.0,3388840.0,31,360,9,6,2585.0,9.2,493,0,13,411485,3388880,493,0,5,-81.1
198701,411405.0,3388840.0,31,360,9,6,2585.0,9.2,493,0,13,411440,3388835,494,0,5,-89.56
198701,411405.0,3388840.0,31,360,9,6,2585.0,9.2,493,0,13,411250,3389105,494,0,7,-82.5
198701,411405.0,3388840.0,31,360,9,6,2585.0,9.2,493,0,13,411380,3388895,491,0,5,-70.77
198701,411405.0,3388840.0,31,360,9,6,2585.0,9.2,493,0,13,411395,3388890,491,0,13,-74.75
198701,411405.0,3388840.0,31,360,9,6,2585.0,9.2,493,0,13,411385,3388905,490,0,5,-61.33
198701,411405.0,3388840.0,31,360,9,6,2585.0,9.2,493,0,13,411285,3388965,491,6,5,-80.0
198701,411405.0,3388840.0,31,360,9,6,2585.0,9.2,493,0,13,411420,3388950,491,0,7,-79.5
198701,411405.0,3388840.0,31,360,9,6,2585.0,9.2,493,0,13,411415,3388935,491,0,6,-76.5
198701,411405.0,3388840.0,31,360,9,6,2585.0,9.2,493,0,13,411405,3388925,491,15,6,-81.4
198701,411405.0,3388840.0,31,360,9,6,2585.0,9.2,493,0,13,411460,3388830,495,0,5,-84.5
198701,411405.0,3388840.0,31,360,9,6,2585.0,9.2,493,0,13,411440,3388810,494,6,5,-95.0
198701,411405.0,3388840.0,31,360,9,6,2585.0,9.2,493,0,13,411445,3388805,494,0,13,-108.71
198701,411405.0,3388840.0,31,360,9,6,2585.0,9.2,493,0,13,411060,3389230,497,0,5,-94.5
198701,411405.0,3388840.0,31,360,9,6,2585.0,9.2,493,0,13,411495,3388855,494,0,5,-88.4
198701,411405.0,3388840.0,31,360,9,6,2585.0,9.2,493,0,13,411375,3388895,491,0,5,-73.38
198701,411405.0,3388840.0,31,360,9,6,2585.0,9.2,493,0,13,411510,3388880,493,0,6,-87.79
198701,411405.0,3388840.0,31,360,9,6,2585.0,9.2,493,0,13,411485,3388845,494,0,5,-94.0
198701,411405.0,3388840.0,31,360,9,6,2585.0,9.2,493,0,13,411490,3388860,493,0,5,-85.58
198701,411405.0,3388840.0,31,360,9,6,2585.0,9.2,493,0,13,411230,3389080,495,0,6,-80.4
198701,411405.0,3388840.0,31,360,9,6,2585.0,9.2,493,0,13,411240,3389090,494,0,6,-80.5
198701,411405.0,3388840.0,31,360,9,6,2585.0,9.2,493,0,13,411380,3388910,490,0,5,-68.2
198701,411405.0,3388840.0,31,360,9,6,2585.0,9.2,493,0,13,411360,3388890,491,0,13,-72.33
198701,411405.0,3388840.0,31,360,9,6,2585.0,9.2,493,0,13,411390,3388920,490,15,5,-80.2
198701,411405.0,3388840.0,31,360,9,6,2585.0,9.2,493,0,13,411245,3389085,494,0,6,-77.75
198701,411405.0,3388840.0,31,360,9,6,2585.0,9.2,493,0,13,411250,3389100,494,0,7,-82.0
198701,411405.0,3388840.0,31,360,9,6,2585.0,9.2,493,0,13,411500,3388870,493,0,5,-86.81
198701,411405.0,3388840.0,31,360,9,6,2585.0,9.2,493,0,13,411515,3388875,493,0,5,-90.25
198701,411405.0,3388840.0,31,360,9,6,2585.0,9.2,493,0,13,411450,3388820,495,6,5,-83.0
198701,411405.0,3388840.0,31,360,9,6,2585.0,9.2,493,0,13,411480,3388850,494,0,5,-93.13
198701,411405.0,3388840.0,31,360,9,6,2585.0,9.2,493,0,13,411235,3389075,494,0,5,-78.75
198701,411405.0,3388840.0,31,360,9,6,2585.0,9.2,493,0,13,411505,3388865,493,0,5,-91.66
198701,411405.0,3388840.0,31,360,9,6,2585.0,9.2,493,0,13,411395,3388915,491,15,5,-66.5
198701,411405.0,3388840.0,31,360,9,6,2585.0,9.2,493,0,13,411365,3388885,491,0,13,-71.4
198701,411405.0,3388840.0,31,360,9,6,2585.0,9.2,493,0,13,411370,3388900,490,0,5,-65.8
198701,411405.0,3388840.0,31,360,9,6,2585.0,9.2,493,0,13,411425,3388945,492,0,7,-80.0
198701,411405.0,3388840.0,31,360,9,6,2585.0,9.2,493,0,13,411495,3388825,494,0,5,-104.5
198701,411405.0,3388840.0,31,360,9,6,2585.0,9.2,493,0,13,411490,3388830,494,0,5,-95.67
198701,411405.0,3388840.0,31,360,9,6,2585.0,9.2,493,0,13,411420,3388900,491,0,5,-78.0
198701,411405.0,3388840.0,31,360,9,6,2585.0,9.2,493,0,13,411345,3388975,490,0,13,-78.5
198701,411405.0,3388840.0,31,360,9,6,2585.0,9.2,493,0,13,411355,3388965,490,0,5,-75.0
198701,411405.0,3388840.0,31,360,9,6,2585.0,9.2,493,0,13,411480,3388840,494,0,5,-93.0
198701,411405.0,3388840.0,31,360,9,6,2585.0,9.2,493,0,13,411425,3388895,492,0,13,-74.6
198701,411405.0,3388840.0,31,360,9,6,2585.0,9.2,493,0,13,411395,3388925,491,0,6,-73.33
198701,411405.0,3388840.0,31,360,9,6,2585.0,9.2,493,0,13,411405,3388915,491,15,5,-74.5
198701,411405.0,3388840.0,31,360,9,6,2585.0,9.2,493,0,13,411370,3388950,490,0,7,-74.33
198701,411405.0,3388840.0,31,360,9,6,2585.0,9.2,493,0,13,411360,3388960,490,0,7,-73.8
198701,411405.0,3388840.0,31,360,9,6,2585.0,9.2,493,0,13,411375,3388945,490,0,5,-72.0
198701,411405.0,3388840.0,31,360,9,6,2585.0,9.2,493,0,13,411240,3389080,494,0,6,-81.0
198701,411405.0,3388840.0,31,360,9,6,2585.0,9.2,493,0,13,411500,3388820,494,0,5,-97.42
198701,411405.0,3388840.0,31,360,9,6,2585.0,9.2,493,0,13,411535,3388785,494,0,5,-115.5
198701,411405.0,3388840.0,31,360,9,6,2585.0,9.2,493,0,13,411475,3388845,494,0,5,-89.8
198701,411405.0,3388840.0,31,360,9,6,2585.0,9.2,493,0,13,411465,3388855,494,0,5,-83.73
198701,411405.0,3388840.0,31,360,9,6,2585.0,9.2,493,0,13,411385,3388935,490,0,5,-75.0
198701,411405.0,3388840.0,31,360,9,6,2585.0,9.2,493,0,13,411380,3388940,490,0,5,-72.56
198701,411405.0,3388840.0,31,360,9,6,2585.0,9.2,493,0,13,411460,3388860,494,0,5,-83.11
198701,411405.0,3388840.0,31,360,9,6,2585.0,9.2,493,0,13,411445,3388875,493,0,13,-78.12
198701,411405.0,3388840.0,31,360,9,6,2585.0,9.2,493,0,13,411455,3388865,493,0,13,-80.03
198701,411405.0,3388840.0,31,360,9,6,2585.0,9.2,493,0,13,411470,3388850,494,0,5,-97.63
198701,411405.0,3388840.0,31,360,9,6,2585.0,9.2,493,0,13,411390,3388930,490,0,6,-77.44
198701,411405.0,3388840.0,31,360,9,6,2585.0,9.2,493,0,13,411505,3388815,494,0,5,-100.63
198701,411405.0,3388840.0,31,360,9,6,2585.0,9.2,493,0,13,411510,3388810,494,0,6,-99.0
198701,411405.0,3388840.0,31,360,9,6,2585.0,9.2,493,0,13,411515,3388805,494,0,6,-99.5
198701,411405.0,3388840.0,31,360,9,6,2585.0,9.2,493,0,13,411440,3388880,493,0,13,-79.24
198701,411405.0,3388840.0,31,360,9,6,2585.0,9.2,493,0,13,411435,3388885,492,0,5,-81.62
198701,411405.0,3388840.0,31,360,9,6,2585.0,9.2,493,0,13,411245,3389075,494,0,6,-80.6
198701,411405.0,3388840.0,31,360,9,6,2585.0,9.2,493,0,13,411230,3389090,495,0,12,-79.2
198701,411405.0,3388840.0,31,360,9,6,2585.0,9.2,493,0,13,411430,3388890,492,0,5,-83.57
198701,411405.0,3388840.0,31,360,9,6,2585.0,9.2,493,0,13,411450,3388870,493,0,13,-78.47
198701,411405.0,3388840.0,31,360,9,6,2585.0,9.2,493,0,13,411260,3389060,493,0,6,-79.5
198701,411405.0,3388840.0,31,360,9,6,2585.0,9.2,493,0,13,411250,3389070,494,0,6,-84.67
198701,411405.0,3388840.0,31,360,9,6,2585.0,9.2,493,0,13,411520,3388800,494,0,5,-105.5
198701,411405.0,3388840.0,31,360,9,6,2585.0,9.2,493,0,13,411235,3389085,495,0,5,-81.45
198701,411405.0,3388840.0,31,360,9,6,2585.0,9.2,493,0,13,411595,3388725,493,21,5,-113.0
198701,411405.0,3388840.0,31,360,9,6,2585.0,9.2,493,0,13,411365,3388955,490,0,7,-80.0
198701,411405.0,3388840.0,31,360,9,6,2585.0,9.2,493,0,13,411175,3388820,493,0,12,-100.5
198701,411405.0,3388840.0,31,360,9,6,2585.0,9.2,493,0,13,411150,3388875,493,0,12,-87.0
198701,411405.0,3388840.0,31,360,9,6,2585.0,9.2,493,0,13,411155,3388880,493,0,12,-88.8
198701,411405.0,3388840.0,31,360,9,6,2585.0,9.2,493,0,13,411175,3388895,492,0,5,-83.33
198701,411405.0,3388840.0,31,360,9,6,2585.0,9.2,493,0,13,411165,3388885,493,0,5,-87.5
198701,411405.0,3388840.0,31,360,9,6,2585.0,9.2,493,0,13,411460,3389270,494,0,5,-95.0
198701,411405.0,3388840.0,31,360,9,6,2585.0,9.2,493,0,13,411390,3388250,489,54,5,-112.0
198701,411405.0,3388840.0,31,360,9,6,2585.0,9.2,493,0,13,411570,3389030,494,0,6,-87.75
198701,411405.0,3388840.0,31,360,9,6,2585.0,9.2,493,0,13,411545,3388975,495,0,5,-83.0
198701,411405.0,3388840.0,31,360,9,6,2585.0,9.2,493,0,13,411350,3388770,493,0,13,-89.67
198701,411405.0,3388840.0,31,360,9,6,2585.0,9.2,493,0,13,411555,3388965,494,0,12,-87.25
198701,411405.0,3388840.0,31,360,9,6,2585.0,9.2,493,0,13,411520,3389000,494,0,13,-86.58
198701,411405.0,3388840.0,31,360,9,6,2585.0,9.2,493,0,13,411530,3388990,495,0,13,-87.29
198701,411405.0,3388840.0,31,360,9,6,2585.0,9.2,493,0,13,411330,3388790,493,0,13,-97.0
198701,411405.0,3388840.0,31,360,9,6,2585.0,9.2,493,0,13,411585,3389015,495,0,6,-90.5
198701,411405.0,3388840.0,31,360,9,6,2585.0,9.2,493,0,13,411525,3388995,495,0,13,-87.0
198701,411405.0,3388840.0,31,360,9,6,2585.0,9.2,493,0,13,411415,3388545,491,0,5,-113.0
198701,411405.0,3388840.0,31,360,9,6,2585.0,9.2,493,0,13,411275,3388685,493,0,6,-92.5
198701,411405.0,3388840.0,31,360,9,6,2585.0,9.2,493,0,13,411255,3388705,493,0,6,-90.0
198701,411405.0,3388840.0,31,360,9,6,2585.0,9.2,493,0,13,411280,3388760,493,0,6,-90.57
198701,411405.0,3388840.0,31,360,9,6,2585.0,9.2,493,0,13,411260,3388700,493,0,6,-93.33
198701,411405.0,3388840.0,31,360,9,6,2585.0,9.2,493,0,13,411250,3388710,493,0,5,-98.5
198701,411405.0,3388840.0,31,360,9,6,2585.0,9.2,493,0,13,411265,3388695,493,0,6,-95.4
198701,411405.0,3388840.0,31,360,9,6,2585.0,9.2,493,0,13,411285,3388755,494,0,5,-88.0
198701,411405.0,3388840.0,31,360,9,6,2585.0,9.2,493,0,13,411410,3388550,491,0,5,-113.5
198701,411405.0,3388840.0,31,360,9,6,2585.0,9.2,493,0,13,411245,3388715,493,0,5,-92.0
198701,411405.0,3388840.0,31,360,9,6,2585.0,9.2,493,0,13,411270,3388690,493,0,7,-94.5
198701,411405.0,3388840.0,31,360,9,6,2585.0,9.2,493,0,13,411580,3389020,494,0,6,-91.18
198701,411405.0,3388840.0,31,360,9,6,2585.0,9.2,493,0,13,411575,3389025,494,0,6,-90.2
198701,411405.0,3388840.0,31,360,9,6,2585.0,9.2,493,0,13,411535,3388985,495,0,13,-86.64
198701,411405.0,3388840.0,31,360,9,6,2585.0,9.2,493,0,13,411540,3388980,495,0,5,-88.0
198701,411405.0,3388840.0,31,360,9,6,2585.0,9.2,493,0,13,411320,3388800,493,0,13,-85.5
198701,411405.0,3388840.0,31,360,9,6,2585.0,9.2,493,0,13,411395,3388895,491,0,5,-71.5
198701,411405.0,3388840.0,31,360,9,6,2585.0,9.2,493,0,13,411400,3388950,491,0,7,-70.0
198701,411405.0,3388840.0,31,360,9,6,2585.0,9.2,493,0,13,411435,3388935,492,0,6,-72.0
198701,411405.0,3388840.0,31,360,9,6,2585.0,9.2,493,0,13,411430,3388940,492,0,7,-80.5
198701,411405.0,3388840.0,31,360,9,6,2585.0,9.2,493,0,13,411425,3388925,491,15,5,-75.5
198701,411405.0,3388840.0,31,360,9,6,2585.0,9.2,493,0,13,411390,3388900,491,0,5,-71.5
198701,411405.0,3388840.0,31,360,9,6,2585.0,9.2,493,0,13,411215,3389075,495,0,5,-82.0
198701,411405.0,3388840.0,31,360,9,6,2585.0,9.2,493,0,13,411385,3388885,491,0,13,-77.36
198701,411405.0,3388840.0,31,360,9,6,2585.0,9.2,493,0,13,411550,3388740,495,0,12,-110.5
198701,411405.0,3388840.0,31,360,9,6,2585.0,9.2,493,0,13,411370,3388920,490,0,5,-74.05
198701,411405.0,3388840.0,31,360,9,6,2585.0,9.2,493,0,13,411495,3388875,493,0,5,-84.14
198701,411405.0,3388840.0,31,360,9,6,2585.0,9.2,493,0,13,411445,3388825,495,6,5,-76.5
198701,411405.0,3388840.0,31,360,9,6,2585.0,9.2,493,0,13,411380,3388890,491,0,13,-73.73
198701,411405.0,3388840.0,31,360,9,6,2585.0,9.2,493,0,13,411365,3388905,490,0,5,-68.45
198701,411405.0,3388840.0,31,360,9,6,2585.0,9.2,493,0,13,411500,3388850,494,0,5,-90.92
198701,411405.0,3388840.0,31,360,9,6,2585.0,9.2,493,0,13,411360,3388910,490,0,5,-76.23
198701,411405.0,3388840.0,31,360,9,6,2585.0,9.2,493,0,13,411480,3388870,493,0,5,-80.78
198701,411405.0,3388840.0,31,360,9,6,2585.0,9.2,493,0,13,411235,3389055,494,0,12,-87.0
198701,411405.0,3388840.0,31,360,9,6,2585.0,9.2,493,0,13,411045,3389225,496,0,12,-100.6
198701,411405.0,3388840.0,31,360,9,6,2585.0,9.2,493,0,13,411490,3388880,493,0,5,-81.52
198701,411405.0,3388840.0,31,360,9,6,2585.0,9.2,493,0,13,411440,3388830,494,0,5,-93.63
198701,411405.0,3388840.0,31,360,9,6,2585.0,9.2,493,0,13,411450,3388840,494,0,13,-87.77
198701,411405.0,3388840.0,31,360,9,6,2585.0,9.2,493,0,13,411455,3388835,495,0,5,-87.25
198701,411405.0,3388840.0,31,360,9,6,2585.0,9.2,493,0,13,411515,3388855,493,0,6,-92.33
198701,411405.0,3388840.0,31,360,9,6,2585.0,9.2,493,0,13,411510,3388860,493,0,6,-91.83
198701,411405.0,3388840.0,31,360,9,6,2585.0,9.2,493,0,13,411485,3388865,493,0,5,-83.67
198701,411405.0,3388840.0,31,360,9,6,2585.0,9.2,493,0,13,411375,3388915,490,0,5,-69.86
198701,411405.0,3388840.0,31,360,9,6,2585.0,9.2,493,0,13,411505,3388845,494,0,5,-93.71
198701,411405.0,3388840.0,31,360,9,6,2585.0,9.2,493,0,13,411230,3389060,494,6,13,-86.0
198701,411405.0,3388840.0,31,360,9,6,2585.0,9.2,493,0,13,411240,3389110,494,0,6,-80.25
198701,411405.0,3388840.0,31,360,9,6,2585.0,9.2,493,0,13,411400,3388825,494,15,5,-98.5
198701,411405.0,3388840.0,31,360,9,6,2585.0,9.2,493,0,13,411420,3388805,494,6,13,-107.0
198701,411405.0,3388840.0,31,360,9,6,2585.0,9.2,493,0,13,411405,3388830,494,15,5,-99.33
198701,411405.0,3388840.0,31,360,9,6,2585.0,9.2,493,0,13,411235,3389020,493,0,12,-85.0
198701,411405.0,3388840.0,31,360,9,6,2585.0,9.2,493,0,13,411410,3388835,493,15,13,-95.09
198701,411405.0,3388840.0,31,360,9,6,2585.0,9.2,493,0,13,411435,3388820,494,0,5,-94.2
198701,411405.0,3388840.0,31,360,9,6,2585.0,9.2,493,0,13,411485,3388910,492,12,5,-82.5
198701,411405.0,3388840.0,31,360,9,6,2585.0,9.2,493,0,13,411360,3388865,491,0,5,-75.08
198701,411405.0,3388840.0,31,360,9,6,2585.0,9.2,493,0,13,411380,3388845,492,0,13,-85.13
198701,411405.0,3388840.0,31,360,9,6,2585.0,9.2,493,0,13,411390,3388855,492,0,5,-76.17
198701,411405.0,3388840.0,31,360,9,6,2585.0,9.2,493,0,13,411505,3388890,493,0,6,-86.79
198701,411405.0,3388840.0,31,360,9,6,2585.0,9.2,493,0,13,411500,3388885,493,0,5,-85.31
198701,411405.0,3388840.0,31,360,9,6,2585.0,9.2,493,0,13,411510,3388895,493,0,6,-85.84
198701,411405.0,3388840.0,31,360,9,6,2585.0,9.2,493,0,13,411375,3388880,491,0,13,-73.35
198701,411405.0,3388840.0,31,360,9,6,2585.0,9.2,493,0,13,411515,3388900,493,0,5,-85.9
198701,411405.0,3388840.0,31,360,9,6,2585.0,9.2,493,0,13,411495,3388920,493,0,5,-80.91
198701,411405.0,3388840.0,31,360,9,6,2585.0,9.2,493,0,13,411490,3388915,492,0,5,-84.65
198701,411405.0,3388840.0,31,360,9,6,2585.0,9.2,493,0,13,411415,3388840,493,0,13,-86.07
198701,411405.0,3388840.0,31,360,9,6,2585.0,9.2,493,0,13,411365,3388870,491,0,13,-75.53
198701,411405.0,3388840.0,31,360,9,6,2585.0,9.2,493,0,13,411370,3388875,491,0,5,-74.13
198701,411405.0,3388840.0,31,360,9,6,2585.0,9.2,493,0,13,411395,3388860,492,0,5,-76.24
198701,411405.0,3388840.0,31,360,9,6,2585.0,9.2,493,0,13,411260,3388965,492,0,6,-85.67
198701,411405.0,3388840.0,31,360,9,6,2585.0,9.2,493,0,13,411265,3388970,492,0,6,-82.0
198701,411405.0,3388840.0,31,360,9,6,2585.0,9.2,493,0,13,411430,3388815,494,0,13,-98.71
198701,411405.0,3388840.0,31,360,9,6,2585.0,9.2,493,0,13,411385,3388850,492,0,5,-81.63
198701,411405.0,3388840.0,31,360,9,6,2585.0,9.2,493,0,13,410025,3390885,498,0,7,-93.5
198701,411405.0,3388840.0,31,360,9,6,2585.0,9.2,493,0,13,411400,3389110,491,0,5,-85.5
198701,411405.0,3388840.0,31,360,9,6,2585.0,9.2,493,0,13,411255,3388955,492,0,6,-80.0
198701,411405.0,3388840.0,31,360,9,6,2585.0,9.2,493,0,13,411515,3389015,494,0,5,-95.33
198701,411405.0,3388840.0,31,360,9,6,2585.0,9.2,493,0,13,411230,3388900,491,0,12,-77.0
198701,411405.0,3388840.0,31,360,9,6,2585.0,9.2,493,0,13,411290,3388840,492,0,13,-86.67
198701,411405.0,3388840.0,31,360,9,6,2585.0,9.2,493,0,13,411510,3389020,494,0,5,-91.82
198701,411405.0,3388840.0,31,360,9,6,2585.0,9.2,493,0,13,411505,3389005,494,0,6,-85.54
198701,411405.0,3388840.0,31,360,9,6,2585.0,9.2,493,0,13,411355,3388855,492,0,5,-80.05
198701,411405.0,3388840.0,31,360,9,6,2585.0,9.2,493,0,13,411300,3388810,492,15,13,-81.1
198701,411405.0,3388840.0,31,360,9,6,2585.0,9.2,493,0,13,411485,3389025,493,0,5,-87.19
198701,411405.0,3388840.0,31,360,9,6,2585.0,9.2,493,0,13,411490,3389040,492,0,5,-88.42
198701,411405.0,3388840.0,31,360,9,6,2585.0,9.2,493,0,13,411275,3388935,491,0,6,-79.8
198701,411405.0,3388840.0,31,360,9,6,2585.0,9.2,493,0,13,411270,3388940,491,0,6,-78.15
198701,411405.0,3388840.0,31,360,9,6,2585.0,9.2,493,0,13,411310,3388820,492,0,5,-81.58
198701,411405.0,3388840.0,31,360,9,6,2585.0,9.2,493,0,13,411315,3388815,492,0,13,-91.75
198701,411405.0,3388840.0,31,360,9,6,2585.0,9.2,493,0,13,411235,3388895,491,0,12,-72.9
198701,411405.0,3388840.0,31,360,9,6,2585.0,9.2,493,0,13,411280,3388830,492,0,6,-90.79
198701,411405.0,3388840.0,31,360,9,6,2585.0,9.2,493,0,13,411335,3388875,491,0,5,-76.75
198701,411405.0,3388840.0,31,360,9,6,2585.0,9.2,493,0,13,411325,3388865,491,0,13,-75.29
198701,411405.0,3388840.0,31,360,9,6,2585.0,9.2,493,0,13,411320,3388870,491,0,13,-74.37
198701,411405.0,3388840.0,31,360,9,6,2585.0,9.2,493,0,13,411330,3388880,491,0,5,-76.69
198701,411405.0,3388840.0,31,360,9,6,2585.0,9.2,493,0,13,411350,3388860,492,0,13,-78.18
198701,411405.0,3388840.0,31,360,9,6,2585.0,9.2,493,0,13,411345,3388845,492,0,5,-83.55
198701,411405.0,3388840.0,31,360,9,6,2585.0,9.2,493,0,13,411250,3388960,492,0,6,-78.0
198701,411405.0,3388840.0,31,360,9,6,2585.0,9.2,493,0,13,411245,3388945,492,0,6,-68.5
198701,411405.0,3388840.0,31,360,9,6,2585.0,9.2,493,0,13,411265,3388925,491,0,6,-80.86
198701,411405.0,3388840.0,31,360,9,6,2585.0,9.2,493,0,13,411295,3388835,492,0,5,-71.8
198701,411405.0,3388840.0,31,360,9,6,2585.0,9.2,493,0,13,411305,3388805,493,15,13,-82.0
198701,411405.0,3388840.0,31,360,9,6,2585.0,9.2,493,0,13,411495,3389035,493,0,6,-87.03
198701,411405.0,3388840.0,31,360,9,6,2585.0,9.2,493,0,13,411285,3388825,492,0,5,-88.69
198701,411405.0,3388840.0,31,360,9,6,2585.0,9.2,493,0,13,411225,3388885,492,0,5,-77.71
198701,411405.0,3388840.0,31,360,9,6,2585.0,9.2,493,0,13,411220,3388890,492,0,5,-78.94
198701,411405.0,3388840.0,31,360,9,6,2585.0,9.2,493,0,13,411500,3389010,494,0,6,-86.73
198701,411405.0,3388840.0,31,360,9,6,2585.0,9.2,493,0,13,411260,3388930,491,0,7,-81.83
198701,411405.0,3388840.0,31,360,9,6,2585.0,9.2,493,0,13,411340,3388850,492,0,13,-81.73
198701,411405.0,3388840.0,31,360,9,6,2585.0,9.2,493,0,13,411705,3388725,495,21,5,-114.5
198701,411405.0,3388840.0,31,360,9,6,2585.0,9.2,493,0,13,410820,3388650,492,117,10,-99.5
198701,411405.0,3388840.0,31,360,9,6,2585.0,9.2,493,0,13,410835,3388655,492,117,10,-102.5
198701,411405.0,3388840.0,31,360,9,6,2585.0,9.2,493,0,13,411340,3389175,492,6,5,-89.0
198701,411405.0,3388840.0,31,360,9,6,2585.0,9.2,493,0,13,411330,3389185,492,0,5,-85.67
198701,411405.0,3388840.0,31,360,9,6,2585.0,9.2,493,0,13,411455,3389310,494,0,5,-95.5
198701,411405.0,3388840.0,31,360,9,6,2585.0,9.2,493,0,13,411450,3389305,494,0,5,-97.0
198701,411405.0,3388840.0,31,360,9,6,2585.0,9.2,493,0,13,411445,3389320,493,0,5,-98.5
198701,411405.0,3388840.0,31,360,9,6,2585.0,9.2,493,0,13,411595,3388975,495,0,5,-91.5
198701,411405.0,3388840.0,31,360,9,6,2585.0,9.2,493,0,13,411540,3389010,495,0,5,-87.2
198701,411405.0,3388840.0,31,360,9,6,2585.0,9.2,493,0,13,411580,3388970,495,0,5,-92.5
198701,411405.0,3388840.0,31,360,9,6,2585.0,9.2,493,0,13,411570,3389000,495,0,5,-85.8
198701,411405.0,3388840.0,31,360,9,6,2585.0,9.2,493,0,13,411280,3388790,493,0,6,-92.39
198701,411405.0,3388840.0,31,360,9,6,2585.0,9.2,493,0,13,411545,3389005,495,0,12,-85.4
198701,411405.0,3388840.0,31,360,9,6,2585.0,9.2,493,0,13,411590,3388980,495,0,5,-90.0
198701,411405.0,3388840.0,31,360,9,6,2585.0,9.2,493,0,13,411255,3388675,493,0,6,-97.0
198701,411405.0,3388840.0,31,360,9,6,2585.0,9.2,493,0,13,411250,3388680,493,0,5,-105.0
198701,411405.0,3388840.0,31,360,9,6,2585.0,9.2,493,0,13,411285,3388785,493,0,5,-91.14
198701,411405.0,3388840.0,31,360,9,6,2585.0,9.2,493,0,13,411395,3388535,490,0,5,-112.83
198701,411405.0,3388840.0,31,360,9,6,2585.0,9.2,493,0,13,411390,3388540,490,0,5,-116.75
198701,411405.0,3388840.0,31,360,9,6,2585.0,9.2,493,0,13,411290,3388800,493,6,13,-85.17
198701,411405.0,3388840.0,31,360,9,6,2585.0,9.2,493,0,13,411585,3388965,495,0,5,-96.0
198701,411405.0,3388840.0,31,360,9,6,2585.0,9.2,493,0,13,411575,3388995,495,0,5,-107.5
198701,411405.0,3388840.0,31,360,9,6,2585.0,9.2,493,0,13,411295,3388795,493,0,5,-96.67
198701,411405.0,3388840.0,31,360,9,6,2585.0,9.2,493,0,13,411565,3388985,495,0,5,-85.08
198701,411405.0,3388840.0,31,360,9,6,2585.0,9.2,493,0,13,411550,3389020,494,0,5,-85.83
198701,411405.0,3388840.0,31,360,9,6,2585.0,9.2,493,0,13,411560,3388990,495,0,12,-85.87
198701,411405.0,3388840.0,31,360,9,6,2585.0,9.2,493,0,13,411555,3389015,495,0,5,-86.0
198701,411405.0,3388840.0,31,360,9,6,2585.0,9.2,493,0,13,410035,3390875,498,0,7,-85.0
198701,411405.0,3388840.0,31,360,9,6,2585.0,9.2,493,0,13,410060,3390865,499,0,5,-92.5
198701,411405.0,3388840.0,31,360,9,6,2585.0,9.2,493,0,13,411290,3388965,491,0,5,-82.67
198701,411405.0,3388840.0,31,360,9,6,2585.0,9.2,493,0,13,411360,3388895,490,0,5,-71.5
198701,411405.0,3388840.0,31,360,9,6,2585.0,9.2,493,0,13,411490,3388845,494,0,5,-91.67
198701,411405.0,3388840.0,31,360,9,6,2585.0,9.2,493,0,13,411225,3389080,495,21,6,-78.5
198701,411405.0,3388840.0,31,360,9,6,2585.0,9.2,493,0,13,411230,3389065,494,6,13,-88.0
198701,411405.0,3388840.0,31,360,9,6,2585.0,9.2,493,0,13,411460,3388835,495,0,5,-85.5
198701,411405.0,3388840.0,31,360,9,6,2585.0,9.2,493,0,13,411390,3388905,491,0,5,-70.6
198701,411405.0,3388840.0,31,360,9,6,2585.0,9.2,493,0,13,411070,3389225,497,0,5,-94.67
198701,411405.0,3388840.0,31,360,9,6,2585.0,9.2,493,0,13,411510,3388865,493,0,6,-90.6
198701,411405.0,3388840.0,31,360,9,6,2585.0,9.2,493,0,13,411440,3388815,494,6,13,-104.86
198701,411405.0,3388840.0,31,360,9,6,2585.0,9.2,493,0,13,411445,3388820,495,6,5,-90.67
198701,411405.0,3388840.0,31,360,9,6,2585.0,9.2,493,0,13,411400,3388935,491,0,5,-88.33
198701,411405.0,3388840.0,31,360,9,6,2585.0,9.2,493,0,13,411375,3388890,491,0,13,-72.5
198701,411405.0,3388840.0,31,360,9,6,2585.0,9.2,493,0,13,411500,3388875,493,0,5,-87.77
198701,411405.0,3388840.0,31,360,9,6,2585.0,9.2,493,0,13,411240,3389095,494,0,6,-80.13
198701,411405.0,3388840.0,31,360,9,6,2585.0,9.2,493,0,13,411380,3388915,490,0,5,-66.44
198701,411405.0,3388840.0,31,360,9,6,2585.0,9.2,493,0,13,411495,3388850,494,0,5,-93.0
198701,411405.0,3388840.0,31,360,9,6,2585.0,9.2,493,0,13,411485,3388860,493,0,5,-80.4
198701,411405.0,3388840.0,31,360,9,6,2585.0,9.2,493,0,13,411255,3389090,494,0,6,-78.0
198701,411405.0,3388840.0,31,360,9,6,2585.0,9.2,493,0,13,411245,3389100,494,0,6,-88.5
198701,411405.0,3388840.0,31,360,9,6,2585.0,9.2,493,0,13,411515,3388870,493,0,6,-88.67
198701,411405.0,3388840.0,31,360,9,6,2585.0,9.2,493,0,13,411505,3388880,493,0,6,-89.16
198701,411405.0,3388840.0,31,360,9,6,2585.0,9.2,493,0,13,411370,3388885,491,0,13,-75.18
198701,411405.0,3388840.0,31,360,9,6,2585.0,9.2,493,0,13,411250,3389085,494,0,6,-89.0
198701,411405.0,3388840.0,31,360,9,6,2585.0,9.2,493,0,13,411235,3389070,494,0,12,-81.5
198701,411405.0,3388840.0,31,360,9,6,2585.0,9.2,493,0,13,411385,3388920,490,0,5,-70.38
198701,411405.0,3388840.0,31,360,9,6,2585.0,9.2,493,0,13,411365,3388900,490,0,5,-72.67
198701,411405.0,3388840.0,31,360,9,6,2585.0,9.2,493,0,13,411480,3388855,494,0,5,-83.83
198701,411405.0,3388840.0,31,360,9,6,2585.0,9.2,493,0,13,411355,3389030,490,6,13,-84.5
198701,411405.0,3388840.0,31,360,9,6,2585.0,9.2,493,0,13,411415,3388930,491,0,6,-77.5
198701,411405.0,3388840.0,31,360,9,6,2585.0,9.2,493,0,13,411605,3388960,495,0,12,-99.8
198701,411405.0,3388840.0,31,360,9,6,2585.0,9.2,493,0,13,411610,3388945,495,0,5,-105.0
198701,411405.0,3388840.0,31,360,9,6,2585.0,9.2,493,0,13,411600,3388955,495,0,5,-103.0
198701,411405.0,3388840.0,31,360,9,6,2585.0,9.2,493,0,13,411440,3388795,494,6,13,-100.5
198701,411405.0,3388840.0,31,360,9,6,2585.0,9.2,493,0,13,411520,3388875,493,0,5,-85.83
198701,411405.0,3388840.0,31,360,9,6,2585.0,9.2,493,0,13,411635,3388930,496,0,5,-114.5
198701,411405.0,3388840.0,31,360,9,6,2585.0,9.2,493,0,13,411615,3388950,495,0,5,-106.5
198701,411405.0,3388840.0,31,360,9,6,2585.0,9.2,493,0,13,411500,3388735,493,0,5,-105.0
198701,411405.0,3388840.0,31,360,9,6,2585.0,9.2,493,0,13,411420,3388830,494,15,5,-99.0
198701,411405.0,3388840.0,31,360,9,6,2585.0,9.2,493,0,13,411360,3388850,492,0,5,-83.67
198701,411405.0,3388840.0,31,360,9,6,2585.0,9.2,493,0,13,411400,3388810,494,6,13,-99.25
198701,411405.0,3388840.0,31,360,9,6,2585.0,9.2,493,0,13,411225,3389025,493,0,13,-88.89
198701,411405.0,3388840.0,31,360,9,6,2585.0,9.2,493,0,13,411490,3388900,493,0,5,-83.11
198701,411405.0,3388840.0,31,360,9,6,2585.0,9.2,493,0,13,411380,3388870,492,0,5,-73.27
198701,411405.0,3388840.0,31,360,9,6,2585.0,9.2,493,0,13,411510,3388920,493,0,6,-79.94
198701,411405.0,3388840.0,31,360,9,6,2585.0,9.2,493,0,13,411230,3389040,494,21,12,-81.0
198701,411405.0,3388840.0,31,360,9,6,2585.0,9.2,493,0,13,411365,3388845,492,0,13,-84.9
198701,411405.0,3388840.0,31,360,9,6,2585.0,9.2,493,0,13,411375,3388855,492,0,5,-79.57
198701,411405.0,3388840.0,31,360,9,6,2585.0,9.2,493,0,13,411480,3388890,493,0,5,-77.25
198701,411405.0,3388840.0,31,360,9,6,2585.0,9.2,493,0,13,411495,3388895,493,0,5,-85.29
198701,411405.0,3388840.0,31,360,9,6,2585.0,9.2,493,0,13,411485,3388885,493,0,5,-81.93
198701,411405.0,3388840.0,31,360,9,6,2585.0,9.2,493,0,13,411505,3388905,493,0,6,-82.87
198701,411405.0,3388840.0,31,360,9,6,2585.0,9.2,493,0,13,411500,3388910,492,0,5,-82.31
198701,411405.0,3388840.0,31,360,9,6,2585.0,9.2,493,0,13,411435,3388835,494,0,13,-90.25
198701,411405.0,3388840.0,31,360,9,6,2585.0,9.2,493,0,13,411410,3388820,494,0,5,-108.89
198701,411405.0,3388840.0,31,360,9,6,2585.0,9.2,493,0,13,411390,3388880,491,0,13,-73.65
198701,411405.0,3388840.0,31,360,9,6,2585.0,9.2,493,0,13,411395,3388875,492,0,5,-74.03
198701,411405.0,3388840.0,31,360,9,6,2585.0,9.2,493,0,13,411515,3388915,493,0,5,-81.61
198701,411405.0,3388840.0,31,360,9,6,2585.0,9.2,493,0,13,411250,3388980,492,0,6,-80.5
198701,411405.0,3388840.0,31,360,9,6,2585.0,9.2,493,0,13,411385,3388865,492,0,5,-73.61
198701,411405.0,3388840.0,31,360,9,6,2585.0,9.2,493,0,13,411415,3388815,494,0,13,-104.0
198701,411405.0,3388840.0,31,360,9,6,2585.0,9.2,493,0,13,411430,3388840,494,0,13,-91.25
198701,411405.0,3388840.0,31,360,9,6,2585.0,9.2,493,0,13,411370,3388860,492,0,5,-76.5
198701,411405.0,3388840.0,31,360,9,6,2585.0,9.2,493,0,13,411255,3388975,492,0,6,-79.0
198701,411405.0,3388840.0,31,360,9,6,2585.0,9.2,493,0,13,411235,3389035,494,0,12,-88.33
198701,411405.0,3388840.0,31,360,9,6,2585.0,9.2,493,0,13,411425,3388825,494,15,5,-94.6
198701,411405.0,3388840.0,31,360,9,6,2585.0,9.2,493,0,13,411405,3388785,493,6,13,-101.0
198701,411405.0,3388840.0,31,360,9,6,2585.0,9.2,493,0,13,411520,3388910,493,0,5,-85.2
198701,411405.0,3388840.0,31,360,9,6,2585.0,9.2,493,0,13,411565,3388945,494,0,5,-95.0
198701,411405.0,3388840.0,31,360,9,6,2585.0,9.2,493,0,13,411525,3388905,493,6,12,-82.5
198701,411405.0,3388840.0,31,360,9,6,2585.0,9.2,493,0,13,411570,3388960,494,0,5,-95.0
198701,411405.0,3388840.0,31,360,9,6,2585.0,9.2,493,0,13,411400,3388790,493,6,5,-119.0
198701,411405.0,3388840.0,31,360,9,6,2585.0,9.2,493,0,13,411410,3388800,494,6,13,-107.0
198701,411405.0,3388840.0,31,360,9,6,2585.0,9.2,493,0,13,411575,3388955,495,0,5,-97.25
198701,411405.0,3388840.0,31,360,9,6,2585.0,9.2,493,0,13,411450,3389290,494,0,5,-94.67
198701,411405.0,3388840.0,31,360,9,6,2585.0,9.2,493,0,13,411440,3389300,493,0,5,-96.0
198701,411405.0,3388840.0,31,360,9,6,2585.0,9.2,493,0,13,411455,3389285,494,0,5,-96.5
198701,411405.0,3388840.0,31,360,9,6,2585.0,9.2,493,0,13,411510,3388780,494,0,6,-102.75
198701,411405.0,3388840.0,31,360,9,6,2585.0,9.2,493,0,13,411515,3388775,494,0,6,-108.1
198701,411405.0,3388840.0,31,360,9,6,2585.0,9.2,493,0,13,411505,3388765,494,0,5,-97.86
198701,411405.0,3388840.0,31,360,9,6,2585.0,9.2,493,0,13,411495,3388795,494,0,5,-99.5
198701,411405.0,3388840.0,31,360,9,6,2585.0,9.2,493,0,13,411520,3388830,493,0,5,-96.5
198701,411405.0,3388840.0,31,360,9,6,2585.0,9.2,493,0,13,411530,3388855,493,21,5,-87.5
198701,411405.0,3388840.0,31,360,9,6,2585.0,9.2,493,0,13,411615,3388940,496,0,5,-106.0
198701,411405.0,3388840.0,31,360,9,6,2585.0,9.2,493,0,13,411610,3388935,496,0,12,-105.0
198701,411405.0,3388840.0,31,360,9,6,2585.0,9.2,493,0,13,411265,3388510,500,0,5,-102.0
198701,411405.0,3388840.0,31,360,9,6,2585.0,9.2,493,0,13,411620,3388945,496,0,5,-107.25
198701,411405.0,3388840.0,31,360,9,6,2585.0,9.2,493,0,13,411630,3388955,495,0,5,-108.0
198701,411405.0,3388840.0,31,360,9,6,2585.0,9.2,493,0,13,410065,3390855,499,18,5,-87.5
198701,411405.0,3388840.0,31,360,9,6,2585.0,9.2,493,0,13,411360,3388905,490,0,5,-69.5
198701,411405.0,3388840.0,31,360,9,6,2585.0,9.2,493,0,13,411395,3388900,491,0,5,-64.5
198701,411405.0,3388840.0,31,360,9,6,2585.0,9.2,493,0,13,411430,3388935,492,0,6,-75.5
198701,411405.0,3388840.0,31,360,9,6,2585.0,9.2,493,0,13,411425,3388930,491,0,6,-70.0
198701,411405.0,3388840.0,31,360,9,6,2585.0,9.2,493,0,13,411390,3388895,491,0,5,-64.5
198701,411405.0,3388840.0,31,360,9,6,2585.0,9.2,493,0,13,411405,3388950,491,0,7,-83.5
198701,411405.0,3388840.0,31,360,9,6,2585.0,9.2,493,0,13,411220,3389045,494,0,5,-82.0
198701,411405.0,3388840.0,31,360,9,6,2585.0,9.2,493,0,13,411230,3389055,494,0,12,-89.5
198701,411405.0,3388840.0,31,360,9,6,2585.0,9.2,493,0,13,411495,3388880,493,0,5,-83.62
198701,411405.0,3388840.0,31,360,9,6,2585.0,9.2,493,0,13,411480,3388865,493,0,5,-82.17
198701,411405.0,3388840.0,31,360,9,6,2585.0,9.2,493,0,13,411260,3389085,494,0,6,-85.0
198701,411405.0,3388840.0,31,360,9,6,2585.0,9.2,493,0,13,411385,3388890,491,0,13,-73.43
198701,411405.0,3388840.0,31,360,9,6,2585.0,9.2,493,0,13,411500,3388845,494,0,5,-93.5
198701,411405.0,3388840.0,31,360,9,6,2585.0,9.2,493,0,13,411380,3388885,491,0,13,-72.11
198701,411405.0,3388840.0,31,360,9,6,2585.0,9.2,493,0,13,411245,3389110,494,0,6,-83.0
198701,411405.0,3388840.0,31,360,9,6,2585.0,9.2,493,0,13,411510,3388855,493,0,6,-91.0
198701,411405.0,3388840.0,31,360,9,6,2585.0,9.2,493,0,13,411240,3389105,494,0,6,-82.5
198701,411405.0,3388840.0,31,360,9,6,2585.0,9.2,493,0,13,411375,3388920,490,0,5,-72.09
198701,411405.0,3388840.0,31,360,9,6,2585.0,9.2,493,0,13,411485,3388870,493,0,5,-79.02
198701,411405.0,3388840.0,31,360,9,6,2585.0,9.2,493,0,13,411505,3388850,493,0,5,-91.16
198701,411405.0,3388840.0,31,360,9,6,2585.0,9.2,493,0,13,411450,3388835,494,6,5,-90.0
198701,411405.0,3388840.0,31,360,9,6,2585.0,9.2,493,0,13,411455,3388840,494,0,13,-86.23
198701,411405.0,3388840.0,31,360,9,6,2585.0,9.2,493,0,13,411255,3389120,494,0,6,-82.5
198701,411405.0,3388840.0,31,360,9,6,2585.0,9.2,493,0,13,411515,3388860,493,0,6,-90.13
198701,411405.0,3388840.0,31,360,9,6,2585.0,9.2,493,0,13,411490,3388875,493,0,5,-84.01
198701,411405.0,3388840.0,31,360,9,6,2585.0,9.2,493,0,13,411445,3388830,494,0,5,-91.8
198701,411405.0,3388840.0,31,360,9,6,2585.0,9.2,493,0,13,411440,3388825,495,6,5,-98.5
198701,411405.0,3388840.0,31,360,9,6,2585.0,9.2,493,0,13,411370,3388915,490,0,5,-71.19
198701,411405.0,3388840.0,31,360,9,6,2585.0,9.2,493,0,13,411235,3389060,494,0,12,-85.75
198701,411405.0,3388840.0,31,360,9,6,2585.0,9.2,493,0,13,411400,3388945,491,0,7,-71.75
198701,411405.0,3388840.0,31,360,9,6,2585.0,9.2,493,0,13,411365,3388910,490,0,5,-70.29
198701,411405.0,3388840.0,31,360,9,6,2585.0,9.2,493,0,13,411035,3389115,498,0,12,-91.25
198701,411405.0,3388840.0,31,360,9,6,2585.0,9.2,493,0,13,411120,3388985,493,0,5,-91.0
198701,411405.0,3388840.0,31,360,9,6,2585.0,9.2,493,0,13,411335,3389200,492,0,5,-93.5
198701,411405.0,3388840.0,31,360,9,6,2585.0,9.2,493,0,13,411460,3389285,494,0,5,-91.0
198701,411405.0,3388840.0,31,360,9,6,2585.0,9.2,493,0,13,411445,3389310,493,0,5,-98.5
198701,411405.0,3388840.0,31,360,9,6,2585.0,9.2,493,0,13,411230,3388870,492,0,12,-71.25
198701,411405.0,3388840.0,31,360,9,6,2585.0,9.2,493,0,13,411025,3389235,496,9,5,-96.0
198701,411405.0,3388840.0,31,360,9,6,2585.0,9.2,493,0,13,411415,3388965,491,0,5,-66.5
198701,411405.0,3388840.0,31,360,9,6,2585.0,9.2,493,0,13,411340,3388920,490,6,5,-111.5
198701,411405.0,3388840.0,31,360,9,6,2585.0,9.2,493,0,13,411335,3388885,491,0,5,-76.6
198701,411405.0,3388840.0,31,360,9,6,2585.0,9.2,493,0,13,411485,3389055,492,0,5,-91.0
198701,411405.0,3388840.0,31,360,9,6,2585.0,9.2,493,0,13,411320,3388900,490,0,5,-67.0
198701,411405.0,3388840.0,31,360,9,6,2585.0,9.2,493,0,13,411490,3389050,492,0,5,-90.73
198701,411405.0,3388840.0,31,360,9,6,2585.0,9.2,493,0,13,411270,3388830,492,0,6,-89.07
198701,411405.0,3388840.0,31,360,9,6,2585.0,9.2,493,0,13,411505,3389075,492,0,6,-92.38
198701,411405.0,3388840.0,31,360,9,6,2585.0,9.2,493,0,13,411240,3388820,493,0,5,-93.16
198701,411405.0,3388840.0,31,360,9,6,2585.0,9.2,493,0,13,411280,3388940,491,0,5,-76.12
198701,411405.0,3388840.0,31,360,9,6,2585.0,9.2,493,0,13,411250,3388810,493,0,6,-90.42
198701,411405.0,3388840.0,31,360,9,6,2585.0,9.2,493,0,13,411245,3388815,493,0,5,-85.82
198701,411405.0,3388840.0,31,360,9,6,2585.0,9.2,493,0,13,411330,3388890,491,0,5,-81.13
198701,411405.0,3388840.0,31,360,9,6,2585.0,9.2,493,0,13,411235,3388865,492,0,12,-68.6
198701,411405.0,3388840.0,31,360,9,6,2585.0,9.2,493,0,13,411255,3388805,493,0,6,-91.32
198701,411405.0,3388840.0,31,360,9,6,2585.0,9.2,493,0,13,411265,3388835,492,0,7,-88.56
198701,411405.0,3388840.0,31,360,9,6,2585.0,9.2,493,0,13,411225,3388875,492,21,5,-82.4
198701,411405.0,3388840.0,31,360,9,6,2585.0,9.2,493,0,13,411220,3388880,492,0,5,-80.61
198701,411405.0,3388840.0,31,360,9,6,2585.0,9.2,493,0,13,411495,3389045,492,0,6,-90.78
198701,411405.0,3388840.0,31,360,9,6,2585.0,9.2,493,0,13,411275,3388825,492,0,6,-87.96
198701,411405.0,3388840.0,31,360,9,6,2585.0,9.2,493,0,13,411500,3389080,492,0,6,-94.11
198701,411405.0,3388840.0,31,360,9,6,2585.0,9.2,493,0,13,411260,3388840,492,0,6,-82.68
198701,411405.0,3388840.0,31,360,9,6,2585.0,9.2,493,0,13,411345,3388915,490,6,5,-70.71
198701,411405.0,3388840.0,31,360,9,6,2585.0,9.2,493,0,13,411350,3388910,490,0,5,-76.57
198701,411405.0,3388840.0,31,360,9,6,2585.0,9.2,493,0,13,411325,3388895,490,0,5,-74.83
198701,411405.0,3388840.0,31,360,9,6,2585.0,9.2,493,0,13,411355,3388905,490,0,5,-68.43
198701,411405.0,3388840.0,31,360,9,6,2585.0,9.2,493,0,13,411035,3389225,496,18,12,-105.0
198701,411405.0,3388840.0,31,360,9,6,2585.0,9.2,493,0,13,411215,3388845,492,21,12,-90.0
198701,411405.0,3388840.0,31,360,9,6,2585.0,9.2,493,0,13,411700,3388720,494,21,5,-110.0
198701,411405.0,3388840.0,31,360,9,6,2585.0,9.2,493,0,13,411560,3388965,494,0,12,-89.5
198701,411405.0,3388840.0,31,360,9,6,2585.0,9.2,493,0,13,411590,3388995,494,0,5,-86.0
198701,411405.0,3388840.0,31,360,9,6,2585.0,9.2,493,0,13,411310,3388795,493,0,5,-83.25
198701,411405.0,3388840.0,31,360,9,6,2585.0,9.2,493,0,13,411300,3388785,493,15,12,-94.0
198701,411405.0,3388840.0,31,360,9,6,2585.0,9.2,493,0,13,411530,3389015,494,0,5,-84.67
198701,411405.0,3388840.0,31,360,9,6,2585.0,9.2,493,0,13,411290,3388775,493,0,5,-88.57
198701,411405.0,3388840.0,31,360,9,6,2585.0,9.2,493,0,13,411380,3388545,490,0,5,-102.0
198701,411405.0,3388840.0,31,360,9,6,2585.0,9.2,493,0,13,411275,3388680,493,0,6,-96.0
198701,411405.0,3388840.0,31,360,9,6,2585.0,9.2,493,0,13,411280,3388765,493,0,6,-90.78
198701,411405.0,3388840.0,31,360,9,6,2585.0,9.2,493,0,13,411385,3388550,490,0,5,-127.0
198701,411405.0,3388840.0,31,360,9,6,2585.0,9.2,493,0,13,411255,3388660,493,0,6,-92.5
198701,411405.0,3388840.0,31,360,9,6,2585.0,9.2,493,0,13,411575,3388980,495,0,5,-88.38
198701,411405.0,3388840.0,31,360,9,6,2585.0,9.2,493,0,13,411285,3388770,493,0,5,-96.33
198701,411405.0,3388840.0,31,360,9,6,2585.0,9.2,493,0,13,411570,3388975,495,0,5,-85.54
198701,411405.0,3388840.0,31,360,9,6,2585.0,9.2,493,0,13,411525,3389010,494,0,13,-93.5
198701,411405.0,3388840.0,31,360,9,6,2585.0,9.2,493,0,13,411295,3388780,493,6,12,-95.5
198701,411405.0,3388840.0,31,360,9,6,2585.0,9.2,493,0,13,411520,3389005,494,0,13,-82.83
198701,411405.0,3388840.0,31,360,9,6,2585.0,9.2,493,0,13,411580,3388985,495,0,5,-91.5
198701,411405.0,3388840.0,31,360,9,6,2585.0,9.2,493,0,13,411585,3388990,495,0,5,-95.6
198701,411405.0,3388840.0,31,360,9,6,2585.0,9.2,493,0,13,411165,3388870,493,0,5,-82.0
198701,411405.0,3388840.0,31,360,9,6,2585.0,9.2,493,0,13,411170,3388875,493,0,5,-87.43
198701,411405.0,3388840.0,31,360,9,6,2585.0,9.2,493,0,13,411185,3388850,493,0,5,-91.5
198701,411405.0,3388840.0,31,360,9,6,2585.0,9.2,493,0,13,411175,3388880,493,0,5,-84.59
198701,411405.0,3388840.0,31,360,9,6,2585.0,9.2,493,0,13,411190,3388870,493,21,12,-81.0
198701,411405.0,3388840.0,31,360,9,6,2585.0,9.2,493,0,13,411165,3388855,493,0,13,-104.67
198701,411405.0,3388840.0,31,360,9,6,2585.0,9.2,493,0,13,411185,3388875,492,0,5,-87.29
198701,411405.0,3388840.0,31,360,9,6,2585.0,9.2,493,0,13,411195,3388865,493,21,12,-73.5
198701,411405.0,3388840.0,31,360,9,6,2585.0,9.2,493,0,13,411180,3388880,492,0,5,-86.63
198701,411405.0,3388840.0,31,360,9,6,2585.0,9.2,493,0,13,411375,3389025,490,0,7,-86.5
198701,411405.0,3388840.0,31,360,9,6,2585.0,9.2,493,0,13,411280,3388960,491,0,5,-79.5
198701,411405.0,3388840.0,31,360,9,6,2585.0,9.2,493,0,13,411290,3388950,491,0,5,-81.8
198701,411405.0,3388840.0,31,360,9,6,2585.0,9.2,493,0,13,411210,3388870,492,21,12,-80.5
198701,411405.0,3388840.0,31,360,9,6,2585.0,9.2,493,0,13,411365,3389035,490,0,5,-80.5
198701,411405.0,3388840.0,31,360,9,6,2585.0,9.2,493,0,13,411345,3388895,490,0,5,-78.29
198701,411405.0,3388840.0,31,360,9,6,2585.0,9.2,493,0,13,411205,3388875,492,21,5,-85.0
198701,411405.0,3388840.0,31,360,9,6,2585.0,9.2,493,0,13,411500,3389060,492,0,6,-91.54
198701,411405.0,3388840.0,31,360,9,6,2585.0,9.2,493,0,13,411485,3389075,491,0,5,-91.0
198701,411405.0,3388840.0,31,360,9,6,2585.0,9.2,493,0,13,411265,3388815,492,0,7,-93.45
198701,411405.0,3388840.0,31,360,9,6,2585.0,9.2,493,0,13,411240,3388840,492,0,5,-84.67
198701,411405.0,3388840.0,31,360,9,6,2585.0,9.2,493,0,13,411270,3388810,492,0,6,-90.19
198701,411405.0,3388840.0,31,360,9,6,2585.0,9.2,493,0,13,411335,3388905,490,0,5,-69.27
198701,411405.0,3388840.0,31,360,9,6,2585.0,9.2,493,0,13,411350,3388890,491,0,13,-72.0
198701,411405.0,3388840.0,31,360,9,6,2585.0,9.2,493,0,13,411340,3388900,490,0,5,-81.11
198701,411405.0,3388840.0,31,360,9,6,2585.0,9.2,493,0,13,411495,3389065,492,0,6,-93.56
198701,411405.0,3388840.0,31,360,9,6,2585.0,9.2,493,0,13,411250,3388830,492,0,6,-82.31
198701,411405.0,3388840.0,31,360,9,6,2585.0,9.2,493,0,13,411200,3388880,492,0,5,-83.38
198701,411405.0,3388840.0,31,360,9,6,2585.0,9.2,493,0,13,411275,3388805,492,0,6,-90.46
198701,411405.0,3388840.0,31,360,9,6,2585.0,9.2,493,0,13,411245,3388835,492,0,5,-82.26
198701,411405.0,3388840.0,31,360,9,6,2585.0,9.2,493,0,13,411260,3388820,492,0,6,-87.95
198701,411405.0,3388840.0,31,360,9,6,2585.0,9.2,493,0,13,411255,3388825,492,0,6,-87.99
198701,411405.0,3388840.0,31,360,9,6,2585.0,9.2,493,0,13,411230,3388850,492,21,12,-73.0
198701,411405.0,3388840.0,31,360,9,6,2585.0,9.2,493,0,13,411510,3389050,493,0,5,-91.6
198701,411405.0,3388840.0,31,360,9,6,2585.0,9.2,493,0,13,411355,3388885,491,0,13,-73.38
198701,411405.0,3388840.0,31,360,9,6,2585.0,9.2,493,0,13,411320,3388920,490,6,5,-73.0
198701,411405.0,3388840.0,31,360,9,6,2585.0,9.2,493,0,13,411490,3389070,492,0,5,-91.86
198701,411405.0,3388840.0,31,360,9,6,2585.0,9.2,493,0,13,411215,3388865,492,21,12,-75.5
198701,411405.0,3388840.0,31,360,9,6,2585.0,9.2,493,0,13,411235,3388845,492,21,12,-83.25
198701,411405.0,3388840.0,31,360,9,6,2585.0,9.2,493,0,13,411505,3389055,492,0,6,-92.3
198701,411405.0,3388840.0,31,360,9,6,2585.0,9.2,493,0,13,411500,3388795,494,0,5,-101.33
198701,411405.0,3388840.0,31,360,9,6,2585.0,9.2,493,0,13,411505,3388800,494,0,5,-99.18
198701,411405.0,3388840.0,31,360,9,6,2585.0,9.2,493,0,13,411510,3388785,494,0,6,-101.64
198701,411405.0,3388840.0,31,360,9,6,2585.0,9.2,493,0,13,411515,3388790,494,0,6,-95.5
198701,411405.0,3388840.0,31,360,9,6,2585.0,9.2,493,0,13,411495,3388790,494,0,5,-101.0
198701,411405.0,3388840.0,31,360,9,6,2585.0,9.2,493,0,13,411525,3388840,493,0,5,-95.0
198701,411405.0,3388840.0,31,360,9,6,2585.0,9.2,493,0,13,411500,3388775,494,0,5,-102.4
198701,411405.0,3388840.0,31,360,9,6,2585.0,9.2,493,0,13,411520,3388835,493,0,5,-92.0
198701,411405.0,3388840.0,31,360,9,6,2585.0,9.2,493,0,13,411505,3388780,494,0,5,-104.29
198701,411405.0,3388840.0,31,360,9,6,2585.0,9.2,493,0,13,411510,3388765,494,0,5,-101.67
198701,411405.0,3388840.0,31,360,9,6,2585.0,9.2,493,0,13,411515,3388770,494,0,6,-100.5
198701,411405.0,3388840.0,31,360,9,6,2585.0,9.2,493,0,13,411640,3388925,496,0,5,-98.0
198701,411405.0,3388840.0,31,360,9,6,2585.0,9.2,493,0,13,411505,3388790,494,0,5,-101.83
198701,411405.0,3388840.0,31,360,9,6,2585.0,9.2,493,0,13,411510,3388795,494,0,6,-102.5
198701,411405.0,3388840.0,31,360,9,6,2585.0,9.2,493,0,13,411515,3388800,494,0,6,-98.2
198701,411405.0,3388840.0,31,360,9,6,2585.0,9.2,493,0,13,411520,3388805,494,0,5,-102.0
198701,411405.0,3388840.0,31,360,9,6,2585.0,9.2,493,0,13,411500,3388785,494,0,5,-123.33
198701,411405.0,3388840.0,31,360,9,6,2585.0,9.2,493,0,13,411220,3388920,492,0,5,-97.0
198701,411405.0,3388840.0,31,360,9,6,2585.0,9.2,493,0,13,411250,3388930,491,0,6,-76.25
198701,411405.0,3388840.0,31,360,9,6,2585.0,9.2,493,0,13,411235,3388905,491,0,12,-74.67
198701,411405.0,3388840.0,31,360,9,6,2585.0,9.2,493,0,13,411210,3388890,492,21,5,-76.6
198701,411405.0,3388840.0,31,360,9,6,2585.0,9.2,493,0,13,411315,3388825,492,0,13,-82.29
198701,411405.0,3388840.0,31,360,9,6,2585.0,9.2,493,0,13,411335,3388845,492,0,13,-79.0
198701,411405.0,3388840.0,31,360,9,6,2585.0,9.2,493,0,13,411295,3388805,492,0,5,-100.33
198701,411405.0,3388840.0,31,360,9,6,2585.0,9.2,493,0,13,411245,3388935,491,0,6,-74.0
198701,411405.0,3388840.0,31,360,9,6,2585.0,9.2,493,0,13,411265,3388955,491,0,6,-78.0
198701,411405.0,3388840.0,31,360,9,6,2585.0,9.2,493,0,13,411485,3389015,493,0,5,-90.33
198701,411405.0,3388840.0,31,360,9,6,2585.0,9.2,493,0,13,411500,3389040,493,0,6,-89.19
198701,411405.0,3388840.0,31,360,9,6,2585.0,9.2,493,0,13,411505,3389035,493,0,6,-91.62
198701,411405.0,3388840.0,31,360,9,6,2585.0,9.2,493,0,13,411690,3388730,494,0,5,-109.4
198701,411405.0,3388840.0,31,360,9,6,2585.0,9.2,493,0,13,411270,3388950,491,0,6,-79.73
198701,411405.0,3388840.0,31,360,9,6,2585.0,9.2,493,0,13,411275,3388945,491,0,6,-77.9
198701,411405.0,3388840.0,31,360,9,6,2585.0,9.2,493,0,13,411280,3388820,492,0,6,-89.5
198701,411405.0,3388840.0,31,360,9,6,2585.0,9.2,493,0,13,411300,3388840,492,0,13,-83.64
198701,411405.0,3388840.0,31,360,9,6,2585.0,9.2,493,0,13,411305,3388835,492,0,13,-80.0
198701,411405.0,3388840.0,31,360,9,6,2585.0,9.2,493,0,13,411285,3388815,492,0,5,-87.4
198701,411405.0,3388840.0,31,360,9,6,2585.0,9.2,493,0,13,411290,3388810,492,6,13,-83.25
198701,411405.0,3388840.0,31,360,9,6,2585.0,9.2,493,0,13,411330,3388850,492,0,5,-75.89
198701,411405.0,3388840.0,31,360,9,6,2585.0,9.2,493,0,13,411345,3388875,491,0,13,-75.16
198701,411405.0,3388840.0,31,360,9,6,2585.0,9.2,493,0,13,411355,3388865,491,0,5,-76.42
198701,411405.0,3388840.0,31,360,9,6,2585.0,9.2,493,0,13,411350,3388870,491,0,13,-75.83
198701,411405.0,3388840.0,31,360,9,6,2585.0,9.2,493,0,13,411325,3388855,492,0,5,-74.75
198701,411405.0,3388840.0,31,360,9,6,2585.0,9.2,493,0,13,411340,3388880,491,0,13,-76.0
198701,411405.0,3388840.0,31,360,9,6,2585.0,9.2,493,0,13,411320,3388860,491,0,13,-76.39
198701,411405.0,3388840.0,31,360,9,6,2585.0,9.2,493,0,13,411020,3389200,496,0,5,-94.67
198701,411405.0,3388840.0,31,360,9,6,2585.0,9.2,493,0,13,411510,3389030,493,0,6,-90.0
198701,411405.0,3388840.0,31,360,9,6,2585.0,9.2,493,0,13,411495,3389005,494,0,5,-86.21
198701,411405.0,3388840.0,31,360,9,6,2585.0,9.2,493,0,13,411490,3389010,493,0,5,-84.69
198701,411405.0,3388840.0,31,360,9,6,2585.0,9.2,493,0,13,411230,3388910,491,0,12,-74.75
198701,411405.0,3388840.0,31,360,9,6,2585.0,9.2,493,0,13,411260,3388960,492,0,7,-75.0
198701,411405.0,3388840.0,31,360,9,6,2585.0,9.2,493,0,13,411255,3388925,491,0,6,-77.29
198701,411405.0,3388840.0,31,360,9,6,2585.0,9.2,493,0,13,411515,3389025,494,0,5,-92.0
198701,411405.0,3388840.0,31,360,9,6,2585.0,9.2,493,0,13,411310,3388830,492,0,5,-80.0
198701,411405.0,3388840.0,31,360,9,6,2585.0,9.2,493,0,13,411215,3388885,492,0,5,-85.81
198701,411405.0,3388840.0,31,360,9,6,2585.0,9.2,493,0,13,411305,3388795,493,15,5,-90.67
198701,411405.0,3388840.0,31,360,9,6,2585.0,9.2,493,0,13,411565,3388975,495,0,5,-86.22
198701,411405.0,3388840.0,31,360,9,6,2585.0,9.2,493,0,13,411560,3388980,495,0,12,-83.88
198701,411405.0,3388840.0,31,360,9,6,2585.0,9.2,493,0,13,411365,3388535,491,0,12,-109.0
198701,411405.0,3388840.0,31,360,9,6,2585.0,9.2,493,0,13,411530,3389010,494,0,13,-89.3
198701,411405.0,3388840.0,31,360,9,6,2585.0,9.2,493,0,13,411580,3389000,495,21,5,-88.0
198701,411405.0,3388840.0,31,360,9,6,2585.0,9.2,493,0,13,411570,3388970,495,0,5,-88.82
198701,411405.0,3388840.0,31,360,9,6,2585.0,9.2,493,0,13,411535,3389005,495,0,13,-86.0
198701,411405.0,3388840.0,31,360,9,6,2585.0,9.2,493,0,13,411385,3388555,490,0,5,-109.67
198701,411405.0,3388840.0,31,360,9,6,2585.0,9.2,493,0,13,411260,3388680,493,0,6,-91.67
198701,411405.0,3388840.0,31,360,9,6,2585.0,9.2,493,0,13,411265,3388675,493,0,6,-105.5
198701,411405.0,3388840.0,31,360,9,6,2585.0,9.2,493,0,13,411290,3388770,493,6,5,-91.33
198701,411405.0,3388840.0,31,360,9,6,2585.0,9.2,493,0,13,411295,3388765,493,0,12,-84.75
198701,411405.0,3388840.0,31,360,9,6,2585.0,9.2,493,0,13,411285,3388775,493,0,5,-91.81
198701,411405.0,3388840.0,31,360,9,6,2585.0,9.2,493,0,13,411280,3388780,493,0,6,-92.38
198701,411405.0,3388840.0,31,360,9,6,2585.0,9.2,493,0,13,411390,3388550,490,0,12,-110.0
198701,411405.0,3388840.0,31,360,9,6,2585.0,9.2,493,0,13,411555,3389025,494,0,5,-85.0
198701,411405.0,3388840.0,31,360,9,6,2585.0,9.2,493,0,13,411590,3388990,495,0,5,-95.42
198701,411405.0,3388840.0,31,360,9,6,2585.0,9.2,493,0,13,411315,3388785,493,6,13,-111.0
198701,411405.0,3388840.0,31,360,9,6,2585.0,9.2,493,0,13,411420,3388825,494,15,5,-93.67
198701,411405.0,3388840.0,31,360,9,6,2585.0,9.2,493,0,13,411670,3388755,494,21,6,-112.0
198701,411405.0,3388840.0,31,360,9,6,2585.0,9.2,493,0,13,411365,3388850,492,0,5,-83.44
198701,411405.0,3388840.0,31,360,9,6,2585.0,9.2,493,0,13,411255,3388980,492,0,6,-71.0
198701,411405.0,3388840.0,31,360,9,6,2585.0,9.2,493,0,13,411400,3388805,493,6,13,-92.33
198701,411405.0,3388840.0,31,360,9,6,2585.0,9.2,493,0,13,411410,3388815,494,0,13,-98.25
198701,411405.0,3388840.0,31,360,9,6,2585.0,9.2,493,0,13,411235,3389040,494,0,12,-81.0
198701,411405.0,3388840.0,31,360,9,6,2585.0,9.2,493,0,13,411485,3388890,493,0,5,-82.5
198701,411405.0,3388840.0,31,360,9,6,2585.0,9.2,493,0,13,411490,3388895,493,0,5,-89.8
198701,411405.0,3388840.0,31,360,9,6,2585.0,9.2,493,0,13,411515,3388920,493,0,5,-80.82
198701,411405.0,3388840.0,31,360,9,6,2585.0,9.2,493,0,13,411425,3388830,494,15,5,-91.0
198701,411405.0,3388840.0,31,360,9,6,2585.0,9.2,493,0,13,411430,3388835,494,0,5,-90.38
198701,411405.0,3388840.0,31,360,9,6,2585.0,9.2,493,0,13,411435,3388840,494,0,13,-87.47
198701,411405.0,3388840.0,31,360,9,6,2585.0,9.2,493,0,13,411500,3388905,493,0,5,-83.38
198701,411405.0,3388840.0,31,360,9,6,2585.0,9.2,493,0,13,411510,3388915,493,0,6,-81.66
198701,411405.0,3388840.0,31,360,9,6,2585.0,9.2,493,0,13,411395,3388880,492,0,13,-76.04
198701,411405.0,3388840.0,31,360,9,6,2585.0,9.2,493,0,13,411390,3388875,492,0,5,-73.55
198701,411405.0,3388840.0,31,360,9,6,2585.0,9.2,493,0,13,411385,3388870,492,0,5,-72.98
198701,411405.0,3388840.0,31,360,9,6,2585.0,9.2,493,0,13,411495,3388900,493,0,5,-83.47
198701,411405.0,3388840.0,31,360,9,6,2585.0,9.2,493,0,13,411480,3388885,493,0,5,-77.32
198701,411405.0,3388840.0,31,360,9,6,2585.0,9.2,493,0,13,411505,3388910,493,0,6,-82.7
198701,411405.0,3388840.0,31,360,9,6,2585.0,9.2,493,0,13,411370,3388855,492,0,5,-75.36
198701,411405.0,3388840.0,31,360,9,6,2585.0,9.2,493,0,13,411380,3388865,492,0,5,-74.05
198701,411405.0,3388840.0,31,360,9,6,2585.0,9.2,493,0,13,411265,3388990,492,0,6,-85.0
198701,411405.0,3388840.0,31,360,9,6,2585.0,9.2,493,0,13,411250,3388975,492,0,6,-79.75
198701,411405.0,3388840.0,31,360,9,6,2585.0,9.2,493,0,13,411405,3388810,494,6,13,-100.5
198701,411405.0,3388840.0,31,360,9,6,2585.0,9.2,493,0,13,411375,3388860,492,0,5,-74.82
198701,411405.0,3388840.0,31,360,9,6,2585.0,9.2,493,0,13,411360,3388845,492,0,13,-89.56
198701,411405.0,3388840.0,31,360,9,6,2585.0,9.2,493,0,13,411415,3388820,494,0,5,-107.0
198701,411405.0,3388840.0,31,360,9,6,2585.0,9.2,493,0,13,411230,3389035,494,21,13,-93.5
198701,411405.0,3388840.0,31,360,9,6,2585.0,9.2,493,0,13,411605,3389025,495,0,5,-91.86
198701,411405.0,3388840.0,31,360,9,6,2585.0,9.2,493,0,13,411600,3389030,495,0,5,-97.33
198701,411405.0,3388840.0,31,360,9,6,2585.0,9.2,493,0,13,411245,3388745,493,0,6,-91.5
198701,411405.0,3388840.0,31,360,9,6,2585.0,9.2,493,0,13,411230,3388780,493,21,12,-87.33
198701,411405.0,3388840.0,31,360,9,6,2585.0,9.2,493,0,13,411365,3388625,492,0,5,-108.0
198701,411405.0,3388840.0,31,360,9,6,2585.0,9.2,493,0,13,411255,3388755,493,0,6,-90.97
198701,411405.0,3388840.0,31,360,9,6,2585.0,9.2,493,0,13,411270,3388740,494,0,6,-92.83
198701,411405.0,3388840.0,31,360,9,6,2585.0,9.2,493,0,13,411260,3388730,493,0,6,-95.75
198701,411405.0,3388840.0,31,360,9,6,2585.0,9.2,493,0,13,411265,3388725,493,0,6,-104.0
198701,411405.0,3388840.0,31,360,9,6,2585.0,9.2,493,0,13,411285,3388705,494,0,5,-95.4
198701,411405.0,3388840.0,31,360,9,6,2585.0,9.2,493,0,13,411250,3388760,493,0,6,-91.68
198701,411405.0,3388840.0,31,360,9,6,2585.0,9.2,493,0,13,411520,3389110,493,0,12,-90.0
198701,411405.0,3388840.0,31,360,9,6,2585.0,9.2,493,0,13,411635,3389015,495,0,5,-102.0
198701,411405.0,3388840.0,31,360,9,6,2585.0,9.2,493,0,13,411610,3389040,495,0,12,-95.67
198701,411405.0,3388840.0,31,360,9,6,2585.0,9.2,493,0,13,411235,3388775,493,0,5,-90.5
198701,411405.0,3388840.0,31,360,9,6,2585.0,9.2,493,0,13,411240,3388750,493,21,6,-92.5
198701,411405.0,3388840.0,31,360,9,6,2585.0,9.2,493,0,13,411215,3388795,493,0,5,-118.5
198701,411405.0,3388840.0,31,360,9,6,2585.0,9.2,493,0,13,411615,3389035,495,0,5,-96.0
198701,411405.0,3388840.0,31,360,9,6,2585.0,9.2,493,0,13,411290,3388895,490,0,5,-70.75
198701,411405.0,3388840.0,31,360,9,6,2585.0,9.2,493,0,13,411335,3388940,490,0,7,-87.5
198701,411405.0,3388840.0,31,360,9,6,2585.0,9.2,493,0,13,411310,3388915,490,0,5,-73.0
198701,411405.0,3388840.0,31,360,9,6,2585.0,9.2,493,0,13,411305,3388910,490,0,5,-92.0
198701,411405.0,3388840.0,31,360,9,6,2585.0,9.2,493,0,13,411330,3388935,490,6,5,-91.33
198701,411405.0,3388840.0,31,360,9,6,2585.0,9.2,493,0,13,411365,3388970,490,0,5,-82.33
198701,411405.0,3388840.0,31,360,9,6,2585.0,9.2,493,0,13,411300,3388905,490,0,5,-76.0
198701,411405.0,3388840.0,31,360,9,6,2585.0,9.2,493,0,13,411230,3388835,492,0,5,-85.4
198701,411405.0,3388840.0,31,360,9,6,2585.0,9.2,493,0,13,411515,3389120,493,0,5,-87.0
198701,411405.0,3388840.0,31,360,9,6,2585.0,9.2,493,0,13,411240,3388845,492,0,12,-79.19
198701,411405.0,3388840.0,31,360,9,6,2585.0,9.2,493,0,13,411505,3389110,492,0,6,-90.5
198701,411405.0,3388840.0,31,360,9,6,2585.0,9.2,493,0,13,411245,3388850,492,0,5,-75.31
198701,411405.0,3388840.0,31,360,9,6,2585.0,9.2,493,0,13,411340,3388945,490,0,7,-82.0
198701,411405.0,3388840.0,31,360,9,6,2585.0,9.2,493,0,13,411270,3388875,491,0,6,-77.11
198701,411405.0,3388840.0,31,360,9,6,2585.0,9.2,493,0,13,411250,3388855,492,0,6,-77.03
198701,411405.0,3388840.0,31,360,9,6,2585.0,9.2,493,0,13,411255,3388860,492,0,6,-80.1
198701,411405.0,3388840.0,31,360,9,6,2585.0,9.2,493,0,13,411280,3388885,491,0,5,-77.09
198701,411405.0,3388840.0,31,360,9,6,2585.0,9.2,493,0,13,411260,3388865,491,0,6,-79.74
198701,411405.0,3388840.0,31,360,9,6,2585.0,9.2,493,0,13,411295,3388900,490,0,5,-75.5
198701,411405.0,3388840.0,31,360,9,6,2585.0,9.2,493,0,13,411275,3388880,491,0,6,-75.76
198701,411405.0,3388840.0,31,360,9,6,2585.0,9.2,493,0,13,411265,3388870,491,0,6,-78.59
198701,411405.0,3388840.0,31,360,9,6,2585.0,9.2,493,0,13,411235,3388840,492,21,5,-79.5
198701,411405.0,3388840.0,31,360,9,6,2585.0,9.2,493,0,13,411510,3389115,492,0,5,-95.5
198701,411405.0,3388840.0,31,360,9,6,2585.0,9.2,493,0,13,411285,3388890,490,0,5,-78.1
198701,411405.0,3388840.0,31,360,9,6,2585.0,9.2,493,0,13,411325,3388930,490,0,6,-69.67
198701,411405.0,3388840.0,31,360,9,6,2585.0,9.2,493,0,13,411495,3389100,492,0,6,-88.71
198701,411405.0,3388840.0,31,360,9,6,2585.0,9.2,493,0,13,411500,3389105,492,0,6,-91.5
198701,411405.0,3388840.0,31,360,9,6,2585.0,9.2,493,0,13,411010,3389255,496,0,6,-95.5
198701,411405.0,3388840.0,31,360,9,6,2585.0,9.2,493,0,13,411005,3389250,496,0,6,-103.5
198701,411405.0,3388840.0,31,360,9,6,2585.0,9.2,493,0,13,411425,3388805,494,0,13,-87.5
198701,411405.0,3388840.0,31,360,9,6,2585.0,9.2,493,0,13,411430,3388820,494,0,5,-90.25
198701,411405.0,3388840.0,31,360,9,6,2585.0,9.2,493,0,13,411420,3388810,494,6,13,-112.5
198701,411405.0,3388840.0,31,360,9,6,2585.0,9.2,493,0,13,411260,3388970,492,0,6,-84.0
198701,411405.0,3388840.0,31,360,9,6,2585.0,9.2,493,0,13,411405,3388825,494,15,5,-99.29
198701,411405.0,3388840.0,31,360,9,6,2585.0,9.2,493,0,13,411370,3388880,491,0,13,-74.06
198701,411405.0,3388840.0,31,360,9,6,2585.0,9.2,493,0,13,411435,3388815,494,0,13,-111.0
198701,411405.0,3388840.0,31,360,9,6,2585.0,9.2,493,0,13,411515,3388895,493,0,5,-87.54
198701,411405.0,3388840.0,31,360,9,6,2585.0,9.2,493,0,13,411415,3388835,494,15,5,-93.5
198701,411405.0,3388840.0,31,360,9,6,2585.0,9.2,493,0,13,411500,3388890,493,0,5,-85.02
198701,411405.0,3388840.0,31,360,9,6,2585.0,9.2,493,0,13,411410,3388840,493,0,13,-87.88
198701,411405.0,3388840.0,31,360,9,6,2585.0,9.2,493,0,13,411490,3388920,493,0,5,-82.46
198701,411405.0,3388840.0,31,360,9,6,2585.0,9.2,493,0,13,411360,3388870,491,0,5,-75.11
198701,411405.0,3388840.0,31,360,9,6,2585.0,9.2,493,0,13,411375,3388875,491,0,5,-74.62
198701,411405.0,3388840.0,31,360,9,6,2585.0,9.2,493,0,13,411495,3388915,493,0,5,-81.63
198701,411405.0,3388840.0,31,360,9,6,2585.0,9.2,493,0,13,411385,3388845,493,0,13,-81.0
198701,411405.0,3388840.0,31,360,9,6,2585.0,9.2,493,0,13,411510,3388900,493,0,6,-85.09
198701,411405.0,3388840.0,31,360,9,6,2585.0,9.2,493,0,13,411505,3388885,493,0,6,-86.64
198701,411405.0,3388840.0,31,360,9,6,2585.0,9.2,493,0,13,411395,3388855,492,0,5,-77.57
198701,411405.0,3388840.0,31,360,9,6,2585.0,9.2,493,0,13,411365,3388865,492,0,13,-75.1
198701,411405.0,3388840.0,31,360,9,6,2585.0,9.2,493,0,13,411055,3389195,497,0,5,-92.0
198701,411405.0,3388840.0,31,360,9,6,2585.0,9.2,493,0,13,411380,3388850,492,0,5,-77.33
198701,411405.0,3388840.0,31,360,9,6,2585.0,9.2,493,0,13,411485,3388905,492,12,5,-83.88
198701,411405.0,3388840.0,31,360,9,6,2585.0,9.2,493,0,13,411390,3388860,492,0,13,-74.9
198701,411405.0,3388840.0,31,360,9,6,2585.0,9.2,493,0,13,411255,3388995,492,0,6,-85.0
198701,411405.0,3388840.0,31,360,9,6,2585.0,9.2,493,0,13,411400,3388830,493,15,5,-92.0
198701,411405.0,3388840.0,31,360,9,6,2585.0,9.2,493,0,13,411535,3388980,494,0,13,-85.0
198701,411405.0,3388840.0,31,360,9,6,2585.0,9.2,493,0,13,411520,3388965,494,0,13,-82.0
198701,411405.0,3388840.0,31,360,9,6,2585.0,9.2,493,0,13,411525,3388970,494,0,13,-79.0
198701,411405.0,3388840.0,31,360,9,6,2585.0,9.2,493,0,13,411570,3389015,495,0,5,-91.64
198701,411405.0,3388840.0,31,360,9,6,2585.0,9.2,493,0,13,411400,3388525,490,0,12,-110.2
198701,411405.0,3388840.0,31,360,9,6,2585.0,9.2,493,0,13,411435,3388560,491,0,5,-118.0
198701,411405.0,3388840.0,31,360,9,6,2585.0,9.2,493,0,13,411595,3389040,495,0,5,-95.33
198701,411405.0,3388840.0,31,360,9,6,2585.0,9.2,493,0,13,411270,3388715,493,0,6,-96.0
198701,411405.0,3388840.0,31,360,9,6,2585.0,9.2,493,0,13,411585,3389030,494,0,5,-96.55
198701,411405.0,3388840.0,31,360,9,6,2585.0,9.2,493,0,13,411610,3389055,495,21,5,-98.5
198701,411405.0,3388840.0,31,360,9,6,2585.0,9.2,493,0,13,411555,3389000,495,0,12,-89.22
198701,411405.0,3388840.0,31,360,9,6,2585.0,9.2,493,0,13,411565,3389010,495,0,5,-88.08
198701,411405.0,3388840.0,31,360,9,6,2585.0,9.2,493,0,13,411250,3388695,493,0,5,-93.13
198701,411405.0,3388840.0,31,360,9,6,2585.0,9.2,493,0,13,411255,3388700,493,0,6,-105.75
198701,411405.0,3388840.0,31,360,9,6,2585.0,9.2,493,0,13,411290,3388735,494,6,5,-90.0
198701,411405.0,3388840.0,31,360,9,6,2585.0,9.2,493,0,13,411410,3388535,491,0,5,-104.5
198701,411405.0,3388840.0,31,360,9,6,2585.0,9.2,493,0,13,411265,3388710,493,0,6,-102.8
198701,411405.0,3388840.0,31,360,9,6,2585.0,9.2,493,0,13,411545,3388990,495,0,12,-86.41
198701,411405.0,3388840.0,31,360,9,6,2585.0,9.2,493,0,13,411405,3388530,490,0,5,-103.5
198701,411405.0,3388840.0,31,360,9,6,2585.0,9.2,493,0,13,411275,3388720,494,0,6,-92.75
198701,411405.0,3388840.0,31,360,9,6,2585.0,9.2,493,0,13,411260,3388705,493,0,6,-90.71
198701,411405.0,3388840.0,31,360,9,6,2585.0,9.2,493,0,13,411550,3388995,495,0,12,-87.0
198701,411405.0,3388840.0,31,360,9,6,2585.0,9.2,493,0,13,411285,3388730,494,0,5,-89.8
198701,411405.0,3388840.0,31,360,9,6,2585.0,9.2,493,0,13,411480,3388605,492,0,6,-119.0
198701,411405.0,3388840.0,31,360,9,6,2585.0,9.2,493,0,13,411240,3388685,493,0,5,-94.0
198701,411405.0,3388840.0,31,360,9,6,2585.0,9.2,493,0,13,411280,3388725,494,0,6,-91.17
198701,411405.0,3388840.0,31,360,9,6,2585.0,9.2,493,0,13,411245,3388690,493,0,5,-102.71
198701,411405.0,3388840.0,31,360,9,6,2585.0,9.2,493,0,13,411415,3388540,491,0,5,-124.5
198701,411405.0,3388840.0,31,360,9,6,2585.0,9.2,493,0,13,411530,3388975,494,0,13,-83.33
198701,411405.0,3388840.0,31,360,9,6,2585.0,9.2,493,0,13,411560,3389005,495,0,12,-87.83
198701,411405.0,3388840.0,31,360,9,6,2585.0,9.2,493,0,13,411580,3389025,494,0,6,-94.24
198701,411405.0,3388840.0,31,360,9,6,2585.0,9.2,493,0,13,411295,3388740,494,6,12,-90.33
198701,411405.0,3388840.0,31,360,9,6,2585.0,9.2,493,0,13,411600,3389045,495,0,5,-95.6
198701,411405.0,3388840.0,31,360,9,6,2585.0,9.2,493,0,13,411590,3389035,495,0,5,-97.07
198701,411405.0,3388840.0,31,360,9,6,2585.0,9.2,493,0,13,411540,3388985,495,0,5,-88.57
198701,411405.0,3388840.0,31,360,9,6,2585.0,9.2,493,0,13,411605,3389050,495,0,5,-99.25
198701,411405.0,3388840.0,31,360,9,6,2585.0,9.2,493,0,13,411575,3389020,494,0,5,-93.82
198701,411405.0,3388840.0,31,360,9,6,2585.0,9.2,493,0,13,411350,3388795,493,0,5,-97.25
198701,411405.0,3388840.0,31,360,9,6,2585.0,9.2,493,0,13,411355,3388800,493,0,13,-99.5
198701,411405.0,3388840.0,31,360,9,6,2585.0,9.2,493,0,13,411245,3388915,491,0,6,-74.0
198701,411405.0,3388840.0,31,360,9,6,2585.0,9.2,493,0,13,411340,3388820,493,15,5,-91.0
198701,411405.0,3388840.0,31,360,9,6,2585.0,9.2,493,0,13,411345,3388815,493,0,5,-91.64
198701,411405.0,3388840.0,31,360,9,6,2585.0,9.2,493,0,13,411495,3388985,494,0,5,-84.69
198701,411405.0,3388840.0,31,360,9,6,2585.0,9.2,493,0,13,411265,3388895,491,0,6,-84.12
198701,411405.0,3388840.0,31,360,9,6,2585.0,9.2,493,0,13,411305,3388855,491,0,13,-76.84
198701,411405.0,3388840.0,31,360,9,6,2585.0,9.2,493,0,13,411310,3388850,492,0,5,-78.76
198701,411405.0,3388840.0,31,360,9,6,2585.0,9.2,493,0,13,411030,3389130,498,0,5,-100.5
198701,411405.0,3388840.0,31,360,9,6,2585.0,9.2,493,0,13,411035,3389125,498,0,12,-93.0
198701,411405.0,3388840.0,31,360,9,6,2585.0,9.2,493,0,13,411025,3389135,498,0,5,-94.67
198701,411405.0,3388840.0,31,360,9,6,2585.0,9.2,493,0,13,411300,3388860,491,0,13,-79.93
198701,411405.0,3388840.0,31,360,9,6,2585.0,9.2,493,0,13,411250,3388910,491,0,6,-77.33
198701,411405.0,3388840.0,31,360,9,6,2585.0,9.2,493,0,13,411290,3388870,491,0,13,-75.35
198701,411405.0,3388840.0,31,360,9,6,2585.0,9.2,493,0,13,411330,3388830,492,0,5,-99.11
198701,411405.0,3388840.0,31,360,9,6,2585.0,9.2,493,0,13,411500,3388980,494,0,6,-84.62
198701,411405.0,3388840.0,31,360,9,6,2585.0,9.2,493,0,13,411275,3388885,491,0,6,-77.45
198701,411405.0,3388840.0,31,360,9,6,2585.0,9.2,493,0,13,411280,3388880,491,0,5,-76.13
198701,411405.0,3388840.0,31,360,9,6,2585.0,9.2,493,0,13,411510,3388970,494,0,6,-82.63
198701,411405.0,3388840.0,31,360,9,6,2585.0,9.2,493,0,13,411285,3388875,491,0,5,-73.41
198701,411405.0,3388840.0,31,360,9,6,2585.0,9.2,493,0,13,411505,3388975,494,0,6,-83.48
198701,411405.0,3388840.0,31,360,9,6,2585.0,9.2,493,0,13,411325,3388835,492,0,13,-90.2
198701,411405.0,3388840.0,31,360,9,6,2585.0,9.2,493,0,13,411270,3388890,491,0,6,-79.75
198701,411405.0,3388840.0,31,360,9,6,2585.0,9.2,493,0,13,411315,3388845,492,0,13,-80.09
198701,411405.0,3388840.0,31,360,9,6,2585.0,9.2,493,0,13,411255,3388905,491,0,6,-77.0
198701,411405.0,3388840.0,31,360,9,6,2585.0,9.2,493,0,13,411260,3388900,491,0,7,-82.3
198701,411405.0,3388840.0,31,360,9,6,2585.0,9.2,493,0,13,411295,3388865,491,0,5,-78.28
198701,411405.0,3388840.0,31,360,9,6,2585.0,9.2,493,0,13,411320,3388840,492,0,13,-79.55
198701,411405.0,3388840.0,31,360,9,6,2585.0,9.2,493,0,13,411240,3388920,491,0,5,-79.33
198701,411405.0,3388840.0,31,360,9,6,2585.0,9.2,493,0,13,411350,3388810,493,6,5,-91.75
198701,411405.0,3388840.0,31,360,9,6,2585.0,9.2,493,0,13,411475,3389005,493,0,13,-92.0
198701,411405.0,3388840.0,31,360,9,6,2585.0,9.2,493,0,13,411490,3388990,494,0,5,-84.21
198701,411405.0,3388840.0,31,360,9,6,2585.0,9.2,493,0,13,411355,3388805,493,0,13,-99.71
198701,411405.0,3388840.0,31,360,9,6,2585.0,9.2,493,0,13,411335,3388825,493,0,13,-88.25
198701,411405.0,3388840.0,31,360,9,6,2585.0,9.2,493,0,13,411515,3388965,494,0,5,-80.0
198701,411405.0,3388840.0,31,360,9,6,2585.0,9.2,493,0,13,411485,3388995,494,0,5,-85.1
198701,411405.0,3388840.0,31,360,9,6,2585.0,9.2,493,0,13,411480,3389000,493,0,13,-87.33
198701,411405.0,3388840.0,31,360,9,6,2585.0,9.2,493,0,13,411460,3388825,495,6,5,-108.0
198701,411405.0,3388840.0,31,360,9,6,2585.0,9.2,493,0,13,411415,3388940,491,0,7,-67.0
198701,411405.0,3388840.0,31,360,9,6,2585.0,9.2,493,0,13,411425,3388950,492,0,7,-76.0
198701,411405.0,3388840.0,31,360,9,6,2585.0,9.2,493,0,13,411455,3388820,495,6,5,-88.0
198701,411405.0,3388840.0,31,360,9,6,2585.0,9.2,493,0,13,411400,3388925,491,0,6,-79.67
198701,411405.0,3388840.0,31,360,9,6,2585.0,9.2,493,0,13,411380,3388905,490,0,5,-68.13
198701,411405.0,3388840.0,31,360,9,6,2585.0,9.2,493,0,13,411405,3388930,491,0,6,-80.0
198701,411405.0,3388840.0,31,360,9,6,2585.0,9.2,493,0,13,411545,3388750,495,0,12,-117.5
198701,411405.0,3388840.0,31,360,9,6,2585.0,9.2,493,0,13,411395,3388920,491,15,5,-73.0
198701,411405.0,3388840.0,31,360,9,6,2585.0,9.2,493,0,13,411440,3388805,494,0,13,-100.0
198701,411405.0,3388840.0,31,360,9,6,2585.0,9.2,493,0,13,411230,3389075,495,0,5,-79.6
198701,411405.0,3388840.0,31,360,9,6,2585.0,9.2,493,0,13,411515,3388880,493,0,5,-87.91
198701,411405.0,3388840.0,31,360,9,6,2585.0,9.2,493,0,13,411390,3388915,490,15,5,-70.14
198701,411405.0,3388840.0,31,360,9,6,2585.0,9.2,493,0,13,411365,3388890,491,0,13,-75.5
198701,411405.0,3388840.0,31,360,9,6,2585.0,9.2,493,0,13,411500,3388865,493,0,5,-88.04
198701,411405.0,3388840.0,31,360,9,6,2585.0,9.2,493,0,13,411370,3388895,491,0,5,-65.83
198701,411405.0,3388840.0,31,360,9,6,2585.0,9.2,493,0,13,411505,3388870,493,0,5,-88.09
198701,411405.0,3388840.0,31,360,9,6,2585.0,9.2,493,0,13,411245,3389090,494,0,6,-83.6
198701,411405.0,3388840.0,31,360,9,6,2585.0,9.2,493,0,13,411485,3388850,494,0,5,-93.0
198701,411405.0,3388840.0,31,360,9,6,2585.0,9.2,493,0,13,411510,3388875,493,0,6,-89.04
198701,411405.0,3388840.0,31,360,9,6,2585.0,9.2,493,0,13,411240,3389085,495,0,6,-79.11
198701,411405.0,3388840.0,31,360,9,6,2585.0,9.2,493,0,13,411495,3388860,493,0,5,-85.69
198701,411405.0,3388840.0,31,360,9,6,2585.0,9.2,493,0,13,411235,3389080,495,0,6,-80.69
198701,411405.0,3388840.0,31,360,9,6,2585.0,9.2,493,0,13,411490,3388855,494,0,5,-89.6
198701,411405.0,3388840.0,31,360,9,6,2585.0,9.2,493,0,13,411450,3388815,495,6,13,-102.5
198701,411405.0,3388840.0,31,360,9,6,2585.0,9.2,493,0,13,411445,3388810,494,6,5,-87.25
198701,411405.0,3388840.0,31,360,9,6,2585.0,9.2,493,0,13,411060,3389225,497,0,5,-91.0
198701,411405.0,3388840.0,31,360,9,6,2585.0,9.2,493,0,13,411435,3388960,492,0,5,-83.5
198701,411405.0,3388840.0,31,360,9,6,2585.0,9.2,493,0,13,411375,3388900,490,0,5,-74.7
198701,411405.0,3388840.0,31,360,9,6,2585.0,9.2,493,0,13,411360,3388885,491,0,13,-74.56
198701,411405.0,3388840.0,31,360,9,6,2585.0,9.2,493,0,13,411385,3388910,490,0,5,-70.2
198701,411405.0,3388840.0,31,360,9,6,2585.0,9.2,493,0,13,411480,3388845,494,0,5,-88.67
198701,411405.0,3388840.0,31,360,9,6,2585.0,9.2,493,0,13,411195,3388700,492,0,5,-99.0
198701,411405.0,3388840.0,31,360,9,6,2585.0,9.2,493,0,13,411320,3388835,492,0,13,-79.0
198701,411405.0,3388840.0,31,360,9,6,2585.0,9.2,493,0,13,411315,3388850,492,0,5,-84.17
198701,411405.0,3388840.0,31,360,9,6,2585.0,9.2,493,0,13,411480,3388995,493,0,13,-84.86
198701,411405.0,3388840.0,31,360,9,6,2585.0,9.2,493,0,13,411340,3388815,493,0,5,-85.29
198701,411405.0,3388840.0,31,360,9,6,2585.0,9.2,493,0,13,411240,3388915,491,0,5,-79.0
198701,411405.0,3388840.0,31,360,9,6,2585.0,9.2,493,0,13,411485,3389000,494,0,5,-86.12
198701,411405.0,3388840.0,31,360,9,6,2585.0,9.2,493,0,13,411495,3388990,494,0,5,-86.25
198701,411405.0,3388840.0,31,360,9,6,2585.0,9.2,493,0,13,411355,3388810,493,0,13,-98.5
198701,411405.0,3388840.0,31,360,9,6,2585.0,9.2,493,0,13,411260,3388895,491,0,7,-77.13
198701,411405.0,3388840.0,31,360,9,6,2585.0,9.2,493,0,13,411035,3389130,498,0,5,-100.5
198701,411405.0,3388840.0,31,360,9,6,2585.0,9.2,493,0,13,411030,3389125,498,0,12,-97.0
198701,411405.0,3388840.0,31,360,9,6,2585.0,9.2,493,0,13,411490,3388985,494,0,5,-83.67
198701,411405.0,3388840.0,31,360,9,6,2585.0,9.2,493,0,13,411265,3388900,491,0,6,-79.64
198701,411405.0,3388840.0,31,360,9,6,2585.0,9.2,493,0,13,411510,3388965,494,0,6,-80.31
198701,411405.0,3388840.0,31,360,9,6,2585.0,9.2,493,0,13,411330,3388825,492,0,5,-93.0
198701,411405.0,3388840.0,31,360,9,6,2585.0,9.2,493,0,13,411270,3388885,491,0,6,-75.36
198701,411405.0,3388840.0,31,360,9,6,2585.0,9.2,493,0,13,411285,3388880,491,0,5,-75.16
198701,411405.0,3388840.0,31,360,9,6,2585.0,9.2,493,0,13,411500,3388975,494,0,6,-82.17
198701,411405.0,3388840.0,31,360,9,6,2585.0,9.2,493,0,13,411275,3388890,491,0,6,-79.01
198701,411405.0,3388840.0,31,360,9,6,2585.0,9.2,493,0,13,411280,3388875,491,0,5,-74.78
198701,411405.0,3388840.0,31,360,9,6,2585.0,9.2,493,0,13,411300,3388855,491,0,13,-78.78
198701,411405.0,3388840.0,31,360,9,6,2585.0,9.2,493,0,13,411290,3388865,491,0,13,-79.12
198701,411405.0,3388840.0,31,360,9,6,2585.0,9.2,493,0,13,411505,3388980,494,0,6,-83.54
198701,411405.0,3388840.0,31,360,9,6,2585.0,9.2,493,0,13,411295,3388870,491,0,5,-77.18
198701,411405.0,3388840.0,31,360,9,6,2585.0,9.2,493,0,13,411310,3388845,492,0,13,-78.85
198701,411405.0,3388840.0,31,360,9,6,2585.0,9.2,493,0,13,411255,3388910,491,0,6,-80.67
198701,411405.0,3388840.0,31,360,9,6,2585.0,9.2,493,0,13,411305,3388860,491,0,13,-76.57
198701,411405.0,3388840.0,31,360,9,6,2585.0,9.2,493,0,13,411325,3388840,492,0,13,-86.56
198701,411405.0,3388840.0,31,360,9,6,2585.0,9.2,493,0,13,411475,3389010,493,0,13,-89.0
198701,411405.0,3388840.0,31,360,9,6,2585.0,9.2,493,0,13,411515,3388970,494,0,5,-83.31
198701,411405.0,3388840.0,31,360,9,6,2585.0,9.2,493,0,13,411250,3388905,491,0,6,-73.8
198701,411405.0,3388840.0,31,360,9,6,2585.0,9.2,493,0,13,411345,3388820,493,15,5,-91.28
198701,411405.0,3388840.0,31,360,9,6,2585.0,9.2,493,0,13,411350,3388805,493,6,5,-90.67
198701,411405.0,3388840.0,31,360,9,6,2585.0,9.2,493,0,13,411230,3388925,491,0,5,-87.5
198701,411405.0,3388840.0,31,360,9,6,2585.0,9.2,493,0,13,410805,3388650,491,0,5,-101.5
198701,411405.0,3388840.0,31,360,9,6,2585.0,9.2,493,0,13,410815,3388650,492,117,10,-94.5
198701,411405.0,3388840.0,31,360,9,6,2585.0,9.2,493,0,13,411585,3389035,494,0,5,-95.67
198701,411405.0,3388840.0,31,360,9,6,2585.0,9.2,493,0,13,411610,3389050,495,0,5,-98.0
198701,411405.0,3388840.0,31,360,9,6,2585.0,9.2,493,0,13,411580,3389040,494,21,5,-96.5
198701,411405.0,3388840.0,31,360,9,6,2585.0,9.2,493,0,13,411530,3388970,494,0,13,-83.0
198701,411405.0,3388840.0,31,360,9,6,2585.0,9.2,493,0,13,411590,3389030,495,0,5,-94.17
198701,411405.0,3388840.0,31,360,9,6,2585.0,9.2,493,0,13,411345,3388795,493,0,5,-116.4
198701,411405.0,3388840.0,31,360,9,6,2585.0,9.2,493,0,13,411540,3389000,495,0,5,-87.45
198701,411405.0,3388840.0,31,360,9,6,2585.0,9.2,493,0,13,411520,3388980,494,0,13,-84.54
198701,411405.0,3388840.0,31,360,9,6,2585.0,9.2,493,0,13,411525,3388975,494,0,13,-83.25
198701,411405.0,3388840.0,31,360,9,6,2585.0,9.2,493,0,13,411570,3389010,495,0,5,-89.08
198701,411405.0,3388840.0,31,360,9,6,2585.0,9.2,493,0,13,411545,3388995,495,0,12,-84.97
198701,411405.0,3388840.0,31,360,9,6,2585.0,9.2,493,0,13,411270,3388710,493,0,7,-92.25
198701,411405.0,3388840.0,31,360,9,6,2585.0,9.2,493,0,13,411260,3388720,493,0,6,-97.71
198701,411405.0,3388840.0,31,360,9,6,2585.0,9.2,493,0,13,411285,3388735,494,0,5,-93.4
198701,411405.0,3388840.0,31,360,9,6,2585.0,9.2,493,0,13,411275,3388705,493,0,6,-95.0
198701,411405.0,3388840.0,31,360,9,6,2585.0,9.2,493,0,13,411280,3388740,494,0,6,-92.0
198701,411405.0,3388840.0,31,360,9,6,2585.0,9.2,493,0,13,411255,3388685,493,0,6,-99.33
198701,411405.0,3388840.0,31,360,9,6,2585.0,9.2,493,0,13,411265,3388715,493,0,6,-92.67
198701,411405.0,3388840.0,31,360,9,6,2585.0,9.2,493,0,13,411550,3388990,495,0,12,-83.67
198701,411405.0,3388840.0,31,360,9,6,2585.0,9.2,493,0,13,411405,3388535,491,0,5,-112.63
198701,411405.0,3388840.0,31,360,9,6,2585.0,9.2,493,0,13,411555,3388985,495,0,12,-83.67
198701,411405.0,3388840.0,31,360,9,6,2585.0,9.2,493,0,13,411400,3388540,490,0,5,-118.25
198701,411405.0,3388840.0,31,360,9,6,2585.0,9.2,493,0,13,411250,3388690,493,0,5,-94.7
198701,411405.0,3388840.0,31,360,9,6,2585.0,9.2,493,0,13,411245,3388695,493,0,5,-95.25
198701,411405.0,3388840.0,31,360,9,6,2585.0,9.2,493,0,13,411300,3388760,493,15,12,-87.75
198701,411405.0,3388840.0,31,360,9,6,2585.0,9.2,493,0,13,411290,3388730,494,0,5,-89.0
198701,411405.0,3388840.0,31,360,9,6,2585.0,9.2,493,0,13,411415,3388525,491,0,12,-120.67
198701,411405.0,3388840.0,31,360,9,6,2585.0,9.2,493,0,13,411595,3389025,495,0,5,-96.73
198701,411405.0,3388840.0,31,360,9,6,2585.0,9.2,493,0,13,411355,3388785,493,6,13,-103.33
198701,411405.0,3388840.0,31,360,9,6,2585.0,9.2,493,0,13,411575,3389005,495,0,5,-86.14
198701,411405.0,3388840.0,31,360,9,6,2585.0,9.2,493,0,13,411565,3389015,495,0,5,-91.64
198701,411405.0,3388840.0,31,360,9,6,2585.0,9.2,493,0,13,411535,3388965,494,0,13,-140.0
198701,411405.0,3388840.0,31,360,9,6,2585.0,9.2,493,0,13,411560,3389020,494,0,5,-90.78
198701,411405.0,3388840.0,31,360,9,6,2585.0,9.2,493,0,13,410780,3388640,491,0,5,-99.0
198701,411405.0,3388840.0,31,360,9,6,2585.0,9.2,493,0,13,411620,3389020,495,15,5,-95.5
198701,411405.0,3388840.0,31,360,9,6,2585.0,9.2,493,0,13,411220,3388780,493,21,12,-88.5
198701,411405.0,3388840.0,31,360,9,6,2585.0,9.2,493,0,13,411605,3389035,495,0,5,-101.0
198701,411405.0,3388840.0,31,360,9,6,2585.0,9.2,493,0,13,411640,3389000,494,0,5,-102.0
198701,411405.0,3388840.0,31,360,9,6,2585.0,9.2,493,0,13,411240,3388760,493,0,6,-88.83
198701,411405.0,3388840.0,31,360,9,6,2585.0,9.2,493,0,13,411285,3388715,494,0,5,-92.29
198701,411405.0,3388840.0,31,360,9,6,2585.0,9.2,493,0,13,411255,3388745,493,0,6,-90.46
198701,411405.0,3388840.0,31,360,9,6,2585.0,9.2,493,0,13,411250,3388750,493,0,6,-90.28
198701,411405.0,3388840.0,31,360,9,6,2585.0,9.2,493,0,13,411290,3388710,494,0,5,-95.0
198701,411405.0,3388840.0,31,360,9,6,2585.0,9.2,493,0,13,411265,3388735,494,0,6,-90.91
198701,411405.0,3388840.0,31,360,9,6,2585.0,9.2,493,0,13,411275,3388725,494,0,6,-96.71
198701,411405.0,3388840.0,31,360,9,6,2585.0,9.2,493,0,13,411280,3388720,494,0,6,-94.5
198701,411405.0,3388840.0,31,360,9,6,2585.0,9.2,493,0,13,411260,3388740,493,0,6,-96.27
198701,411405.0,3388840.0,31,360,9,6,2585.0,9.2,493,0,13,411270,3388730,494,0,6,-95.67
198701,411405.0,3388840.0,31,360,9,6,2585.0,9.2,493,0,13,411245,3388755,493,0,6,-95.45
198701,411405.0,3388840.0,31,360,9,6,2585.0,9.2,493,0,13,411630,3389010,494,0,5,-86.5
198701,411405.0,3388840.0,31,360,9,6,2585.0,9.2,493,0,13,411600,3389040,495,0,12,-97.5
198701,411405.0,3388840.0,31,360,9,6,2585.0,9.2,493,0,13,411610,3389030,495,0,5,-97.67
198701,411405.0,3388840.0,31,360,9,6,2585.0,9.2,493,0,13,411615,3389025,495,15,5,-95.33
198701,411405.0,3388840.0,31,360,9,6,2585.0,9.2,493,0,13,411230,3388770,493,0,6,-90.5
198701,411405.0,3388840.0,31,360,9,6,2585.0,9.2,493,0,13,411595,3389045,495,0,5,-96.0
198701,411405.0,3388840.0,31,360,9,6,2585.0,9.2,493,0,13,411365,3388635,492,0,13,-113.2
198701,411405.0,3388840.0,31,360,9,6,2585.0,9.2,493,0,13,411235,3389135,494,0,6,-91.0
198701,411405.0,3388840.0,31,360,9,6,2585.0,9.2,493,0,13,410825,3388660,492,117,10,-103.5
198701,411405.0,3388840.0,31,360,9,6,2585.0,9.2,493,0,13,411305,3388915,490,0,5,-90.75
198701,411405.0,3388840.0,31,360,9,6,2585.0,9.2,493,0,13,411340,3388960,490,6,7,-82.0
198701,411405.0,3388840.0,31,360,9,6,2585.0,9.2,493,0,13,411335,3388925,490,6,6,-91.0
198701,411405.0,3388840.0,31,360,9,6,2585.0,9.2,493,0,13,411290,3388890,490,0,5,-72.71
198701,411405.0,3388840.0,31,360,9,6,2585.0,9.2,493,0,13,411315,3388905,490,0,5,-69.0
198701,411405.0,3388840.0,31,360,9,6,2585.0,9.2,493,0,13,411330,3388930,490,0,6,-104.0
198701,411405.0,3388840.0,31,360,9,6,2585.0,9.2,493,0,13,411275,3388865,491,0,6,-77.86
198701,411405.0,3388840.0,31,360,9,6,2585.0,9.2,493,0,13,411270,3388870,491,0,6,-79.91
198701,411405.0,3388840.0,31,360,9,6,2585.0,9.2,493,0,13,411245,3388855,492,0,5,-78.02
198701,411405.0,3388840.0,31,360,9,6,2585.0,9.2,493,0,13,411255,3388845,492,0,6,-80.26
198701,411405.0,3388840.0,31,360,9,6,2585.0,9.2,493,0,13,411260,3388880,491,0,6,-77.31
198701,411405.0,3388840.0,31,360,9,6,2585.0,9.2,493,0,13,411515,3389105,492,0,12,-87.75
198701,411405.0,3388840.0,31,360,9,6,2585.0,9.2,493,0,13,411295,3388885,491,0,5,-76.02
198701,411405.0,3388840.0,31,360,9,6,2585.0,9.2,493,0,13,411265,3388875,491,0,6,-76.98
198701,411405.0,3388840.0,31,360,9,6,2585.0,9.2,493,0,13,411365,3388975,490,0,5,-85.0
198701,411405.0,3388840.0,31,360,9,6,2585.0,9.2,493,0,13,411510,3389110,492,0,5,-92.0
198701,411405.0,3388840.0,31,360,9,6,2585.0,9.2,493,0,13,411250,3388850,492,0,6,-77.25
198701,411405.0,3388840.0,31,360,9,6,2585.0,9.2,493,0,13,411495,3389085,491,0,6,-92.1
198701,411405.0,3388840.0,31,360,9,6,2585.0,9.2,493,0,13,411360,3388980,490,0,13,-87.0
198701,411405.0,3388840.0,31,360,9,6,2585.0,9.2,493,0,13,411235,3388825,493,0,5,-93.57
198701,411405.0,3388840.0,31,360,9,6,2585.0,9.2,493,0,13,411240,3388860,492,0,5,-77.75
198701,411405.0,3388840.0,31,360,9,6,2585.0,9.2,493,0,13,411485,3389095,491,0,5,-88.33
198701,411405.0,3388840.0,31,360,9,6,2585.0,9.2,493,0,13,411285,3388895,490,0,5,-75.53
198701,411405.0,3388840.0,31,360,9,6,2585.0,9.2,493,0,13,411490,3389090,491,0,5,-95.33
198701,411405.0,3388840.0,31,360,9,6,2585.0,9.2,493,0,13,411230,3388830,493,0,5,-86.33
198701,411405.0,3388840.0,31,360,9,6,2585.0,9.2,493,0,13,411225,3388835,492,0,12,-73.33
198701,411405.0,3388840.0,31,360,9,6,2585.0,9.2,493,0,13,411280,3388900,490,0,5,-79.61
198701,411405.0,3388840.0,31,360,9,6,2585.0,9.2,493,0,13,411350,3388950,490,6,7,-88.33
198701,411405.0,3388840.0,31,360,9,6,2585.0,9.2,493,0,13,411355,3388945,490,6,7,-82.89
198701,411405.0,3388840.0,31,360,9,6,2585.0,9.2,493,0,13,411195,3388870,492,21,12,-77.33
198701,411405.0,3388840.0,31,360,9,6,2585.0,9.2,493,0,13,411185,3388880,492,0,5,-87.0
198701,411405.0,3388840.0,31,360,9,6,2585.0,9.2,493,0,13,411180,3388875,493,0,5,-85.6
198701,411405.0,3388840.0,31,360,9,6,2585.0,9.2,493,0,13,411350,3388980,490,0,13,-86.0
198701,411405.0,3388840.0,31,360,9,6,2585.0,9.2,493,0,13,411375,3388955,490,0,5,-90.5
198701,411405.0,3388840.0,31,360,9,6,2585.0,9.2,493,0,13,411430,3388900,492,0,5,-87.5
198701,411405.0,3388840.0,31,360,9,6,2585.0,9.2,493,0,13,411555,3388775,494,0,5,-119.0
198701,411405.0,3388840.0,31,360,9,6,2585.0,9.2,493,0,13,411370,3388960,490,0,7,-84.0
198701,411405.0,3388840.0,31,360,9,6,2585.0,9.2,493,0,13,411345,3388965,490,0,5,-86.33
198701,411405.0,3388840.0,31,360,9,6,2585.0,9.2,493,0,13,411360,3388950,490,6,7,-82.43
198701,411405.0,3388840.0,31,360,9,6,2585.0,9.2,493,0,13,411420,3388890,492,0,13,-84.4
198701,411405.0,3388840.0,31,360,9,6,2585.0,9.2,493,0,13,411235,3389095,495,0,5,-83.67
198701,411405.0,3388840.0,31,360,9,6,2585.0,9.2,493,0,13,411520,3388790,494,0,5,-108.4
198701,411405.0,3388840.0,31,360,9,6,2585.0,9.2,493,0,13,411470,3388860,494,0,5,-80.89
198701,411405.0,3388840.0,31,360,9,6,2585.0,9.2,493,0,13,411500,3388810,494,0,5,-103.29
198701,411405.0,3388840.0,31,360,9,6,2585.0,9.2,493,0,13,411525,3388785,494,0,5,-94.2
198701,411405.0,3388840.0,31,360,9,6,2585.0,9.2,493,0,13,411245,3389065,494,0,6,-83.57
198701,411405.0,3388840.0,31,360,9,6,2585.0,9.2,493,0,13,411450,3388880,493,0,13,-78.61
198701,411405.0,3388840.0,31,360,9,6,2585.0,9.2,493,0,13,411380,3388930,490,0,6,-72.25
198701,411405.0,3388840.0,31,360,9,6,2585.0,9.2,493,0,13,411475,3388855,494,0,5,-78.0
198701,411405.0,3388840.0,31,360,9,6,2585.0,9.2,493,0,13,411505,3388805,494,0,5,-97.5
198701,411405.0,3388840.0,31,360,9,6,2585.0,9.2,493,0,13,411440,3388870,493,0,13,-78.88
198701,411405.0,3388840.0,31,360,9,6,2585.0,9.2,493,0,13,411445,3388865,493,0,13,-78.52
198701,411405.0,3388840.0,31,360,9,6,2585.0,9.2,493,0,13,411425,3388885,492,0,13,-79.89
198701,411405.0,3388840.0,31,360,9,6,2585.0,9.2,493,0,13,411515,3388815,494,0,6,-94.57
198701,411405.0,3388840.0,31,360,9,6,2585.0,9.2,493,0,13,411510,3388820,494,0,6,-93.44
198701,411405.0,3388840.0,31,360,9,6,2585.0,9.2,493,0,13,411385,3388925,490,0,6,-74.18
198701,411405.0,3388840.0,31,360,9,6,2585.0,9.2,493,0,13,411455,3388875,493,0,13,-79.3
198701,411405.0,3388840.0,31,360,9,6,2585.0,9.2,493,0,13,411435,3388895,492,0,5,-79.8
198701,411405.0,3388840.0,31,360,9,6,2585.0,9.2,493,0,13,411240,3389070,494,0,6,-86.67
198701,411405.0,3388840.0,31,360,9,6,2585.0,9.2,493,0,13,411460,3388850,494,0,5,-85.0
198701,411405.0,3388840.0,31,360,9,6,2585.0,9.2,493,0,13,411575,3388755,494,21,5,-107.0
198701,411405.0,3388840.0,31,360,9,6,2585.0,9.2,493,0,13,411495,3388835,494,0,5,-92.57
198701,411405.0,3388840.0,31,360,9,6,2585.0,9.2,493,0,13,411225,3389085,495,21,5,-86.33
198701,411405.0,3388840.0,31,360,9,6,2585.0,9.2,493,0,13,411395,3388935,491,0,5,-83.86
198701,411405.0,3388840.0,31,360,9,6,2585.0,9.2,493,0,13,411390,3388940,491,0,7,-79.38
198701,411405.0,3388840.0,31,360,9,6,2585.0,9.2,493,0,13,411465,3388845,494,0,5,-90.33
198701,411405.0,3388840.0,31,360,9,6,2585.0,9.2,493,0,13,411365,3388945,490,0,7,-77.85
198701,411405.0,3388840.0,31,360,9,6,2585.0,9.2,493,0,13,411490,3388840,494,0,5,-93.0
198701,411405.0,3388840.0,31,360,9,6,2585.0,9.2,493,0,13,411615,3388965,495,0,12,-107.5
198701,411405.0,3388840.0,31,360,9,6,2585.0,9.2,493,0,13,411605,3388975,495,0,5,-92.25
198701,411405.0,3388840.0,31,360,9,6,2585.0,9.2,493,0,13,411245,3388775,493,0,6,-92.89
198701,411405.0,3388840.0,31,360,9,6,2585.0,9.2,493,0,13,411255,3388765,493,0,6,-90.98
198701,411405.0,3388840.0,31,360,9,6,2585.0,9.2,493,0,13,411265,3388795,493,0,7,-86.76
198701,411405.0,3388840.0,31,360,9,6,2585.0,9.2,493,0,13,411260,3388800,493,0,6,-97.26
198701,411405.0,3388840.0,31,360,9,6,2585.0,9.2,493,0,13,411270,3388790,493,0,6,-89.5
198701,411405.0,3388840.0,31,360,9,6,2585.0,9.2,493,0,13,411275,3388785,493,0,6,-91.19
198701,411405.0,3388840.0,31,360,9,6,2585.0,9.2,493,0,13,411250,3388770,493,0,6,-90.59
198701,411405.0,3388840.0,31,360,9,6,2585.0,9.2,493,0,13,411240,3388780,493,0,5,-88.67
198701,411405.0,3388840.0,31,360,9,6,2585.0,9.2,493,0,13,411640,3389020,495,0,12,-105.5
198701,411405.0,3388840.0,31,360,9,6,2585.0,9.2,493,0,13,411600,3388980,495,21,5,-108.0
198701,411405.0,3388840.0,31,360,9,6,2585.0,9.2,493,0,13,411610,3388970,495,0,12,-96.0
198701,411405.0,3388840.0,31,360,9,6,2585.0,9.2,493,0,13,411645,3389015,495,0,5,-109.25
198701,411405.0,3388840.0,31,360,9,6,2585.0,9.2,493,0,13,411440,3389295,493,0,5,-99.67
198701,411405.0,3388840.0,31,360,9,6,2585.0,9.2,493,0,13,411445,3389300,493,0,5,-97.0
198701,411405.0,3388840.0,31,360,9,6,2585.0,9.2,493,0,13,411455,3389290,494,0,5,-91.0
198701,411405.0,3388840.0,31,360,9,6,2585.0,9.2,493,0,13,411450,3389285,494,0,5,-94.0
198701,411405.0,3388840.0,31,360,9,6,2585.0,9.2,493,0,13,411370,3388825,493,15,13,-89.5
198701,411405.0,3388840.0,31,360,9,6,2585.0,9.2,493,0,13,411385,3388820,493,15,5,-103.33
198701,411405.0,3388840.0,31,360,9,6,2585.0,9.2,493,0,13,411450,3388905,492,0,5,-94.33
198701,411405.0,3388840.0,31,360,9,6,2585.0,9.2,493,0,13,411375,3388830,493,15,5,-89.67
198701,411405.0,3388840.0,31,360,9,6,2585.0,9.2,493,0,13,411245,3389040,493,0,6,-87.0
198701,411405.0,3388840.0,31,360,9,6,2585.0,9.2,493,0,13,411380,3388815,493,0,5,-102.86
198701,411405.0,3388840.0,31,360,9,6,2585.0,9.2,493,0,13,411515,3388930,493,0,5,-81.8
198701,411405.0,3388840.0,31,360,9,6,2585.0,9.2,493,0,13,411665,3388780,495,0,5,-114.5
198701,411405.0,3388840.0,31,360,9,6,2585.0,9.2,493,0,13,411460,3388895,493,0,5,-79.67
198701,411405.0,3388840.0,31,360,9,6,2585.0,9.2,493,0,13,411475,3388890,493,0,5,-80.57
198701,411405.0,3388840.0,31,360,9,6,2585.0,9.2,493,0,13,411410,3388865,492,0,13,-76.73
198701,411405.0,3388840.0,31,360,9,6,2585.0,9.2,493,0,13,411470,3388885,493,0,5,-80.87
198701,411405.0,3388840.0,31,360,9,6,2585.0,9.2,493,0,13,411365,3388840,492,0,13,-85.0
198701,411405.0,3388840.0,31,360,9,6,2585.0,9.2,493,0,13,411430,3388845,494,0,13,-86.75
198701,411405.0,3388840.0,31,360,9,6,2585.0,9.2,493,0,13,411490,3388945,493,0,5,-78.79
198701,411405.0,3388840.0,31,360,9,6,2585.0,9.2,493,0,13,411390,3388805,493,12,5,-97.43
198701,411405.0,3388840.0,31,360,9,6,2585.0,9.2,493,0,13,411500,3388935,493,0,6,-79.97
198701,411405.0,3388840.0,31,360,9,6,2585.0,9.2,493,0,13,411400,3388875,492,0,5,-74.59
198701,411405.0,3388840.0,31,360,9,6,2585.0,9.2,493,0,13,411405,3388880,492,0,13,-78.33
198701,411405.0,3388840.0,31,360,9,6,2585.0,9.2,493,0,13,411420,3388855,493,0,13,-86.86
198701,411405.0,3388840.0,31,360,9,6,2585.0,9.2,493,0,13,411425,3388860,493,0,5,-82.93
198701,411405.0,3388840.0,31,360,9,6,2585.0,9.2,493,0,13,411415,3388870,492,0,5,-76.45
198701,411405.0,3388840.0,31,360,9,6,2585.0,9.2,493,0,13,411240,3389035,493,0,6,-86.43
198701,411405.0,3388840.0,31,360,9,6,2585.0,9.2,493,0,13,411435,3388850,494,0,13,-85.56
198701,411405.0,3388840.0,31,360,9,6,2585.0,9.2,493,0,13,411495,3388950,493,0,5,-82.13
198701,411405.0,3388840.0,31,360,9,6,2585.0,9.2,493,0,13,411250,3389025,493,0,6,-84.0
198701,411405.0,3388840.0,31,360,9,6,2585.0,9.2,493,0,13,411510,3388925,493,0,6,-80.38
198701,411405.0,3388840.0,31,360,9,6,2585.0,9.2,493,0,13,411395,3388810,493,0,13,-105.4
198701,411405.0,3388840.0,31,360,9,6,2585.0,9.2,493,0,13,411505,3388940,493,0,6,-77.75
198701,411405.0,3388840.0,31,360,9,6,2585.0,9.2,493,0,13,411485,3388960,493,0,13,-80.14
198701,411405.0,3388840.0,31,360,9,6,2585.0,9.2,493,0,13,411360,3388835,492,15,13,-96.0
198701,411405.0,3388840.0,31,360,9,6,2585.0,9.2,493,0,13,411040,3389155,497,0,12,-93.67
198701,411405.0,3388840.0,31,360,9,6,2585.0,9.2,493,0,13,411325,3388810,493,6,13,-102.0
198701,411405.0,3388840.0,31,360,9,6,2585.0,9.2,493,0,13,411335,3388820,493,0,13,-96.33
198701,411405.0,3388840.0,31,360,9,6,2585.0,9.2,493,0,13,411320,3388805,493,6,13,-95.0
198701,411405.0,3388840.0,31,360,9,6,2585.0,9.2,493,0,13,411350,3388835,492,15,5,-87.33
198701,411405.0,3388840.0,31,360,9,6,2585.0,9.2,493,0,13,411395,3389120,491,0,5,-75.5
198701,411405.0,3388840.0,31,360,9,6,2585.0,9.2,493,0,13,411495,3388980,494,0,5,-83.42
198701,411405.0,3388840.0,31,360,9,6,2585.0,9.2,493,0,13,411510,3388995,494,0,5,-87.94
198701,411405.0,3388840.0,31,360,9,6,2585.0,9.2,493,0,13,411505,3388990,494,0,6,-85.68
198701,411405.0,3388840.0,31,360,9,6,2585.0,9.2,493,0,13,411500,3388985,494,0,6,-84.18
198701,411405.0,3388840.0,31,360,9,6,2585.0,9.2,493,0,13,411240,3388885,491,0,5,-70.69
198701,411405.0,3388840.0,31,360,9,6,2585.0,9.2,493,0,13,411330,3388815,493,0,5,-87.0
198701,411405.0,3388840.0,31,360,9,6,2585.0,9.2,493,0,13,411340,3388825,493,15,13,-89.22
198701,411405.0,3388840.0,31,360,9,6,2585.0,9.2,493,0,13,411265,3388910,490,0,6,-76.75
198701,411405.0,3388840.0,31,360,9,6,2585.0,9.2,493,0,13,411280,3388845,492,0,5,-82.76
198701,411405.0,3388840.0,31,360,9,6,2585.0,9.2,493,0,13,411250,3388895,491,0,6,-72.18
198701,411405.0,3388840.0,31,360,9,6,2585.0,9.2,493,0,13,411305,3388870,491,0,5,-74.05
198701,411405.0,3388840.0,31,360,9,6,2585.0,9.2,493,0,13,411315,3388880,491,0,5,-72.17
198701,411405.0,3388840.0,31,360,9,6,2585.0,9.2,493,0,13,411310,3388875,491,0,5,-74.82
198701,411405.0,3388840.0,31,360,9,6,2585.0,9.2,493,0,13,411285,3388850,491,0,5,-80.5
198701,411405.0,3388840.0,31,360,9,6,2585.0,9.2,493,0,13,411290,3388855,491,0,13,-79.64
198701,411405.0,3388840.0,31,360,9,6,2585.0,9.2,493,0,13,411295,3388860,491,0,5,-78.97
198701,411405.0,3388840.0,31,360,9,6,2585.0,9.2,493,0,13,411270,3388915,490,0,6,-74.4
198701,411405.0,3388840.0,31,360,9,6,2585.0,9.2,493,0,13,411255,3388900,491,0,6,-76.37
198701,411405.0,3388840.0,31,360,9,6,2585.0,9.2,493,0,13,411300,3388865,491,0,13,-77.56
198701,411405.0,3388840.0,31,360,9,6,2585.0,9.2,493,0,13,411355,3388840,492,0,13,-88.21
198701,411405.0,3388840.0,31,360,9,6,2585.0,9.2,493,0,13,411260,3388905,491,0,7,-81.05
198701,411405.0,3388840.0,31,360,9,6,2585.0,9.2,493,0,13,411245,3388890,491,0,5,-69.49
198701,411405.0,3388840.0,31,360,9,6,2585.0,9.2,493,0,13,411490,3388975,493,0,5,-83.22
198701,411405.0,3388840.0,31,360,9,6,2585.0,9.2,493,0,13,411390,3389115,491,0,5,-85.0
198701,411405.0,3388840.0,31,360,9,6,2585.0,9.2,493,0,13,411485,3388970,493,0,5,-80.5
198701,411405.0,3388840.0,31,360,9,6,2585.0,9.2,493,0,13,411345,3388830,492,15,5,-89.82
198701,411405.0,3388840.0,31,360,9,6,2585.0,9.2,493,0,13,411275,3388920,490,0,6,-86.2
198701,411405.0,3388840.0,31,360,9,6,2585.0,9.2,493,0,13,411515,3389000,494,0,5,-88.33
198701,411405.0,3388840.0,31,360,9,6,2585.0,9.2,493,0,13,411675,3388775,495,21,6,-114.0
198701,411405.0,3388840.0,31,360,9,6,2585.0,9.2,493,0,13,411470,3388900,492,0,5,-79.5
198701,411405.0,3388840.0,31,360,9,6,2585.0,9.2,493,0,13,411445,3388905,492,0,5,-85.17
198701,411405.0,3388840.0,31,360,9,6,2585.0,9.2,493,0,13,411380,3388810,493,0,13,-94.38
198701,411405.0,3388840.0,31,360,9,6,2585.0,9.2,493,0,13,411400,3388870,492,0,5,-75.34
198701,411405.0,3388840.0,31,360,9,6,2585.0,9.2,493,0,13,411495,3388955,493,0,5,-80.28
198701,411405.0,3388840.0,31,360,9,6,2585.0,9.2,493,0,13,411415,3388875,492,0,5,-78.31
198701,411405.0,3388840.0,31,360,9,6,2585.0,9.2,493,0,13,411410,3388880,492,0,13,-77.45
198701,411405.0,3388840.0,31,360,9,6,2585.0,9.2,493,0,13,411365,3388825,493,15,13,-92.25
198701,411405.0,3388840.0,31,360,9,6,2585.0,9.2,493,0,13,411485,3388945,493,0,5,-80.75
198701,411405.0,3388840.0,31,360,9,6,2585.0,9.2,493,0,13,411425,3388845,493,0,13,-92.38
198701,411405.0,3388840.0,31,360,9,6,2585.0,9.2,493,0,13,411375,3388835,493,15,13,-94.4
198701,411405.0,3388840.0,31,360,9,6,2585.0,9.2,493,0,13,411490,3388960,493,0,5,-82.81
198701,411405.0,3388840.0,31,360,9,6,2585.0,9.2,493,0,13,411430,3388860,493,0,5,-81.62
198701,411405.0,3388840.0,31,360,9,6,2585.0,9.2,493,0,13,411510,3388940,493,0,6,-78.88
198701,411405.0,3388840.0,31,360,9,6,2585.0,9.2,493,0,13,411405,3388865,492,0,13,-76.68
198701,411405.0,3388840.0,31,360,9,6,2585.0,9.2,493,0,13,411385,3388805,493,12,13,-97.83
198701,411405.0,3388840.0,31,360,9,6,2585.0,9.2,493,0,13,411370,3388840,492,0,13,-84.63
198701,411405.0,3388840.0,31,360,9,6,2585.0,9.2,493,0,13,411500,3388930,493,0,6,-81.56
198701,411405.0,3388840.0,31,360,9,6,2585.0,9.2,493,0,13,411465,3388885,493,0,5,-77.52
198701,411405.0,3388840.0,31,360,9,6,2585.0,9.2,493,0,13,411505,3388925,493,0,6,-81.0
198701,411405.0,3388840.0,31,360,9,6,2585.0,9.2,493,0,13,411435,3388855,493,0,5,-84.95
198701,411405.0,3388840.0,31,360,9,6,2585.0,9.2,493,0,13,411395,3388815,493,0,13,-101.5
198701,411405.0,3388840.0,31,360,9,6,2585.0,9.2,493,0,13,411390,3388820,493,15,5,-101.36
198701,411405.0,3388840.0,31,360,9,6,2585.0,9.2,493,0,13,411240,3389030,493,0,6,-80.67
198701,411405.0,3388840.0,31,360,9,6,2585.0,9.2,493,0,13,411475,3388895,493,0,5,-75.5
198701,411405.0,3388840.0,31,360,9,6,2585.0,9.2,493,0,13,411460,3388890,493,0,5,-75.9
198701,411405.0,3388840.0,31,360,9,6,2585.0,9.2,493,0,13,411670,3388780,495,0,5,-118.0
198701,411405.0,3388840.0,31,360,9,6,2585.0,9.2,493,0,13,411360,3388830,493,15,5,-89.1
198701,411405.0,3388840.0,31,360,9,6,2585.0,9.2,493,0,13,411420,3388850,493,0,13,-89.56
198701,411405.0,3388840.0,31,360,9,6,2585.0,9.2,493,0,13,411515,3388935,493,0,5,-85.2
198701,411405.0,3388840.0,31,360,9,6,2585.0,9.2,493,0,13,411280,3389070,493,0,13,-78.0
198701,411405.0,3388840.0,31,360,9,6,2585.0,9.2,493,0,13,410080,3390865,499,0,5,-91.0
198701,411405.0,3388840.0,31,360,9,6,2585.0,9.2,493,0,13,411535,3388950,494,6,5,-94.0
198701,411405.0,3388840.0,31,360,9,6,2585.0,9.2,493,0,13,411525,3388960,494,0,13,-75.0
198701,411405.0,3388840.0,31,360,9,6,2585.0,9.2,493,0,13,411545,3388940,494,0,5,-89.67
198701,411405.0,3388840.0,31,360,9,6,2585.0,9.2,493,0,13,411520,3388955,494,0,5,-86.33
198701,411405.0,3388840.0,31,360,9,6,2585.0,9.2,493,0,13,411540,3388935,494,0,5,-101.17
198701,411405.0,3388840.0,31,360,9,6,2585.0,9.2,493,0,13,411560,3388915,494,21,12,-83.0
198701,411405.0,3388840.0,31,360,9,6,2585.0,9.2,493,0,13,411365,3388800,493,0,13,-104.5
198701,411405.0,3388840.0,31,360,9,6,2585.0,9.2,493,0,13,411530,3388945,494,6,5,-87.5
198701,411405.0,3388840.0,31,360,9,6,2585.0,9.2,493,0,13,411375,3388790,493,6,5,-119.5
198701,411405.0,3388840.0,31,360,9,6,2585.0,9.2,493,0,13,411360,3388795,493,0,5,-107.0
198701,411405.0,3388840.0,31,360,9,6,2585.0,9.2,493,0,13,410080,3390855,499,0,5,-82.33
198701,411405.0,3388840.0,31,360,9,6,2585.0,9.2,493,0,13,410095,3390850,499,0,7,-93.75
198701,411405.0,3388840.0,31,360,9,6,2585.0,9.2,493,0,13,410085,3390850,499,0,7,-91.5
198701,411405.0,3388840.0,31,360,9,6,2585.0,9.2,493,0,13,410090,3390855,499,0,7,-86.0
198701,411405.0,3388840.0,31,360,9,6,2585.0,9.2,493,0,13,411205,3388940,492,0,6,-105.0
198701,411405.0,3388840.0,31,360,9,6,2585.0,9.2,493,0,13,411210,3388925,492,21,12,-98.33
198701,411405.0,3388840.0,31,360,9,6,2585.0,9.2,493,0,13,411330,3388805,493,6,13,-83.67
198701,411405.0,3388840.0,31,360,9,6,2585.0,9.2,493,0,13,411355,3388830,493,15,5,-91.0
198701,411405.0,3388840.0,31,360,9,6,2585.0,9.2,493,0,13,411320,3388815,493,0,13,-91.2
198701,411405.0,3388840.0,31,360,9,6,2585.0,9.2,493,0,13,411260,3388915,491,0,7,-76.8
198701,411405.0,3388840.0,31,360,9,6,2585.0,9.2,493,0,13,411295,3388850,491,0,5,-82.2
198701,411405.0,3388840.0,31,360,9,6,2585.0,9.2,493,0,13,411500,3388995,494,0,6,-86.12
198701,411405.0,3388840.0,31,360,9,6,2585.0,9.2,493,0,13,411275,3388910,490,0,6,-79.62
198701,411405.0,3388840.0,31,360,9,6,2585.0,9.2,493,0,13,411490,3388965,493,0,5,-82.33
198701,411405.0,3388840.0,31,360,9,6,2585.0,9.2,493,0,13,411335,3388810,493,6,13,-86.6
198701,411405.0,3388840.0,31,360,9,6,2585.0,9.2,493,0,13,411265,3388920,491,0,6,-82.94
198701,411405.0,3388840.0,31,360,9,6,2585.0,9.2,493,0,13,411250,3388885,491,0,6,-73.14
198701,411405.0,3388840.0,31,360,9,6,2585.0,9.2,493,0,13,411325,3388820,493,0,13,-79.0
198701,411405.0,3388840.0,31,360,9,6,2585.0,9.2,493,0,13,411315,3388870,491,0,13,-72.8
198701,411405.0,3388840.0,31,360,9,6,2585.0,9.2,493,0,13,411245,3388900,491,0,5,-69.79
198701,411405.0,3388840.0,31,360,9,6,2585.0,9.2,493,0,13,411300,3388875,491,0,5,-73.92
198701,411405.0,3388840.0,31,360,9,6,2585.0,9.2,493,0,13,411350,3388825,493,15,5,-90.11
198701,411405.0,3388840.0,31,360,9,6,2585.0,9.2,493,0,13,411280,3388855,491,0,5,-78.78
198701,411405.0,3388840.0,31,360,9,6,2585.0,9.2,493,0,13,411495,3388970,493,0,5,-80.77
198701,411405.0,3388840.0,31,360,9,6,2585.0,9.2,493,0,13,411270,3388905,490,0,6,-79.38
198701,411405.0,3388840.0,31,360,9,6,2585.0,9.2,493,0,13,411340,3388835,492,0,13,-85.5
198701,411405.0,3388840.0,31,360,9,6,2585.0,9.2,493,0,13,411310,3388865,491,0,5,-74.65
198701,411405.0,3388840.0,31,360,9,6,2585.0,9.2,493,0,13,411305,3388880,491,0,5,-73.89
198701,411405.0,3388840.0,31,360,9,6,2585.0,9.2,493,0,13,411515,3388990,494,0,5,-83.43
198701,411405.0,3388840.0,31,360,9,6,2585.0,9.2,493,0,13,411510,3388985,494,0,5,-86.23
198701,411405.0,3388840.0,31,360,9,6,2585.0,9.2,493,0,13,411240,3388895,491,0,5,-70.17
198701,411405.0,3388840.0,31,360,9,6,2585.0,9.2,493,0,13,411285,3388860,491,0,5,-78.7
198701,411405.0,3388840.0,31,360,9,6,2585.0,9.2,493,0,13,411030,3389145,497,0,12,-96.25
198701,411405.0,3388840.0,31,360,9,6,2585.0,9.2,493,0,13,411255,3388890,491,0,6,-76.24
198701,411405.0,3388840.0,31,360,9,6,2585.0,9.2,493,0,13,411505,3389000,494,0,6,-86.57
198701,411405.0,3388840.0,31,360,9,6,2585.0,9.2,493,0,13,411290,3388845,492,0,13,-80.79
198701,411405.0,3388840.0,31,360,9,6,2585.0,9.2,493,0,13,411485,3388980,493,0,5,-86.14
198701,411405.0,3388840.0,31,360,9,6,2585.0,9.2,493,0,13,411395,3389110,491,0,5,-86.0
198701,411405.0,3388840.0,31,360,9,6,2585.0,9.2,493,0,13,411345,3388840,492,0,5,-84.92
198701,411405.0,3388840.0,31,360,9,6,2585.0,9.2,493,0,13,411385,3388825,493,15,5,-99.25
198701,411405.0,3388840.0,31,360,9,6,2585.0,9.2,493,0,13,411380,3388830,493,15,5,-98.0
198701,411405.0,3388840.0,31,360,9,6,2585.0,9.2,493,0,13,411450,3388900,492,0,5,-91.75
198701,411405.0,3388840.0,31,360,9,6,2585.0,9.2,493,0,13,411480,3388930,493,12,6,-85.5
198701,411405.0,3388840.0,31,360,9,6,2585.0,9.2,493,0,13,411370,3388820,493,15,5,-93.86
198701,411405.0,3388840.0,31,360,9,6,2585.0,9.2,493,0,13,411665,3388785,495,0,5,-118.0
198701,411405.0,3388840.0,31,360,9,6,2585.0,9.2,493,0,13,411510,3388960,494,0,6,-79.81
198701,411405.0,3388840.0,31,360,9,6,2585.0,9.2,493,0,13,411455,3388895,492,0,5,-86.18
198701,411405.0,3388840.0,31,360,9,6,2585.0,9.2,493,0,13,411410,3388860,493,0,13,-80.66
198701,411405.0,3388840.0,31,360,9,6,2585.0,9.2,493,0,13,411365,3388805,493,0,13,-98.25
198701,411405.0,3388840.0,31,360,9,6,2585.0,9.2,493,0,13,411360,3388810,493,0,13,-94.67
198701,411405.0,3388840.0,31,360,9,6,2585.0,9.2,493,0,13,411490,3388940,493,0,5,-83.07
198701,411405.0,3388840.0,31,360,9,6,2585.0,9.2,493,0,13,411415,3388855,493,0,13,-84.53
198701,411405.0,3388840.0,31,360,9,6,2585.0,9.2,493,0,13,411400,3388850,493,0,5,-80.8
198701,411405.0,3388840.0,31,360,9,6,2585.0,9.2,493,0,13,411045,3389125,498,21,12,-97.4
198701,411405.0,3388840.0,31,360,9,6,2585.0,9.2,493,0,13,411040,3389130,498,21,5,-94.43
198701,411405.0,3388840.0,31,360,9,6,2585.0,9.2,493,0,13,411515,3388955,494,0,5,-80.7
198701,411405.0,3388840.0,31,360,9,6,2585.0,9.2,493,0,13,411430,3388880,492,0,5,-79.05
198701,411405.0,3388840.0,31,360,9,6,2585.0,9.2,493,0,13,411405,3388845,493,0,13,-85.17
198701,411405.0,3388840.0,31,360,9,6,2585.0,9.2,493,0,13,411505,3388945,493,0,6,-80.12
198701,411405.0,3388840.0,31,360,9,6,2585.0,9.2,493,0,13,411500,3388950,493,0,6,-80.7
198701,411405.0,3388840.0,31,360,9,6,2585.0,9.2,493,0,13,411495,3388935,493,0,6,-80.97
198701,411405.0,3388840.0,31,360,9,6,2585.0,9.2,493,0,13,411420,3388870,493,0,5,-77.22
198701,411405.0,3388840.0,31,360,9,6,2585.0,9.2,493,0,13,411445,3388885,493,0,5,-79.93
198701,411405.0,3388840.0,31,360,9,6,2585.0,9.2,493,0,13,411440,3388890,492,0,5,-84.86
198701,411405.0,3388840.0,31,360,9,6,2585.0,9.2,493,0,13,411425,3388865,493,0,5,-79.15
198701,411405.0,3388840.0,31,360,9,6,2585.0,9.2,493,0,13,411485,3388925,493,0,5,-85.43
198701,411405.0,3388840.0,31,360,9,6,2585.0,9.2,493,0,13,411435,3388875,493,0,5,-75.0
198701,411405.0,3388840.0,31,360,9,6,2585.0,9.2,493,0,13,411390,3388840,493,0,13,-87.42
198701,411405.0,3388840.0,31,360,9,6,2585.0,9.2,493,0,13,411395,3388835,493,15,13,-97.0
198701,411405.0,3388840.0,31,360,9,6,2585.0,9.2,493,0,13,411565,3388990,495,0,5,-83.0
198701,411405.0,3388840.0,31,360,9,6,2585.0,9.2,493,0,13,411540,3389005,495,0,5,-87.81
198701,411405.0,3388840.0,31,360,9,6,2585.0,9.2,493,0,13,411520,3389025,494,0,5,-95.0
198701,411405.0,3388840.0,31,360,9,6,2585.0,9.2,493,0,13,411575,3389000,495,21,5,-85.17
198701,411405.0,3388840.0,31,360,9,6,2585.0,9.2,493,0,13,411560,3388985,495,0,12,-82.1
198701,411405.0,3388840.0,31,360,9,6,2585.0,9.2,493,0,13,411385,3388530,490,0,5,-104.67
198701,411405.0,3388840.0,31,360,9,6,2585.0,9.2,493,0,13,411545,3389010,495,0,5,-86.28
198701,411405.0,3388840.0,31,360,9,6,2585.0,9.2,493,0,13,411280,3388785,493,0,6,-92.23
198701,411405.0,3388840.0,31,360,9,6,2585.0,9.2,493,0,13,411310,3388775,493,0,12,-100.0
198701,411405.0,3388840.0,31,360,9,6,2585.0,9.2,493,0,13,411250,3388675,493,0,5,-90.6
198701,411405.0,3388840.0,31,360,9,6,2585.0,9.2,493,0,13,411255,3388680,493,0,6,-106.0
198701,411405.0,3388840.0,31,360,9,6,2585.0,9.2,493,0,13,411265,3388650,493,0,6,-101.67
198701,411405.0,3388840.0,31,360,9,6,2585.0,9.2,493,0,13,411395,3388540,490,0,5,-112.0
198701,411405.0,3388840.0,31,360,9,6,2585.0,9.2,493,0,13,411390,3388535,490,0,5,-108.67
198701,411405.0,3388840.0,31,360,9,6,2585.0,9.2,493,0,13,411590,3388975,495,0,5,-93.5
198701,411405.0,3388840.0,31,360,9,6,2585.0,9.2,493,0,13,411580,3388965,495,0,5,-97.54
198701,411405.0,3388840.0,31,360,9,6,2585.0,9.2,493,0,13,411285,3388790,493,0,5,-88.56
198701,411405.0,3388840.0,31,360,9,6,2585.0,9.2,493,0,13,411550,3389015,495,0,5,-89.67
198701,411405.0,3388840.0,31,360,9,6,2585.0,9.2,493,0,13,411305,3388770,493,15,12,-85.0
198701,411405.0,3388840.0,31,360,9,6,2585.0,9.2,493,0,13,411290,3388795,493,6,13,-85.14
198701,411405.0,3388840.0,31,360,9,6,2585.0,9.2,493,0,13,411585,3388970,495,0,5,-92.4
198701,411405.0,3388840.0,31,360,9,6,2585.0,9.2,493,0,13,411225,3388840,492,21,12,-91.0
198701,411405.0,3388840.0,31,360,9,6,2585.0,9.2,493,0,13,411235,3388830,492,0,5,-86.56
198701,411405.0,3388840.0,31,360,9,6,2585.0,9.2,493,0,13,411350,3388945,490,6,7,-97.2
198701,411405.0,3388840.0,31,360,9,6,2585.0,9.2,493,0,13,411475,3389070,491,6,5,-93.5
198701,411405.0,3388840.0,31,360,9,6,2585.0,9.2,493,0,13,411515,3389110,492,0,12,-91.0
198701,411405.0,3388840.0,31,360,9,6,2585.0,9.2,493,0,13,411285,3388900,490,0,5,-76.83
198701,411405.0,3388840.0,31,360,9,6,2585.0,9.2,493,0,13,411355,3388950,490,6,7,-76.5
198701,411405.0,3388840.0,31,360,9,6,2585.0,9.2,493,0,13,411310,3388905,490,0,5,-73.86
198701,411405.0,3388840.0,31,360,9,6,2585.0,9.2,493,0,13,411305,3388920,490,0,5,-82.33
198701,411405.0,3388840.0,31,360,9,6,2585.0,9.2,493,0,13,411245,3388860,492,0,5,-76.25
198701,411405.0,3388840.0,31,360,9,6,2585.0,9.2,493,0,13,411340,3388955,490,6,7,-78.43
198701,411405.0,3388840.0,31,360,9,6,2585.0,9.2,493,0,13,411275,3388870,491,0,6,-76.37
198701,411405.0,3388840.0,31,360,9,6,2585.0,9.2,493,0,13,411255,3388850,492,0,6,-79.14
198701,411405.0,3388840.0,31,360,9,6,2585.0,9.2,493,0,13,411240,3388855,492,21,5,-78.71
198701,411405.0,3388840.0,31,360,9,6,2585.0,9.2,493,0,13,411265,3388880,491,0,6,-76.16
198701,411405.0,3388840.0,31,360,9,6,2585.0,9.2,493,0,13,411490,3389085,491,0,5,-93.25
198701,411405.0,3388840.0,31,360,9,6,2585.0,9.2,493,0,13,411270,3388865,491,0,6,-79.41
198701,411405.0,3388840.0,31,360,9,6,2585.0,9.2,493,0,13,411250,3388845,492,0,6,-80.42
198701,411405.0,3388840.0,31,360,9,6,2585.0,9.2,493,0,13,411260,3388875,491,0,6,-76.8
198701,411405.0,3388840.0,31,360,9,6,2585.0,9.2,493,0,13,411365,3388980,490,0,5,-78.0
198701,411405.0,3388840.0,31,360,9,6,2585.0,9.2,493,0,13,411295,3388890,490,0,5,-74.47
198701,411405.0,3388840.0,31,360,9,6,2585.0,9.2,493,0,13,411280,3388895,490,0,5,-79.26
198701,411405.0,3388840.0,31,360,9,6,2585.0,9.2,493,0,13,411290,3388885,491,0,5,-73.33
198701,411405.0,3388840.0,31,360,9,6,2585.0,9.2,493,0,13,411510,3389105,492,0,5,-92.0
198701,411405.0,3388840.0,31,360,9,6,2585.0,9.2,493,0,13,411220,3388835,493,0,12,-90.0
198701,411405.0,3388840.0,31,360,9,6,2585.0,9.2,493,0,13,411315,3388910,490,0,5,-74.5
198701,411405.0,3388840.0,31,360,9,6,2585.0,9.2,493,0,13,411230,3388825,493,0,5,-81.33
198701,411405.0,3388840.0,31,360,9,6,2585.0,9.2,493,0,13,411330,3388925,490,6,6,-103.0
198701,411405.0,3388840.0,31,360,9,6,2585.0,9.2,493,0,13,411495,3389090,491,0,6,-92.56
198701,411405.0,3388840.0,31,360,9,6,2585.0,9.2,493,0,13,411430,3388930,492,0,6,-63.5
198701,411405.0,3388840.0,31,360,9,6,2585.0,9.2,493,0,13,411425,3388935,491,0,6,-66.0
198701,411405.0,3388840.0,31,360,9,6,2585.0,9.2,493,0,13,411380,3388900,491,0,5,-72.75
198701,411405.0,3388840.0,31,360,9,6,2585.0,9.2,493,0,13,411395,3388885,491,0,13,-75.33
198701,411405.0,3388840.0,31,360,9,6,2585.0,9.2,493,0,13,411390,3388890,491,0,13,-69.4
198701,411405.0,3388840.0,31,360,9,6,2585.0,9.2,493,0,13,411375,3388905,490,0,5,-68.93
198701,411405.0,3388840.0,31,360,9,6,2585.0,9.2,493,0,13,411515,3388845,493,0,6,-98.7
198701,411405.0,3388840.0,31,360,9,6,2585.0,9.2,493,0,13,411445,3388835,494,0,5,-88.96
198701,411405.0,3388840.0,31,360,9,6,2585.0,9.2,493,0,13,411485,3388875,493,0,5,-79.02
198701,411405.0,3388840.0,31,360,9,6,2585.0,9.2,493,0,13,411495,3388865,493,0,5,-82.88
198701,411405.0,3388840.0,31,360,9,6,2585.0,9.2,493,0,13,411480,3388880,493,0,5,-79.59
198701,411405.0,3388840.0,31,360,9,6,2585.0,9.2,493,0,13,411490,3388870,493,0,5,-82.15
198701,411405.0,3388840.0,31,360,9,6,2585.0,9.2,493,0,13,411440,3388840,494,0,13,-85.87
198701,411405.0,3388840.0,31,360,9,6,2585.0,9.2,493,0,13,411235,3389045,494,0,12,-86.0
198701,411405.0,3388840.0,31,360,9,6,2585.0,9.2,493,0,13,411505,3388855,493,0,5,-90.95
198701,411405.0,3388840.0,31,360,9,6,2585.0,9.2,493,0,13,411240,3389120,494,0,6,-89.0
198701,411405.0,3388840.0,31,360,9,6,2585.0,9.2,493,0,13,411500,3388860,493,0,5,-88.29
198701,411405.0,3388840.0,31,360,9,6,2585.0,9.2,493,0,13,411385,3388895,491,0,5,-65.5
198701,411405.0,3388840.0,31,360,9,6,2585.0,9.2,493,0,13,411360,3388920,490,6,5,-75.5
198701,411405.0,3388840.0,31,360,9,6,2585.0,9.2,493,0,13,411370,3388910,490,0,5,-69.0
198701,411405.0,3388840.0,31,360,9,6,2585.0,9.2,493,0,13,411365,3388915,490,0,5,-74.62
198701,411405.0,3388840.0,31,360,9,6,2585.0,9.2,493,0,13,411330,3389030,491,6,5,-93.0
198701,411405.0,3388840.0,31,360,9,6,2585.0,9.2,493,0,13,411510,3388850,493,0,6,-93.4
198701,411405.0,3388840.0,31,360,9,6,2585.0,9.2,493,0,13,411450,3388830,495,6,5,-88.0
198701,411405.0,3388840.0,31,360,9,6,2585.0,9.2,493,0,13,411525,3388945,493,6,5,-90.67
198701,411405.0,3388840.0,31,360,9,6,2585.0,9.2,493,0,13,411540,3388930,493,0,5,-99.0
198701,411405.0,3388840.0,31,360,9,6,2585.0,9.2,493,0,13,411520,3388950,494,6,5,-88.5
198701,411405.0,3388840.0,31,360,9,6,2585.0,9.2,493,0,13,411555,3388935,494,21,12,-95.67
198701,411405.0,3388840.0,31,360,9,6,2585.0,9.2,493,0,13,411365,3388785,493,6,13,-101.67
198701,411405.0,3388840.0,31,360,9,6,2585.0,9.2,493,0,13,411390,3388780,493,6,13,-93.75
198701,411405.0,3388840.0,31,360,9,6,2585.0,9.2,493,0,13,411370,3388800,493,0,5,-104.17
198701,411405.0,3388840.0,31,360,9,6,2585.0,9.2,493,0,13,411375,3388795,493,0,5,-98.5
198701,411405.0,3388840.0,31,360,9,6,2585.0,9.2,493,0,13,411395,3388775,493,0,13,-95.67
198701,411405.0,3388840.0,31,360,9,6,2585.0,9.2,493,0,13,411495,3389105,492,0,6,-88.5
198701,411405.0,3388840.0,31,360,9,6,2585.0,9.2,493,0,13,411515,3389085,492,0,5,-86.0
198701,411405.0,3388840.0,31,360,9,6,2585.0,9.2,493,0,13,411330,3388950,490,6,7,-84.0
198701,411405.0,3388840.0,31,360,9,6,2585.0,9.2,493,0,13,411355,3388925,490,6,6,-84.75
198701,411405.0,3388840.0,31,360,9,6,2585.0,9.2,493,0,13,411350,3388930,490,0,6,-92.75
198701,411405.0,3388840.0,31,360,9,6,2585.0,9.2,493,0,13,411020,3389260,496,12,5,-99.5
198701,411405.0,3388840.0,31,360,9,6,2585.0,9.2,493,0,13,411215,3388825,493,0,5,-78.0
198701,411405.0,3388840.0,31,360,9,6,2585.0,9.2,493,0,13,411335,3388945,490,0,7,-80.0
198701,411405.0,3388840.0,31,360,9,6,2585.0,9.2,493,0,13,411235,3388805,493,21,12,-94.5
198701,411405.0,3388840.0,31,360,9,6,2585.0,9.2,493,0,13,411510,3389090,492,0,5,-91.67
198701,411405.0,3388840.0,31,360,9,6,2585.0,9.2,493,0,13,411505,3389095,492,0,6,-91.18
198701,411405.0,3388840.0,31,360,9,6,2585.0,9.2,493,0,13,411240,3388880,492,0,5,-75.05
198701,411405.0,3388840.0,31,360,9,6,2585.0,9.2,493,0,13,411265,3388855,492,0,6,-81.14
198701,411405.0,3388840.0,31,360,9,6,2585.0,9.2,493,0,13,411260,3388860,492,0,6,-80.51
198701,411405.0,3388840.0,31,360,9,6,2585.0,9.2,493,0,13,411255,3388865,492,0,6,-76.0
198701,411405.0,3388840.0,31,360,9,6,2585.0,9.2,493,0,13,411315,3388885,491,0,5,-76.88
198701,411405.0,3388840.0,31,360,9,6,2585.0,9.2,493,0,13,411275,3388845,492,0,6,-82.84
198701,411405.0,3388840.0,31,360,9,6,2585.0,9.2,493,0,13,411310,3388890,491,0,5,-69.9
198701,411405.0,3388840.0,31,360,9,6,2585.0,9.2,493,0,13,411245,3388875,492,0,5,-72.11
198701,411405.0,3388840.0,31,360,9,6,2585.0,9.2,493,0,13,411250,3388870,492,0,6,-74.29
198701,411405.0,3388840.0,31,360,9,6,2585.0,9.2,493,0,13,411270,3388850,492,0,6,-84.11
198701,411405.0,3388840.0,31,360,9,6,2585.0,9.2,493,0,13,411500,3389100,492,0,6,-90.13
198701,411405.0,3388840.0,31,360,9,6,2585.0,9.2,493,0,13,411305,3388895,490,0,5,-71.88
198701,411405.0,3388840.0,31,360,9,6,2585.0,9.2,493,0,13,411365,3388995,490,0,5,-90.0
198701,411405.0,3388840.0,31,360,9,6,2585.0,9.2,493,0,13,411360,3389000,490,0,13,-91.0
198701,411405.0,3388840.0,31,360,9,6,2585.0,9.2,493,0,13,411230,3388810,493,21,12,-91.5
198701,411405.0,3388840.0,31,360,9,6,2585.0,9.2,493,0,13,411345,3388935,490,0,5,-86.6
198701,411405.0,3388840.0,31,360,9,6,2585.0,9.2,493,0,13,411300,3388900,490,0,5,-72.25
198701,411405.0,3388840.0,31,360,9,6,2585.0,9.2,493,0,13,411340,3388940,490,0,7,-81.83
198701,411405.0,3388840.0,31,360,9,6,2585.0,9.2,493,0,13,411200,3388780,493,21,5,-76.0
198701,411405.0,3388840.0,31,360,9,6,2585.0,9.2,493,0,13,411620,3389040,495,0,5,-100.5
198701,411405.0,3388840.0,31,360,9,6,2585.0,9.2,493,0,13,411290,3388690,493,0,5,-108.5
198701,411405.0,3388840.0,31,360,9,6,2585.0,9.2,493,0,13,411260,3388760,493,0,6,-94.41
198701,411405.0,3388840.0,31,360,9,6,2585.0,9.2,493,0,13,411235,3388785,493,0,5,-85.0
198701,411405.0,3388840.0,31,360,9,6,2585.0,9.2,493,0,13,411270,3388750,493,0,6,-93.18
198701,411405.0,3388840.0,31,360,9,6,2585.0,9.2,493,0,13,411255,3388725,493,0,6,-94.25
198701,411405.0,3388840.0,31,360,9,6,2585.0,9.2,493,0,13,411250,3388730,493,0,5,-95.0
198701,411405.0,3388840.0,31,360,9,6,2585.0,9.2,493,0,13,411275,3388745,494,0,6,-93.83
198701,411405.0,3388840.0,31,360,9,6,2585.0,9.2,493,0,13,411400,3388580,491,0,5,-121.0
198701,411405.0,3388840.0,31,360,9,6,2585.0,9.2,493,0,13,411265,3388755,493,0,6,-88.05
198701,411405.0,3388840.0,31,360,9,6,2585.0,9.2,493,0,13,411600,3389020,495,0,5,-91.4
198701,411405.0,3388840.0,31,360,9,6,2585.0,9.2,493,0,13,411610,3389010,494,0,5,-104.5
198701,411405.0,3388840.0,31,360,9,6,2585.0,9.2,493,0,13,411240,3388740,493,21,5,-95.5
198701,411405.0,3388840.0,31,360,9,6,2585.0,9.2,493,0,13,411225,3388795,493,0,5,-101.0
198701,411405.0,3388840.0,31,360,9,6,2585.0,9.2,493,0,13,411245,3388735,493,0,5,-94.2
198701,411405.0,3388840.0,31,360,9,6,2585.0,9.2,493,0,13,411575,3389045,494,21,5,-95.67
198701,411405.0,3388840.0,31,360,9,6,2585.0,9.2,493,0,13,411230,3388790,493,0,5,-88.0
198701,411405.0,3388840.0,31,360,9,6,2585.0,9.2,493,0,13,411535,3388945,494,6,5,-89.0
198701,411405.0,3388840.0,31,360,9,6,2585.0,9.2,493,0,13,411540,3388940,494,0,5,-94.89
198701,411405.0,3388840.0,31,360,9,6,2585.0,9.2,493,0,13,411675,3388805,496,0,5,-117.0
198701,411405.0,3388840.0,31,360,9,6,2585.0,9.2,493,0,13,411280,3388560,497,0,6,-85.5
198701,411405.0,3388840.0,31,360,9,6,2585.0,9.2,493,0,13,411365,3388795,493,0,5,-100.67
198701,411405.0,3388840.0,31,360,9,6,2585.0,9.2,493,0,13,411360,3388800,493,0,13,-94.33
198701,411405.0,3388840.0,31,360,9,6,2585.0,9.2,493,0,13,411570,3388910,494,0,5,-106.0
198701,411405.0,3388840.0,31,360,9,6,2585.0,9.2,493,0,13,411160,3388900,492,0,5,-89.5
198701,411405.0,3388840.0,31,360,9,6,2585.0,9.2,493,0,13,411170,3388890,492,6,5,-88.5
198701,411405.0,3388840.0,31,360,9,6,2585.0,9.2,493,0,13,411175,3388885,492,0,5,-86.0
198701,411405.0,3388840.0,31,360,9,6,2585.0,9.2,493,0,13,411460,3389280,494,0,5,-98.0
198701,411405.0,3388840.0,31,360,9,6,2585.0,9.2,493,0,13,411585,3389000,495,21,5,-83.5
198701,411405.0,3388840.0,31,360,9,6,2585.0,9.2,493,0,13,411315,3388790,493,6,13,-96.0
198701,411405.0,3388840.0,31,360,9,6,2585.0,9.2,493,0,13,411590,3388985,495,0,5,-106.0
198701,411405.0,3388840.0,31,360,9,6,2585.0,9.2,493,0,13,411530,3389005,494,0,13,-81.5
198701,411405.0,3388840.0,31,360,9,6,2585.0,9.2,493,0,13,411595,3388990,494,0,5,-87.67
198701,411405.0,3388840.0,31,360,9,6,2585.0,9.2,493,0,13,411560,3388975,495,0,12,-84.25
198701,411405.0,3388840.0,31,360,9,6,2585.0,9.2,493,0,13,411280,3388775,493,0,6,-90.54
198701,411405.0,3388840.0,31,360,9,6,2585.0,9.2,493,0,13,411525,3389020,494,0,5,-89.0
198701,411405.0,3388840.0,31,360,9,6,2585.0,9.2,493,0,13,411565,3388980,495,0,5,-84.45
198701,411405.0,3388840.0,31,360,9,6,2585.0,9.2,493,0,13,411395,3388550,490,0,12,-123.5
198701,411405.0,3388840.0,31,360,9,6,2585.0,9.2,493,0,13,411380,3388555,490,0,5,-111.5
198701,411405.0,3388840.0,31,360,9,6,2585.0,9.2,493,0,13,411290,3388765,493,6,5,-89.5
198701,411405.0,3388840.0,31,360,9,6,2585.0,9.2,493,0,13,411285,3388780,493,0,5,-90.81
198701,411405.0,3388840.0,31,360,9,6,2585.0,9.2,493,0,13,411265,3388680,493,0,6,-118.5
198701,411405.0,3388840.0,31,360,9,6,2585.0,9.2,493,0,13,411295,3388770,493,0,12,-84.67
198701,411405.0,3388840.0,31,360,9,6,2585.0,9.2,493,0,13,411640,3389055,495,0,5,-89.5
198701,411405.0,3388840.0,31,360,9,6,2585.0,9.2,493,0,13,411535,3389010,494,0,13,-87.88
198701,411405.0,3388840.0,31,360,9,6,2585.0,9.2,493,0,13,411550,3389025,494,0,5,-92.25
198701,411405.0,3388840.0,31,360,9,6,2585.0,9.2,493,0,13,411575,3388970,495,0,5,-87.67
198701,411405.0,3388840.0,31,360,9,6,2585.0,9.2,493,0,13,411570,3388965,495,0,5,-91.83
198701,411405.0,3388840.0,31,360,9,6,2585.0,9.2,493,0,13,411430,3388895,492,0,5,-76.5
198701,411405.0,3388840.0,31,360,9,6,2585.0,9.2,493,0,13,411355,3388980,490,0,13,-79.0
198701,411405.0,3388840.0,31,360,9,6,2585.0,9.2,493,0,13,411350,3388975,490,0,13,-77.5
198701,411405.0,3388840.0,31,360,9,6,2585.0,9.2,493,0,13,411395,3388940,491,0,7,-83.5
198701,411405.0,3388840.0,31,360,9,6,2585.0,9.2,493,0,13,411470,3388855,494,0,5,-85.67
198701,411405.0,3388840.0,31,360,9,6,2585.0,9.2,493,0,13,411490,3388835,494,0,5,-89.25
198701,411405.0,3388840.0,31,360,9,6,2585.0,9.2,493,0,13,411370,3388955,490,0,7,-82.2
198701,411405.0,3388840.0,31,360,9,6,2585.0,9.2,493,0,13,411435,3388900,492,0,5,-96.0
198701,411405.0,3388840.0,31,360,9,6,2585.0,9.2,493,0,13,411520,3388785,494,0,5,-100.67
198701,411405.0,3388840.0,31,360,9,6,2585.0,9.2,493,0,13,411505,3388810,494,0,5,-100.33
198701,411405.0,3388840.0,31,360,9,6,2585.0,9.2,493,0,13,411460,3388845,494,0,5,-87.0
198701,411405.0,3388840.0,31,360,9,6,2585.0,9.2,493,0,13,411390,3388935,491,0,5,-76.24
198701,411405.0,3388840.0,31,360,9,6,2585.0,9.2,493,0,13,411230,3389095,495,0,12,-83.0
198701,411405.0,3388840.0,31,360,9,6,2585.0,9.2,493,0,13,411385,3388930,490,0,6,-73.0
198701,411405.0,3388840.0,31,360,9,6,2585.0,9.2,493,0,13,411465,3388850,494,0,5,-88.6
198701,411405.0,3388840.0,31,360,9,6,2585.0,9.2,493,0,13,411425,3388890,492,0,13,-84.4
198701,411405.0,3388840.0,31,360,9,6,2585.0,9.2,493,0,13,411495,3388840,494,0,5,-90.29
198701,411405.0,3388840.0,31,360,9,6,2585.0,9.2,493,0,13,411500,3388805,494,0,5,-97.0
198701,411405.0,3388840.0,31,360,9,6,2585.0,9.2,493,0,13,411235,3389100,495,0,5,-85.2
198701,411405.0,3388840.0,31,360,9,6,2585.0,9.2,493,0,13,411440,3388865,493,0,13,-76.9
198701,411405.0,3388840.0,31,360,9,6,2585.0,9.2,493,0,13,411450,3388875,493,0,13,-79.04
198701,411405.0,3388840.0,31,360,9,6,2585.0,9.2,493,0,13,411455,3388880,493,0,13,-78.97
198701,411405.0,3388840.0,31,360,9,6,2585.0,9.2,493,0,13,411475,3388860,494,0,5,-81.25
198701,411405.0,3388840.0,31,360,9,6,2585.0,9.2,493,0,13,411360,3388945,490,6,7,-85.22
198701,411405.0,3388840.0,31,360,9,6,2585.0,9.2,493,0,13,411510,3388815,494,0,6,-100.44
198701,411405.0,3388840.0,31,360,9,6,2585.0,9.2,493,0,13,411380,3388925,490,0,6,-71.79
198701,411405.0,3388840.0,31,360,9,6,2585.0,9.2,493,0,13,411240,3389065,494,0,6,-83.6
198701,411405.0,3388840.0,31,360,9,6,2585.0,9.2,493,0,13,411445,3388870,493,0,13,-76.29
198701,411405.0,3388840.0,31,360,9,6,2585.0,9.2,493,0,13,411420,3388885,492,0,13,-83.15
198701,411405.0,3388840.0,31,360,9,6,2585.0,9.2,493,0,13,411515,3388820,494,0,6,-96.6
198701,411405.0,3388840.0,31,360,9,6,2585.0,9.2,493,0,13,411365,3388950,490,0,7,-73.78
198701,411405.0,3388840.0,31,360,9,6,2585.0,9.2,493,0,13,411435,3389305,493,0,5,-97.5
198701,411405.0,3388840.0,31,360,9,6,2585.0,9.2,493,0,13,410075,3390875,499,0,5,-84.5
198701,411405.0,3388840.0,31,360,9,6,2585.0,9.2,493,0,13,410045,3390885,499,0,5,-94.0
198701,411405.0,3388840.0,31,360,9,6,2585.0,9.2,493,0,13,411165,3388865,493,0,5,-85.0
198701,411405.0,3388840.0,31,360,9,6,2585.0,9.2,493,0,13,411175,3388875,493,0,5,-90.29
198701,411405.0,3388840.0,31,360,9,6,2585.0,9.2,493,0,13,411170,3388880,493,0,5,-84.57
198701,411405.0,3388840.0,31,360,9,6,2585.0,9.2,493,0,13,411490,3388815,494,0,5,-98.5
198701,411405.0,3388840.0,31,360,9,6,2585.0,9.2,493,0,13,411425,3388910,491,0,5,-84.5
198701,411405.0,3388840.0,31,360,9,6,2585.0,9.2,493,0,13,411410,3388895,491,0,5,-85.0
198701,411405.0,3388840.0,31,360,9,6,2585.0,9.2,493,0,13,411360,3388925,490,6,6,-79.5
198701,411405.0,3388840.0,31,360,9,6,2585.0,9.2,493,0,13,411380,3388945,490,0,5,-77.45
198701,411405.0,3388840.0,31,360,9,6,2585.0,9.2,493,0,13,411405,3388890,491,0,13,-80.75
198701,411405.0,3388840.0,31,360,9,6,2585.0,9.2,493,0,13,411240,3389045,494,0,6,-85.75
198701,411405.0,3388840.0,31,360,9,6,2585.0,9.2,493,0,13,411505,3388830,494,0,5,-94.8
198701,411405.0,3388840.0,31,360,9,6,2585.0,9.2,493,0,13,411535,3388780,494,0,5,-126.0
198701,411405.0,3388840.0,31,360,9,6,2585.0,9.2,493,0,13,411450,3388855,494,0,5,-81.3
198701,411405.0,3388840.0,31,360,9,6,2585.0,9.2,493,0,13,411470,3388875,493,0,13,-79.39
198701,411405.0,3388840.0,31,360,9,6,2585.0,9.2,493,0,13,411460,3388865,494,0,13,-81.61
198701,411405.0,3388840.0,31,360,9,6,2585.0,9.2,493,0,13,411255,3389060,494,0,7,-87.33
198701,411405.0,3388840.0,31,360,9,6,2585.0,9.2,493,0,13,411235,3389120,494,0,6,-89.4
198701,411405.0,3388840.0,31,360,9,6,2585.0,9.2,493,0,13,411370,3388935,490,0,5,-71.0
198701,411405.0,3388840.0,31,360,9,6,2585.0,9.2,493,0,13,411530,3388775,494,0,5,-103.0
198701,411405.0,3388840.0,31,360,9,6,2585.0,9.2,493,0,13,411445,3388850,494,0,13,-82.9
198701,411405.0,3388840.0,31,360,9,6,2585.0,9.2,493,0,13,411440,3388845,494,0,13,-85.01
198701,411405.0,3388840.0,31,360,9,6,2585.0,9.2,493,0,13,411510,3388835,494,0,6,-96.0
198701,411405.0,3388840.0,31,360,9,6,2585.0,9.2,493,0,13,411500,3388825,494,0,5,-93.88
198701,411405.0,3388840.0,31,360,9,6,2585.0,9.2,493,0,13,411245,3389050,494,0,6,-84.0
198701,411405.0,3388840.0,31,360,9,6,2585.0,9.2,493,0,13,411515,3388840,493,0,6,-94.0
198701,411405.0,3388840.0,31,360,9,6,2585.0,9.2,493,0,13,411475,3388880,493,0,5,-79.94
198701,411405.0,3388840.0,31,360,9,6,2585.0,9.2,493,0,13,411250,3389055,494,0,6,-87.67
198701,411405.0,3388840.0,31,360,9,6,2585.0,9.2,493,0,13,411455,3388860,494,0,5,-83.63
198701,411405.0,3388840.0,31,360,9,6,2585.0,9.2,493,0,13,411375,3388940,490,0,5,-70.0
198701,411405.0,3388840.0,31,360,9,6,2585.0,9.2,493,0,13,411465,3388870,493,0,13,-80.09
198701,411405.0,3388840.0,31,360,9,6,2585.0,9.2,493,0,13,411540,3388785,494,0,5,-109.0
198701,411405.0,3388840.0,31,360,9,6,2585.0,9.2,493,0,13,411525,3388770,494,0,5,-112.5
198701,411405.0,3388840.0,31,360,9,6,2585.0,9.2,493,0,13,411230,3389115,495,0,13,-84.0
198701,411405.0,3388840.0,31,360,9,6,2585.0,9.2,493,0,13,411415,3388900,491,0,5,-81.75
198701,411405.0,3388840.0,31,360,9,6,2585.0,9.2,493,0,13,411260,3389065,494,0,6,-81.75
198701,411405.0,3388840.0,31,360,9,6,2585.0,9.2,493,0,13,411225,3389110,495,0,5,-84.67
198701,411405.0,3388840.0,31,360,9,6,2585.0,9.2,493,0,13,411385,3388950,490,0,7,-78.5
198701,411405.0,3388840.0,31,360,9,6,2585.0,9.2,493,0,13,411520,3388765,494,0,6,-104.5
198701,411405.0,3388840.0,31,360,9,6,2585.0,9.2,493,0,13,411400,3388885,492,0,13,-75.36
198701,411405.0,3388840.0,31,360,9,6,2585.0,9.2,493,0,13,411355,3389000,490,6,13,-81.67
198701,411405.0,3388840.0,31,360,9,6,2585.0,9.2,493,0,13,411340,3388985,491,0,5,-85.67
198701,411405.0,3388840.0,31,360,9,6,2585.0,9.2,493,0,13,411365,3388930,490,0,6,-70.15
198701,411405.0,3388840.0,31,360,9,6,2585.0,9.2,493,0,13,411495,3388820,494,0,5,-89.67
198701,411405.0,3388840.0,31,360,9,6,2585.0,9.2,493,0,13,411395,3388960,491,0,5,-78.5
198701,411405.0,3388840.0,31,360,9,6,2585.0,9.2,493,0,13,410830,3388640,492,117,5,-105.0
198701,411405.0,3388840.0,31,360,9,6,2585.0,9.2,493,0,13,411320,3388825,492,0,13,-96.5
198701,411405.0,3388840.0,31,360,9,6,2585.0,9.2,493,0,13,411480,3388985,493,0,13,-92.0
198701,411405.0,3388840.0,31,360,9,6,2585.0,9.2,493,0,13,411225,3388930,492,0,12,-101.0
198701,411405.0,3388840.0,31,360,9,6,2585.0,9.2,493,0,13,411340,3388805,493,6,5,-88.5
198701,411405.0,3388840.0,31,360,9,6,2585.0,9.2,493,0,13,411355,3388820,493,15,5,-88.67
198701,411405.0,3388840.0,31,360,9,6,2585.0,9.2,493,0,13,411350,3388815,493,0,5,-92.6
198701,411405.0,3388840.0,31,360,9,6,2585.0,9.2,493,0,13,411495,3389000,494,0,5,-85.69
198701,411405.0,3388840.0,31,360,9,6,2585.0,9.2,493,0,13,411330,3388835,492,0,5,-100.86
198701,411405.0,3388840.0,31,360,9,6,2585.0,9.2,493,0,13,411270,3388895,491,0,6,-79.45
198701,411405.0,3388840.0,31,360,9,6,2585.0,9.2,493,0,13,411515,3388980,494,0,5,-84.2
198701,411405.0,3388840.0,31,360,9,6,2585.0,9.2,493,0,13,411335,3388840,492,0,13,-83.56
198701,411405.0,3388840.0,31,360,9,6,2585.0,9.2,493,0,13,411345,3388810,493,0,5,-93.25
198701,411405.0,3388840.0,31,360,9,6,2585.0,9.2,493,0,13,411255,3388920,491,0,6,-77.67
198701,411405.0,3388840.0,31,360,9,6,2585.0,9.2,493,0,13,411260,3388885,491,0,6,-78.33
198701,411405.0,3388840.0,31,360,9,6,2585.0,9.2,493,0,13,411030,3389135,498,0,5,-103.0
198701,411405.0,3388840.0,31,360,9,6,2585.0,9.2,493,0,13,411290,3388875,491,0,13,-74.6
198701,411405.0,3388840.0,31,360,9,6,2585.0,9.2,493,0,13,411315,3388860,491,0,13,-75.65
198701,411405.0,3388840.0,31,360,9,6,2585.0,9.2,493,0,13,411305,3388850,492,0,13,-78.71
198701,411405.0,3388840.0,31,360,9,6,2585.0,9.2,493,0,13,411505,3388970,494,0,6,-82.3
198701,411405.0,3388840.0,31,360,9,6,2585.0,9.2,493,0,13,411295,3388880,491,0,5,-75.22
198701,411405.0,3388840.0,31,360,9,6,2585.0,9.2,493,0,13,411265,3388890,491,0,6,-78.98
198701,411405.0,3388840.0,31,360,9,6,2585.0,9.2,493,0,13,411500,3388965,493,0,6,-80.67
198701,411405.0,3388840.0,31,360,9,6,2585.0,9.2,493,0,13,411510,3388975,494,0,6,-81.79
198701,411405.0,3388840.0,31,360,9,6,2585.0,9.2,493,0,13,411285,3388870,491,0,5,-77.43
198701,411405.0,3388840.0,31,360,9,6,2585.0,9.2,493,0,13,411310,3388855,491,0,5,-72.74
198701,411405.0,3388840.0,31,360,9,6,2585.0,9.2,493,0,13,411240,3388905,491,0,12,-71.37
198701,411405.0,3388840.0,31,360,9,6,2585.0,9.2,493,0,13,411280,3388865,491,0,5,-75.93
198701,411405.0,3388840.0,31,360,9,6,2585.0,9.2,493,0,13,411275,3388900,490,0,6,-78.02
198701,411405.0,3388840.0,31,360,9,6,2585.0,9.2,493,0,13,411245,3388910,491,0,6,-77.4
198701,411405.0,3388840.0,31,360,9,6,2585.0,9.2,493,0,13,411490,3388995,494,0,5,-84.36
198701,411405.0,3388840.0,31,360,9,6,2585.0,9.2,493,0,13,411300,3388845,492,0,13,-72.29
198701,411405.0,3388840.0,31,360,9,6,2585.0,9.2,493,0,13,411485,3388990,494,0,5,-86.8
198701,411405.0,3388840.0,31,360,9,6,2585.0,9.2,493,0,13,411325,3388830,492,0,13,-93.29
198701,411405.0,3388840.0,31,360,9,6,2585.0,9.2,493,0,13,411035,3389140,497,0,5,-91.43
198701,411405.0,3388840.0,31,360,9,6,2585.0,9.2,493,0,13,411250,3388915,491,0,6,-89.0
198701,411405.0,3388840.0,31,360,9,6,2585.0,9.2,493,0,13,411300,3388950,491,0,5,-83.5
198701,411405.0,3388840.0,31,360,9,6,2585.0,9.2,493,0,13,411325,3388885,491,0,5,-74.75
198701,411405.0,3388840.0,31,360,9,6,2585.0,9.2,493,0,13,411225,3388865,492,21,12,-76.67
198701,411405.0,3388840.0,31,360,9,6,2585.0,9.2,493,0,13,411220,3388870,492,21,12,-75.17
198701,411405.0,3388840.0,31,360,9,6,2585.0,9.2,493,0,13,411330,3388900,490,0,5,-68.0
198701,411405.0,3388840.0,31,360,9,6,2585.0,9.2,493,0,13,411500,3389070,492,0,6,-93.25
198701,411405.0,3388840.0,31,360,9,6,2585.0,9.2,493,0,13,411495,3389055,492,0,6,-88.43
198701,411405.0,3388840.0,31,360,9,6,2585.0,9.2,493,0,13,411250,3388820,492,0,6,-88.75
198701,411405.0,3388840.0,31,360,9,6,2585.0,9.2,493,0,13,411340,3388910,490,0,5,-71.7
198701,411405.0,3388840.0,31,360,9,6,2585.0,9.2,493,0,13,411260,3388830,492,0,6,-83.93
198701,411405.0,3388840.0,31,360,9,6,2585.0,9.2,493,0,13,411270,3388840,492,0,6,-84.45
198701,411405.0,3388840.0,31,360,9,6,2585.0,9.2,493,0,13,411255,3388815,492,0,6,-89.98
198701,411405.0,3388840.0,31,360,9,6,2585.0,9.2,493,0,13,411230,3388880,492,0,5,-79.32
198701,411405.0,3388840.0,31,360,9,6,2585.0,9.2,493,0,13,411335,3388895,490,0,5,-82.86
198701,411405.0,3388840.0,31,360,9,6,2585.0,9.2,493,0,13,411265,3388825,492,0,7,-87.67
198701,411405.0,3388840.0,31,360,9,6,2585.0,9.2,493,0,13,411350,3388920,490,6,5,-90.2
198701,411405.0,3388840.0,31,360,9,6,2585.0,9.2,493,0,13,411345,3388905,490,0,5,-74.08
198701,411405.0,3388840.0,31,360,9,6,2585.0,9.2,493,0,13,411235,3388875,492,0,5,-74.09
198701,411405.0,3388840.0,31,360,9,6,2585.0,9.2,493,0,13,411275,3388835,492,0,6,-84.1
198701,411405.0,3388840.0,31,360,9,6,2585.0,9.2,493,0,13,411035,3389235,496,9,5,-102.5
198701,411405.0,3388840.0,31,360,9,6,2585.0,9.2,493,0,13,411245,3388805,493,0,5,-90.62
198701,411405.0,3388840.0,31,360,9,6,2585.0,9.2,493,0,13,411505,3389065,492,0,6,-91.8
198701,411405.0,3388840.0,31,360,9,6,2585.0,9.2,493,0,13,411320,3388890,491,0,5,-75.5
198701,411405.0,3388840.0,31,360,9,6,2585.0,9.2,493,0,13,411485,3389045,492,0,5,-89.0
198701,411405.0,3388840.0,31,360,9,6,2585.0,9.2,493,0,13,411490,3389060,492,0,5,-92.11
198701,411405.0,3388840.0,31,360,9,6,2585.0,9.2,493,0,13,411240,3388810,493,21,12,-98.08
198701,411405.0,3388840.0,31,360,9,6,2585.0,9.2,493,0,13,411355,3388915,490,6,5,-80.89
198701,411405.0,3388840.0,31,360,9,6,2585.0,9.2,493,0,13,411480,3389050,492,0,5,-91.33
198701,411405.0,3388840.0,31,360,9,6,2585.0,9.2,493,0,13,411290,3388940,491,0,5,-74.33
198701,411405.0,3388840.0,31,360,9,6,2585.0,9.2,493,0,13,410765,3388650,490,117,10,-98.5
198701,411405.0,3388840.0,31,360,9,6,2585.0,9.2,493,0,13,411190,3388785,493,0,12,-93.5
198701,411405.0,3388840.0,31,360,9,6,2585.0,9.2,493,0,13,411225,3388785,493,21,12,-117.0
198701,411405.0,3388840.0,31,360,9,6,2585.0,9.2,493,0,13,411220,3388790,493,0,5,-107.0
198701,411405.0,3388840.0,31,360,9,6,2585.0,9.2,493,0,13,411600,3389010,494,21,6,-99.5
198701,411405.0,3388840.0,31,360,9,6,2585.0,9.2,493,0,13,411290,3388700,494,0,5,-93.0
198701,411405.0,3388840.0,31,360,9,6,2585.0,9.2,493,0,13,411230,3388800,493,0,5,-88.5
198701,411405.0,3388840.0,31,360,9,6,2585.0,9.2,493,0,13,411255,3388735,493,0,6,-90.4
198701,411405.0,3388840.0,31,360,9,6,2585.0,9.2,493,0,13,411250,3388740,493,0,6,-93.18
198701,411405.0,3388840.0,31,360,9,6,2585.0,9.2,493,0,13,411260,3388750,493,0,6,-93.1
198701,411405.0,3388840.0,31,360,9,6,2585.0,9.2,493,0,13,411275,3388755,493,0,6,-92.7
198701,411405.0,3388840.0,31,360,9,6,2585.0,9.2,493,0,13,411270,3388760,493,0,6,-89.47
198701,411405.0,3388840.0,31,360,9,6,2585.0,9.2,493,0,13,411280,3388690,493,0,6,-98.5
198701,411405.0,3388840.0,31,360,9,6,2585.0,9.2,493,0,13,411265,3388745,493,0,6,-92.36
198701,411405.0,3388840.0,31,360,9,6,2585.0,9.2,493,0,13,411350,3388680,493,9,5,-87.0
198701,411405.0,3388840.0,31,360,9,6,2585.0,9.2,493,0,13,411285,3388685,493,0,6,-97.5
198701,411405.0,3388840.0,31,360,9,6,2585.0,9.2,493,0,13,411620,3389030,495,0,5,-99.0
198701,411405.0,3388840.0,31,360,9,6,2585.0,9.2,493,0,13,411605,3389005,494,0,6,-106.33
198701,411405.0,3388840.0,31,360,9,6,2585.0,9.2,493,0,13,411235,3388795,493,21,12,-93.63
198701,411405.0,3388840.0,31,360,9,6,2585.0,9.2,493,0,13,411370,3388765,493,6,13,-93.33
198701,411405.0,3388840.0,31,360,9,6,2585.0,9.2,493,0,13,411540,3388955,494,0,13,-86.5
198701,411405.0,3388840.0,31,360,9,6,2585.0,9.2,493,0,13,411555,3388950,494,21,12,-89.0
198701,411405.0,3388840.0,31,360,9,6,2585.0,9.2,493,0,13,411525,3388940,493,6,5,-83.0
198701,411405.0,3388840.0,31,360,9,6,2585.0,9.2,493,0,13,411380,3388795,493,0,13,-102.63
198701,411405.0,3388840.0,31,360,9,6,2585.0,9.2,493,0,13,411390,3388785,493,6,13,-94.0
198701,411405.0,3388840.0,31,360,9,6,2585.0,9.2,493,0,13,411520,3388935,493,6,5,-82.38
198701,411405.0,3388840.0,31,360,9,6,2585.0,9.2,493,0,13,411385,3388800,493,12,13,-100.28
198701,411405.0,3388840.0,31,360,9,6,2585.0,9.2,493,0,13,411545,3388960,494,0,5,-88.25
198701,411405.0,3388840.0,31,360,9,6,2585.0,9.2,493,0,13,411395,3388790,493,6,5,-94.6
198701,411405.0,3388840.0,31,360,9,6,2585.0,9.2,493,0,13,411530,3388925,493,6,5,-85.5
198701,411405.0,3388840.0,31,360,9,6,2585.0,9.2,493,0,13,411640,3389005,495,0,5,-102.0
198701,411405.0,3388840.0,31,360,9,6,2585.0,9.2,493,0,13,411630,3388995,494,21,5,-117.5
198701,411405.0,3388840.0,31,360,9,6,2585.0,9.2,493,0,13,411605,3388970,495,0,5,-103.0
198701,411405.0,3388840.0,31,360,9,6,2585.0,9.2,493,0,13,411645,3389010,495,0,5,-111.0
198701,411405.0,3388840.0,31,360,9,6,2585.0,9.2,493,0,13,411600,3388965,495,0,5,-100.86
198701,411405.0,3388840.0,31,360,9,6,2585.0,9.2,493,0,13,411245,3388770,493,0,6,-88.85
198701,411405.0,3388840.0,31,360,9,6,2585.0,9.2,493,0,13,411265,3388790,493,0,7,-88.44
198701,411405.0,3388840.0,31,360,9,6,2585.0,9.2,493,0,13,411240,3388765,493,0,6,-93.0
198701,411405.0,3388840.0,31,360,9,6,2585.0,9.2,493,0,13,411250,3388775,493,0,6,-95.47
198701,411405.0,3388840.0,31,360,9,6,2585.0,9.2,493,0,13,411260,3388785,493,0,6,-94.28
198701,411405.0,3388840.0,31,360,9,6,2585.0,9.2,493,0,13,411255,3388780,493,0,6,-89.35
198701,411405.0,3388840.0,31,360,9,6,2585.0,9.2,493,0,13,411275,3388800,493,0,6,-88.97
198701,411405.0,3388840.0,31,360,9,6,2585.0,9.2,493,0,13,411270,3388795,493,0,6,-91.41
198701,411405.0,3388840.0,31,360,9,6,2585.0,9.2,493,0,13,411560,3388935,494,21,12,-87.5
198701,411405.0,3388840.0,31,360,9,6,2585.0,9.2,493,0,13,411420,3388795,494,0,5,-99.0
198701,411405.0,3388840.0,31,360,9,6,2585.0,9.2,493,0,13,411590,3388945,495,0,5,-101.33
198701,411405.0,3388840.0,31,360,9,6,2585.0,9.2,493,0,13,411595,3388950,495,0,5,-101.3
198701,411405.0,3388840.0,31,360,9,6,2585.0,9.2,493,0,13,411585,3388960,495,0,5,-97.13
198701,411405.0,3388840.0,31,360,9,6,2585.0,9.2,493,0,13,411530,3388885,493,0,5,-97.67
198701,411405.0,3388840.0,31,360,9,6,2585.0,9.2,493,0,13,411520,3388895,493,0,5,-89.2
198701,411405.0,3388840.0,31,360,9,6,2585.0,9.2,493,0,13,411545,3388920,493,0,12,-88.5
198701,411405.0,3388840.0,31,360,9,6,2585.0,9.2,493,0,13,411580,3388955,495,0,5,-103.29
198701,411405.0,3388840.0,31,360,9,6,2585.0,9.2,493,0,13,411540,3388915,493,6,12,-86.2
198701,411405.0,3388840.0,31,360,9,6,2585.0,9.2,493,0,13,411575,3388930,494,0,5,-101.5
198701,411405.0,3388840.0,31,360,9,6,2585.0,9.2,493,0,13,411565,3388940,494,0,12,-99.2
198701,411405.0,3388840.0,31,360,9,6,2585.0,9.2,493,0,13,411570,3388925,494,0,5,-99.5
198701,411405.0,3388840.0,31,360,9,6,2585.0,9.2,493,0,13,411220,3388795,493,0,5,-101.0
198701,411405.0,3388840.0,31,360,9,6,2585.0,9.2,493,0,13,411520,3389095,492,0,5,-93.5
198701,411405.0,3388840.0,31,360,9,6,2585.0,9.2,493,0,13,411410,3388565,491,0,12,-114.0
198701,411405.0,3388840.0,31,360,9,6,2585.0,9.2,493,0,13,411230,3388785,493,21,12,-93.33
198701,411405.0,3388840.0,31,360,9,6,2585.0,9.2,493,0,13,411610,3389005,494,0,5,-116.5
198701,411405.0,3388840.0,31,360,9,6,2585.0,9.2,493,0,13,411255,3388730,493,0,6,-92.23
198701,411405.0,3388840.0,31,360,9,6,2585.0,9.2,493,0,13,411235,3388790,493,21,5,-96.25
198701,411405.0,3388840.0,31,360,9,6,2585.0,9.2,493,0,13,411260,3388755,493,0,6,-90.58
198701,411405.0,3388840.0,31,360,9,6,2585.0,9.2,493,0,13,411275,3388750,494,0,6,-89.69
198701,411405.0,3388840.0,31,360,9,6,2585.0,9.2,493,0,13,411285,3388700,494,0,6,-89.67
198701,411405.0,3388840.0,31,360,9,6,2585.0,9.2,493,0,13,411265,3388760,493,0,6,-93.0
198701,411405.0,3388840.0,31,360,9,6,2585.0,9.2,493,0,13,411270,3388745,494,0,6,-93.25
198701,411405.0,3388840.0,31,360,9,6,2585.0,9.2,493,0,13,411605,3389020,495,18,5,-93.25
198701,411405.0,3388840.0,31,360,9,6,2585.0,9.2,493,0,13,410840,3388650,493,0,5,-97.0
198701,411405.0,3388840.0,31,360,9,6,2585.0,9.2,493,0,13,411605,3388990,494,21,5,-102.0
198701,411405.0,3388840.0,31,360,9,6,2585.0,9.2,493,0,13,411245,3388790,493,0,5,-91.86
198701,411405.0,3388840.0,31,360,9,6,2585.0,9.2,493,0,13,411250,3388795,493,0,6,-93.78
198701,411405.0,3388840.0,31,360,9,6,2585.0,9.2,493,0,13,411255,3388800,493,0,6,-93.73
198701,411405.0,3388840.0,31,360,9,6,2585.0,9.2,493,0,13,411260,3388765,493,0,6,-90.89
198701,411405.0,3388840.0,31,360,9,6,2585.0,9.2,493,0,13,411270,3388775,493,0,6,-88.93
198701,411405.0,3388840.0,31,360,9,6,2585.0,9.2,493,0,13,411275,3388780,493,0,6,-87.07
198701,411405.0,3388840.0,31,360,9,6,2585.0,9.2,493,0,13,411285,3388670,493,0,6,-86.5
198701,411405.0,3388840.0,31,360,9,6,2585.0,9.2,493,0,13,411265,3388770,493,0,7,-87.0
198701,411405.0,3388840.0,31,360,9,6,2585.0,9.2,493,0,13,411615,3389000,494,0,6,-107.75
198701,411405.0,3388840.0,31,360,9,6,2585.0,9.2,493,0,13,411610,3388995,494,0,6,-100.5
198701,411405.0,3388840.0,31,360,9,6,2585.0,9.2,493,0,13,411240,3388785,493,0,5,-87.67
198701,411405.0,3388840.0,31,360,9,6,2585.0,9.2,493,0,13,411465,3388895,493,0,5,-80.5
198701,411405.0,3388840.0,31,360,9,6,2585.0,9.2,493,0,13,411460,3388900,492,0,5,-95.0
198701,411405.0,3388840.0,31,360,9,6,2585.0,9.2,493,0,13,411375,3388825,493,15,13,-94.5
198701,411405.0,3388840.0,31,360,9,6,2585.0,9.2,493,0,13,411370,3388830,493,15,5,-84.5
198701,411405.0,3388840.0,31,360,9,6,2585.0,9.2,493,0,13,411395,3388805,493,0,13,-93.11
198701,411405.0,3388840.0,31,360,9,6,2585.0,9.2,493,0,13,411455,3388905,492,0,5,-74.67
198701,411405.0,3388840.0,31,360,9,6,2585.0,9.2,493,0,13,411255,3389025,493,0,7,-93.5
198701,411405.0,3388840.0,31,360,9,6,2585.0,9.2,493,0,13,411515,3388925,493,0,5,-85.64
198701,411405.0,3388840.0,31,360,9,6,2585.0,9.2,493,0,13,411400,3388880,492,0,13,-77.38
198701,411405.0,3388840.0,31,360,9,6,2585.0,9.2,493,0,13,411490,3388950,493,0,5,-79.14
198701,411405.0,3388840.0,31,360,9,6,2585.0,9.2,493,0,13,411475,3388885,493,0,5,-80.82
198701,411405.0,3388840.0,31,360,9,6,2585.0,9.2,493,0,13,411245,3389035,493,0,6,-87.67
198701,411405.0,3388840.0,31,360,9,6,2585.0,9.2,493,0,13,411360,3388840,492,0,13,-86.89
198701,411405.0,3388840.0,31,360,9,6,2585.0,9.2,493,0,13,411390,3388810,493,0,5,-96.13
198701,411405.0,3388840.0,31,360,9,6,2585.0,9.2,493,0,13,411430,3388850,493,0,13,-86.89
198701,411405.0,3388840.0,31,360,9,6,2585.0,9.2,493,0,13,411435,3388845,494,0,13,-88.13
198701,411405.0,3388840.0,31,360,9,6,2585.0,9.2,493,0,13,411385,3388815,493,0,5,-97.45
198701,411405.0,3388840.0,31,360,9,6,2585.0,9.2,493,0,13,411500,3388940,493,0,5,-78.54
198701,411405.0,3388840.0,31,360,9,6,2585.0,9.2,493,0,13,411405,3388875,492,0,5,-73.0
198701,411405.0,3388840.0,31,360,9,6,2585.0,9.2,493,0,13,411415,3388865,493,0,13,-75.84
198701,411405.0,3388840.0,31,360,9,6,2585.0,9.2,493,0,13,411495,3388945,493,0,5,-81.8
198701,411405.0,3388840.0,31,360,9,6,2585.0,9.2,493,0,13,411510,3388930,493,0,6,-79.83
198701,411405.0,3388840.0,31,360,9,6,2585.0,9.2,493,0,13,411505,3388935,493,0,6,-77.88
198701,411405.0,3388840.0,31,360,9,6,2585.0,9.2,493,0,13,411470,3388890,493,0,5,-78.0
198701,411405.0,3388840.0,31,360,9,6,2585.0,9.2,493,0,13,411420,3388860,493,0,13,-79.92
198701,411405.0,3388840.0,31,360,9,6,2585.0,9.2,493,0,13,411365,3388835,493,15,13,-89.57
198701,411405.0,3388840.0,31,360,9,6,2585.0,9.2,493,0,13,411425,3388855,493,0,5,-82.18
198701,411405.0,3388840.0,31,360,9,6,2585.0,9.2,493,0,13,411240,3389040,494,0,6,-83.33
198701,411405.0,3388840.0,31,360,9,6,2585.0,9.2,493,0,13,411410,3388870,492,0,5,-78.31
198701,411405.0,3388840.0,31,360,9,6,2585.0,9.2,493,0,13,411380,3388820,493,15,5,-89.67
198701,411405.0,3388840.0,31,360,9,6,2585.0,9.2,493,0,13,411485,3388955,493,0,5,-84.25
198701,411405.0,3388840.0,31,360,9,6,2585.0,9.2,493,0,13,411130,3388875,493,0,5,-100.5
198701,411405.0,3388840.0,31,360,9,6,2585.0,9.2,493,0,13,411135,3388880,493,0,12,-92.67
198701,411405.0,3388840.0,31,360,9,6,2585.0,9.2,493,0,13,411175,3388840,493,0,5,-111.0
198701,411405.0,3388840.0,31,360,9,6,2585.0,9.2,493,0,13,411480,3389025,493,0,13,-93.5
198701,411405.0,3388840.0,31,360,9,6,2585.0,9.2,493,0,13,411250,3388955,492,0,6,-78.5
198701,411405.0,3388840.0,31,360,9,6,2585.0,9.2,493,0,13,411400,3389105,491,0,5,-87.25
198701,411405.0,3388840.0,31,360,9,6,2585.0,9.2,493,0,13,411235,3388900,491,0,12,-72.73
198701,411405.0,3388840.0,31,360,9,6,2585.0,9.2,493,0,13,411300,3388805,493,15,13,-84.0
198701,411405.0,3388840.0,31,360,9,6,2585.0,9.2,493,0,13,411315,3388820,492,0,13,-86.4
198701,411405.0,3388840.0,31,360,9,6,2585.0,9.2,493,0,13,411515,3389020,494,0,5,-90.2
198701,411405.0,3388840.0,31,360,9,6,2585.0,9.2,493,0,13,411255,3388960,492,0,6,-78.9
198701,411405.0,3388840.0,31,360,9,6,2585.0,9.2,493,0,13,411490,3389035,493,0,5,-88.89
198701,411405.0,3388840.0,31,360,9,6,2585.0,9.2,493,0,13,411505,3389010,494,0,6,-89.26
198701,411405.0,3388840.0,31,360,9,6,2585.0,9.2,493,0,13,411500,3389005,494,0,6,-87.05
198701,411405.0,3388840.0,31,360,9,6,2585.0,9.2,493,0,13,411510,3389015,494,0,5,-84.56
198701,411405.0,3388840.0,31,360,9,6,2585.0,9.2,493,0,13,411220,3388885,492,0,5,-80.56
198701,411405.0,3388840.0,31,360,9,6,2585.0,9.2,493,0,13,411355,3388860,492,0,5,-76.79
198701,411405.0,3388840.0,31,360,9,6,2585.0,9.2,493,0,13,411225,3388890,492,0,5,-72.27
198701,411405.0,3388840.0,31,360,9,6,2585.0,9.2,493,0,13,411275,3388940,491,0,6,-77.35
198701,411405.0,3388840.0,31,360,9,6,2585.0,9.2,493,0,13,411265,3388930,491,0,6,-79.5
198701,411405.0,3388840.0,31,360,9,6,2585.0,9.2,493,0,13,411310,3388815,492,0,5,-88.75
198701,411405.0,3388840.0,31,360,9,6,2585.0,9.2,493,0,13,411230,3388895,491,0,12,-72.95
198701,411405.0,3388840.0,31,360,9,6,2585.0,9.2,493,0,13,411320,3388865,491,0,13,-73.31
198701,411405.0,3388840.0,31,360,9,6,2585.0,9.2,493,0,13,411290,3388835,492,0,13,-79.36
198701,411405.0,3388840.0,31,360,9,6,2585.0,9.2,493,0,13,411335,3388880,491,0,5,-75.23
198701,411405.0,3388840.0,31,360,9,6,2585.0,9.2,493,0,13,411280,3388825,492,0,6,-92.88
198701,411405.0,3388840.0,31,360,9,6,2585.0,9.2,493,0,13,411495,3389040,493,0,6,-89.12
198701,411405.0,3388840.0,31,360,9,6,2585.0,9.2,493,0,13,411295,3388840,492,0,5,-76.11
198701,411405.0,3388840.0,31,360,9,6,2585.0,9.2,493,0,13,411330,3388875,491,0,5,-75.92
198701,411405.0,3388840.0,31,360,9,6,2585.0,9.2,493,0,13,411350,3388855,492,0,13,-79.15
198701,411405.0,3388840.0,31,360,9,6,2585.0,9.2,493,0,13,411345,3388850,492,0,5,-85.5
198701,411405.0,3388840.0,31,360,9,6,2585.0,9.2,493,0,13,411285,3388830,492,0,5,-87.41
198701,411405.0,3388840.0,31,360,9,6,2585.0,9.2,493,0,13,411325,3388870,491,0,13,-75.49
198701,411405.0,3388840.0,31,360,9,6,2585.0,9.2,493,0,13,411340,3388845,492,0,13,-83.65
198701,411405.0,3388840.0,31,360,9,6,2585.0,9.2,493,0,13,411485,3389030,493,0,5,-86.71
198701,411405.0,3388840.0,31,360,9,6,2585.0,9.2,493,0,13,411260,3388925,491,0,7,-85.75
198701,411405.0,3388840.0,31,360,9,6,2585.0,9.2,493,0,13,411270,3388935,491,0,6,-78.14
198701,411405.0,3388840.0,31,360,9,6,2585.0,9.2,493,0,13,411305,3388810,492,15,13,-84.67
198701,411405.0,3388840.0,31,360,9,6,2585.0,9.2,493,0,13,410845,3388665,493,0,5,-101.33
198701,411405.0,3388840.0,31,360,9,6,2585.0,9.2,493,0,13,411480,3388935,493,12,6,-82.25
198701,411405.0,3388840.0,31,360,9,6,2585.0,9.2,493,0,13,411380,3388835,493,15,13,-91.0
198701,411405.0,3388840.0,31,360,9,6,2585.0,9.2,493,0,13,411390,3388825,493,15,5,-95.17
198701,411405.0,3388840.0,31,360,9,6,2585.0,9.2,493,0,13,411595,3388710,492,0,12,-125.0
198701,411405.0,3388840.0,31,360,9,6,2585.0,9.2,493,0,13,411260,3389035,493,0,6,-84.0
198701,411405.0,3388840.0,31,360,9,6,2585.0,9.2,493,0,13,411650,3388765,494,0,12,-113.0
198701,411405.0,3388840.0,31,360,9,6,2585.0,9.2,493,0,13,411410,3388845,493,0,13,-82.5
198701,411405.0,3388840.0,31,360,9,6,2585.0,9.2,493,0,13,411445,3388900,492,0,5,-86.17
198701,411405.0,3388840.0,31,360,9,6,2585.0,9.2,493,0,13,411370,3388805,493,0,5,-102.31
198701,411405.0,3388840.0,31,360,9,6,2585.0,9.2,493,0,13,411405,3388860,493,0,13,-75.78
198701,411405.0,3388840.0,31,360,9,6,2585.0,9.2,493,0,13,411450,3388885,493,0,5,-80.17
198701,411405.0,3388840.0,31,360,9,6,2585.0,9.2,493,0,13,411490,3388925,493,0,5,-86.4
198701,411405.0,3388840.0,31,360,9,6,2585.0,9.2,493,0,13,411415,3388850,493,0,13,-85.09
198701,411405.0,3388840.0,31,360,9,6,2585.0,9.2,493,0,13,411360,3388815,493,0,5,-95.0
198701,411405.0,3388840.0,31,360,9,6,2585.0,9.2,493,0,13,411375,3388810,493,0,5,-95.25
198701,411405.0,3388840.0,31,360,9,6,2585.0,9.2,493,0,13,411050,3389125,498,21,12,-93.09
198701,411405.0,3388840.0,31,360,9,6,2585.0,9.2,493,0,13,411505,3388960,493,0,6,-80.5
198701,411405.0,3388840.0,31,360,9,6,2585.0,9.2,493,0,13,411425,3388880,492,0,13,-78.59
198701,411405.0,3388840.0,31,360,9,6,2585.0,9.2,493,0,13,411420,3388875,492,0,5,-74.86
198701,411405.0,3388840.0,31,360,9,6,2585.0,9.2,493,0,13,411500,3388955,493,0,6,-77.59
198701,411405.0,3388840.0,31,360,9,6,2585.0,9.2,493,0,13,411455,3388890,493,0,5,-79.43
198701,411405.0,3388840.0,31,360,9,6,2585.0,9.2,493,0,13,411495,3388930,493,0,6,-81.47
198701,411405.0,3388840.0,31,360,9,6,2585.0,9.2,493,0,13,411430,3388865,493,0,5,-77.78
198701,411405.0,3388840.0,31,360,9,6,2585.0,9.2,493,0,13,411510,3388945,493,0,6,-82.48
198701,411405.0,3388840.0,31,360,9,6,2585.0,9.2,493,0,13,411385,3388840,493,0,13,-83.93
198701,411405.0,3388840.0,31,360,9,6,2585.0,9.2,493,0,13,411435,3388870,493,0,5,-77.68
198701,411405.0,3388840.0,31,360,9,6,2585.0,9.2,493,0,13,411400,3388855,493,0,13,-77.33
198701,411405.0,3388840.0,31,360,9,6,2585.0,9.2,493,0,13,411395,3388830,493,15,5,-97.14
198701,411405.0,3388840.0,31,360,9,6,2585.0,9.2,493,0,13,411040,3389135,498,0,5,-94.0
198701,411405.0,3388840.0,31,360,9,6,2585.0,9.2,493,0,13,411515,3388950,493,0,5,-87.0
198701,411405.0,3388840.0,31,360,9,6,2585.0,9.2,493,0,13,411440,3388895,492,0,5,-88.0
198701,411405.0,3388840.0,31,360,9,6,2585.0,9.2,493,0,13,411365,3388820,493,15,5,-97.0
198701,411405.0,3388840.0,31,360,9,6,2585.0,9.2,493,0,13,411485,3388940,493,0,5,-80.63
198701,411405.0,3388840.0,31,360,9,6,2585.0,9.2,493,0,13,411600,3388945,495,0,5,-101.5
198701,411405.0,3388840.0,31,360,9,6,2585.0,9.2,493,0,13,411455,3388800,494,0,13,-83.5
198701,411405.0,3388840.0,31,360,9,6,2585.0,9.2,493,0,13,411445,3388790,494,6,13,-106.0
198701,411405.0,3388840.0,31,360,9,6,2585.0,9.2,493,0,13,411605,3388950,495,0,5,-102.2
198701,411405.0,3388840.0,31,360,9,6,2585.0,9.2,493,0,13,411520,3388865,493,0,5,-90.0
198701,411405.0,3388840.0,31,360,9,6,2585.0,9.2,493,0,13,411505,3388730,494,0,5,-104.25
198701,411405.0,3388840.0,31,360,9,6,2585.0,9.2,493,0,13,411610,3388955,495,0,5,-104.25
198701,411405.0,3388840.0,31,360,9,6,2585.0,9.2,493,0,13,411450,3388795,494,6,13,-108.0
198701,411405.0,3388840.0,31,360,9,6,2585.0,9.2,493,0,13,411535,3388880,493,0,5,-103.5
198701,411405.0,3388840.0,31,360,9,6,2585.0,9.2,493,0,13,411630,3388935,496,0,5,-108.75
198701,411405.0,3388840.0,31,360,9,6,2585.0,9.2,493,0,13,410025,3390895,498,0,7,-84.0
198701,411405.0,3388840.0,31,360,9,6,2585.0,9.2,493,0,13,411360,3388955,490,6,7,-80.0
198701,411405.0,3388840.0,31,360,9,6,2585.0,9.2,493,0,13,411410,3388905,491,0,5,-95.5
198701,411405.0,3388840.0,31,360,9,6,2585.0,9.2,493,0,13,411345,3388980,490,0,13,-83.0
198701,411405.0,3388840.0,31,360,9,6,2585.0,9.2,493,0,13,411355,3388970,490,6,5,-73.75
198701,411405.0,3388840.0,31,360,9,6,2585.0,9.2,493,0,13,411415,3388910,491,0,5,-71.5
198701,411405.0,3388840.0,31,360,9,6,2585.0,9.2,493,0,13,411350,3388965,490,0,5,-82.0
198701,411405.0,3388840.0,31,360,9,6,2585.0,9.2,493,0,13,411390,3388925,490,0,6,-72.5
198701,411405.0,3388840.0,31,360,9,6,2585.0,9.2,493,0,13,411375,3388950,490,0,5,-84.5
198701,411405.0,3388840.0,31,360,9,6,2585.0,9.2,493,0,13,411485,3388840,494,0,5,-93.75
198701,411405.0,3388840.0,31,360,9,6,2585.0,9.2,493,0,13,411505,3388820,494,0,5,-96.64
198701,411405.0,3388840.0,31,360,9,6,2585.0,9.2,493,0,13,411450,3388865,493,0,13,-79.28
198701,411405.0,3388840.0,31,360,9,6,2585.0,9.2,493,0,13,411460,3388855,494,0,5,-81.91
198701,411405.0,3388840.0,31,360,9,6,2585.0,9.2,493,0,13,411230,3389085,495,0,5,-80.75
198701,411405.0,3388840.0,31,360,9,6,2585.0,9.2,493,0,13,411435,3388890,492,0,5,-82.0
198701,411405.0,3388840.0,31,360,9,6,2585.0,9.2,493,0,13,411235,3389090,495,0,5,-80.71
198701,411405.0,3388840.0,31,360,9,6,2585.0,9.2,493,0,13,411445,3388880,493,0,13,-78.38
198701,411405.0,3388840.0,31,360,9,6,2585.0,9.2,493,0,13,411475,3388850,494,0,5,-90.17
198701,411405.0,3388840.0,31,360,9,6,2585.0,9.2,493,0,13,411500,3388815,494,0,5,-103.5
198701,411405.0,3388840.0,31,360,9,6,2585.0,9.2,493,0,13,411245,3389080,494,0,6,-79.5
198701,411405.0,3388840.0,31,360,9,6,2585.0,9.2,493,0,13,411455,3388870,493,0,13,-78.77
198701,411405.0,3388840.0,31,360,9,6,2585.0,9.2,493,0,13,411520,3388795,494,0,5,-105.0
198701,411405.0,3388840.0,31,360,9,6,2585.0,9.2,493,0,13,411510,3388805,494,0,6,-100.63
198701,411405.0,3388840.0,31,360,9,6,2585.0,9.2,493,0,13,411465,3388860,494,0,5,-84.64
198701,411405.0,3388840.0,31,360,9,6,2585.0,9.2,493,0,13,411250,3389065,494,0,6,-84.75
198701,411405.0,3388840.0,31,360,9,6,2585.0,9.2,493,0,13,411440,3388875,493,0,13,-76.67
198701,411405.0,3388840.0,31,360,9,6,2585.0,9.2,493,0,13,411430,3388885,492,0,5,-76.8
198701,411405.0,3388840.0,31,360,9,6,2585.0,9.2,493,0,13,411540,3388775,494,0,5,-97.5
198701,411405.0,3388840.0,31,360,9,6,2585.0,9.2,493,0,13,411255,3389070,494,0,6,-83.67
198701,411405.0,3388840.0,31,360,9,6,2585.0,9.2,493,0,13,411385,3388940,490,0,7,-74.5
198701,411405.0,3388840.0,31,360,9,6,2585.0,9.2,493,0,13,411515,3388810,494,0,6,-99.6
198701,411405.0,3388840.0,31,360,9,6,2585.0,9.2,493,0,13,411395,3388930,491,0,6,-77.0
198701,411405.0,3388840.0,31,360,9,6,2585.0,9.2,493,0,13,411380,3388935,490,0,5,-71.69
198701,411405.0,3388840.0,31,360,9,6,2585.0,9.2,493,0,13,411240,3389075,494,0,6,-81.75
198701,411405.0,3388840.0,31,360,9,6,2585.0,9.2,493,0,13,411225,3389100,495,21,12,-83.5
198701,411405.0,3388840.0,31,360,9,6,2585.0,9.2,493,0,13,411495,3388830,494,0,5,-94.6
198701,411405.0,3388840.0,31,360,9,6,2585.0,9.2,493,0,13,411470,3388845,494,0,5,-97.33
198701,411405.0,3388840.0,31,360,9,6,2585.0,9.2,493,0,13,411370,3388945,490,0,7,-77.73
198701,411405.0,3388840.0,31,360,9,6,2585.0,9.2,493,0,13,411170,3388885,493,0,5,-87.75
198701,411405.0,3388840.0,31,360,9,6,2585.0,9.2,493,0,13,411400,3389135,492,0,5,-86.5
198701,411405.0,3388840.0,31,360,9,6,2585.0,9.2,493,0,13,411175,3388890,492,0,5,-83.33
198701,411405.0,3388840.0,31,360,9,6,2585.0,9.2,493,0,13,411340,3388930,490,0,6,-84.8
198701,411405.0,3388840.0,31,360,9,6,2585.0,9.2,493,0,13,411495,3389115,492,0,6,-93.5
198701,411405.0,3388840.0,31,360,9,6,2585.0,9.2,493,0,13,411285,3388905,490,0,5,-80.33
198701,411405.0,3388840.0,31,360,9,6,2585.0,9.2,493,0,13,411345,3388925,490,6,6,-86.5
198701,411405.0,3388840.0,31,360,9,6,2585.0,9.2,493,0,13,411355,3388935,490,6,5,-85.5
198701,411405.0,3388840.0,31,360,9,6,2585.0,9.2,493,0,13,411505,3389085,492,0,6,-92.0
198701,411405.0,3388840.0,31,360,9,6,2585.0,9.2,493,0,13,411500,3389090,492,0,6,-92.07
198701,411405.0,3388840.0,31,360,9,6,2585.0,9.2,493,0,13,411230,3388820,493,0,5,-84.8
198701,411405.0,3388840.0,31,360,9,6,2585.0,9.2,493,0,13,411305,3388885,491,0,5,-74.2
198701,411405.0,3388840.0,31,360,9,6,2585.0,9.2,493,0,13,411245,3388865,492,0,5,-73.85
198701,411405.0,3388840.0,31,360,9,6,2585.0,9.2,493,0,13,411265,3388845,492,0,6,-82.86
198701,411405.0,3388840.0,31,360,9,6,2585.0,9.2,493,0,13,411275,3388855,491,0,6,-79.52
198701,411405.0,3388840.0,31,360,9,6,2585.0,9.2,493,0,13,411260,3388850,492,0,6,-82.03
198701,411405.0,3388840.0,31,360,9,6,2585.0,9.2,493,0,13,411255,3388875,491,0,6,-74.24
198701,411405.0,3388840.0,31,360,9,6,2585.0,9.2,493,0,13,411250,3388880,491,0,6,-71.53
198701,411405.0,3388840.0,31,360,9,6,2585.0,9.2,493,0,13,411270,3388860,491,0,6,-81.93
198701,411405.0,3388840.0,31,360,9,6,2585.0,9.2,493,0,13,411515,3389095,492,0,5,-94.5
198701,411405.0,3388840.0,31,360,9,6,2585.0,9.2,493,0,13,411240,3388870,492,0,12,-70.72
198701,411405.0,3388840.0,31,360,9,6,2585.0,9.2,493,0,13,411235,3388815,493,21,5,-89.25
198701,411405.0,3388840.0,31,360,9,6,2585.0,9.2,493,0,13,411510,3389100,492,0,5,-90.18
198701,411405.0,3388840.0,31,360,9,6,2585.0,9.2,493,0,13,411300,3388890,490,0,5,-71.28
198701,411405.0,3388840.0,31,360,9,6,2585.0,9.2,493,0,13,411350,3388940,490,6,7,-86.29
198701,411405.0,3388840.0,31,360,9,6,2585.0,9.2,493,0,13,411360,3388990,490,0,13,-82.0
198701,411405.0,3388840.0,31,360,9,6,2585.0,9.2,493,0,13,411280,3388910,490,0,5,-82.57
198701,411405.0,3388840.0,31,360,9,6,2585.0,9.2,493,0,13,411310,3388900,490,0,5,-69.38
198701,411405.0,3388840.0,31,360,9,6,2585.0,9.2,493,0,13,411315,3388895,490,0,5,-72.29
198701,411405.0,3388840.0,31,360,9,6,2585.0,9.2,493,0,13,411425,3388815,494,0,13,-99.0
198701,411405.0,3388840.0,31,360,9,6,2585.0,9.2,493,0,13,411220,3389020,493,0,5,-90.8
198701,411405.0,3388840.0,31,360,9,6,2585.0,9.2,493,0,13,411480,3388920,492,12,5,-82.6
198701,411405.0,3388840.0,31,360,9,6,2585.0,9.2,493,0,13,411405,3388835,493,15,13,-94.0
198701,411405.0,3388840.0,31,360,9,6,2585.0,9.2,493,0,13,411420,3388820,494,0,5,-114.67
198701,411405.0,3388840.0,31,360,9,6,2585.0,9.2,493,0,13,411370,3388870,491,0,5,-74.1
198701,411405.0,3388840.0,31,360,9,6,2585.0,9.2,493,0,13,411515,3388885,493,0,5,-88.27
198701,411405.0,3388840.0,31,360,9,6,2585.0,9.2,493,0,13,411510,3388890,493,0,6,-86.88
198701,411405.0,3388840.0,31,360,9,6,2585.0,9.2,493,0,13,411500,3388900,493,0,5,-84.92
198701,411405.0,3388840.0,31,360,9,6,2585.0,9.2,493,0,13,411395,3388845,493,0,13,-88.29
198701,411405.0,3388840.0,31,360,9,6,2585.0,9.2,493,0,13,411490,3388910,492,0,5,-84.76
198701,411405.0,3388840.0,31,360,9,6,2585.0,9.2,493,0,13,411375,3388865,492,0,5,-75.77
198701,411405.0,3388840.0,31,360,9,6,2585.0,9.2,493,0,13,411505,3388895,493,0,6,-86.38
198701,411405.0,3388840.0,31,360,9,6,2585.0,9.2,493,0,13,411385,3388855,492,0,13,-75.89
198701,411405.0,3388840.0,31,360,9,6,2585.0,9.2,493,0,13,411365,3388875,491,0,13,-74.45
198701,411405.0,3388840.0,31,360,9,6,2585.0,9.2,493,0,13,411380,3388860,492,0,5,-76.42
198701,411405.0,3388840.0,31,360,9,6,2585.0,9.2,493,0,13,411410,3388830,494,15,5,-100.83
198701,411405.0,3388840.0,31,360,9,6,2585.0,9.2,493,0,13,411495,3388905,493,0,5,-83.5
198701,411405.0,3388840.0,31,360,9,6,2585.0,9.2,493,0,13,411255,3388985,492,0,6,-81.5
198701,411405.0,3388840.0,31,360,9,6,2585.0,9.2,493,0,13,411485,3388915,492,12,5,-91.89
198701,411405.0,3388840.0,31,360,9,6,2585.0,9.2,493,0,13,411245,3388995,492,0,6,-79.0
198701,411405.0,3388840.0,31,360,9,6,2585.0,9.2,493,0,13,411400,3388840,493,0,13,-86.14
198701,411405.0,3388840.0,31,360,9,6,2585.0,9.2,493,0,13,411390,3388850,493,0,5,-84.89
198701,411405.0,3388840.0,31,360,9,6,2585.0,9.2,493,0,13,411360,3388880,491,0,13,-73.96
198701,411405.0,3388840.0,31,360,9,6,2585.0,9.2,493,0,13,411620,3389050,495,0,12,-87.5
198701,411405.0,3388840.0,31,360,9,6,2585.0,9.2,493,0,13,411330,3388800,493,0,13,-101.5
198701,411405.0,3388840.0,31,360,9,6,2585.0,9.2,493,0,13,411595,3389015,494,21,6,-93.5
198701,411405.0,3388840.0,31,360,9,6,2585.0,9.2,493,0,13,411575,3389035,494,21,5,-89.5
198701,411405.0,3388840.0,31,360,9,6,2585.0,9.2,493,0,13,411525,3388985,494,0,13,-85.72
198701,411405.0,3388840.0,31,360,9,6,2585.0,9.2,493,0,13,411560,3389030,494,0,5,-85.0
198701,411405.0,3388840.0,31,360,9,6,2585.0,9.2,493,0,13,411580,3389010,495,0,5,-89.6
198701,411405.0,3388840.0,31,360,9,6,2585.0,9.2,493,0,13,411535,3388995,495,0,13,-86.33
198701,411405.0,3388840.0,31,360,9,6,2585.0,9.2,493,0,13,411410,3388560,491,0,5,-126.0
198701,411405.0,3388840.0,31,360,9,6,2585.0,9.2,493,0,13,411550,3388980,495,0,12,-82.71
198701,411405.0,3388840.0,31,360,9,6,2585.0,9.2,493,0,13,411520,3388990,494,0,13,-85.82
198701,411405.0,3388840.0,31,360,9,6,2585.0,9.2,493,0,13,411405,3388545,491,0,5,-112.0
198701,411405.0,3388840.0,31,360,9,6,2585.0,9.2,493,0,13,411290,3388760,493,6,5,-94.0
198701,411405.0,3388840.0,31,360,9,6,2585.0,9.2,493,0,13,411265,3388685,493,0,6,-93.25
198701,411405.0,3388840.0,31,360,9,6,2585.0,9.2,493,0,13,411285,3388745,494,0,5,-91.67
198701,411405.0,3388840.0,31,360,9,6,2585.0,9.2,493,0,13,411260,3388690,493,0,6,-98.44
198701,411405.0,3388840.0,31,360,9,6,2585.0,9.2,493,0,13,411555,3388975,495,0,12,-86.0
198701,411405.0,3388840.0,31,360,9,6,2585.0,9.2,493,0,13,411415,3388555,491,0,5,-112.33
198701,411405.0,3388840.0,31,360,9,6,2585.0,9.2,493,0,13,411400,3388550,491,0,12,-122.0
198701,411405.0,3388840.0,31,360,9,6,2585.0,9.2,493,0,13,411255,3388715,493,0,6,-93.5
198701,411405.0,3388840.0,31,360,9,6,2585.0,9.2,493,0,13,411280,3388750,494,0,6,-90.63
198701,411405.0,3388840.0,31,360,9,6,2585.0,9.2,493,0,13,411530,3389000,495,0,13,-89.86
198701,411405.0,3388840.0,31,360,9,6,2585.0,9.2,493,0,13,411335,3388795,493,0,5,-98.0
198701,411405.0,3388840.0,31,360,9,6,2585.0,9.2,493,0,13,411245,3388705,493,0,5,-94.5
198701,411405.0,3388840.0,31,360,9,6,2585.0,9.2,493,0,13,411270,3388700,493,0,7,-93.75
198701,411405.0,3388840.0,31,360,9,6,2585.0,9.2,493,0,13,411240,3388710,493,0,11,-93.5
198701,411405.0,3388840.0,31,360,9,6,2585.0,9.2,493,0,13,411590,3389020,495,0,5,-94.2
198701,411405.0,3388840.0,31,360,9,6,2585.0,9.2,493,0,13,411565,3389025,494,0,5,-90.44
198701,411405.0,3388840.0,31,360,9,6,2585.0,9.2,493,0,13,411630,3389060,495,0,5,-99.0
198701,411405.0,3388840.0,31,360,9,6,2585.0,9.2,493,0,13,411295,3388755,493,0,12,-87.0
198701,411405.0,3388840.0,31,360,9,6,2585.0,9.2,493,0,13,411225,3388850,492,0,5,-65.5
198701,411405.0,3388840.0,31,360,9,6,2585.0,9.2,493,0,13,411485,3389070,491,0,5,-95.67
198701,411405.0,3388840.0,31,360,9,6,2585.0,9.2,493,0,13,411210,3388875,492,21,5,-76.25
198701,411405.0,3388840.0,31,360,9,6,2585.0,9.2,493,0,13,411330,3388915,490,6,5,-77.5
198701,411405.0,3388840.0,31,360,9,6,2585.0,9.2,493,0,13,411280,3388945,491,0,5,-78.0
198701,411405.0,3388840.0,31,360,9,6,2585.0,9.2,493,0,13,411285,3388950,491,6,5,-81.5
198701,411405.0,3388840.0,31,360,9,6,2585.0,9.2,493,0,13,411220,3388845,492,21,12,-110.5
198701,411405.0,3388840.0,31,360,9,6,2585.0,9.2,493,0,13,411230,3388855,492,21,5,-65.5
198701,411405.0,3388840.0,31,360,9,6,2585.0,9.2,493,0,13,411325,3388910,490,0,5,-86.25
198701,411405.0,3388840.0,31,360,9,6,2585.0,9.2,493,0,13,411345,3388890,491,0,13,-77.0
198701,411405.0,3388840.0,31,360,9,6,2585.0,9.2,493,0,13,411020,3389205,496,0,5,-96.33
198701,411405.0,3388840.0,31,360,9,6,2585.0,9.2,493,0,13,411495,3389080,491,0,6,-92.33
198701,411405.0,3388840.0,31,360,9,6,2585.0,9.2,493,0,13,411505,3389050,493,0,6,-91.89
198701,411405.0,3388840.0,31,360,9,6,2585.0,9.2,493,0,13,411265,3388810,492,0,7,-88.24
198701,411405.0,3388840.0,31,360,9,6,2585.0,9.2,493,0,13,411695,3388720,494,21,5,-111.17
198701,411405.0,3388840.0,31,360,9,6,2585.0,9.2,493,0,13,411205,3388870,492,21,12,-91.0
198701,411405.0,3388840.0,31,360,9,6,2585.0,9.2,493,0,13,411500,3389045,493,0,6,-90.74
198701,411405.0,3388840.0,31,360,9,6,2585.0,9.2,493,0,13,411255,3388840,492,0,6,-82.04
198701,411405.0,3388840.0,31,360,9,6,2585.0,9.2,493,0,13,411250,3388835,492,0,6,-80.66
198701,411405.0,3388840.0,31,360,9,6,2585.0,9.2,493,0,13,411245,3388830,492,0,5,-84.42
198701,411405.0,3388840.0,31,360,9,6,2585.0,9.2,493,0,13,411335,3388920,490,6,5,-79.0
198701,411405.0,3388840.0,31,360,9,6,2585.0,9.2,493,0,13,411275,3388820,492,0,6,-89.48
198701,411405.0,3388840.0,31,360,9,6,2585.0,9.2,493,0,13,411270,3388815,492,0,6,-90.0
198701,411405.0,3388840.0,31,360,9,6,2585.0,9.2,493,0,13,411235,3388860,492,0,5,-74.33
198701,411405.0,3388840.0,31,360,9,6,2585.0,9.2,493,0,13,411260,3388805,493,0,6,-94.99
198701,411405.0,3388840.0,31,360,9,6,2585.0,9.2,493,0,13,411320,3388905,490,0,5,-67.0
198701,411405.0,3388840.0,31,360,9,6,2585.0,9.2,493,0,13,411490,3389075,491,0,5,-94.3
198701,411405.0,3388840.0,31,360,9,6,2585.0,9.2,493,0,13,411240,3388825,492,0,5,-87.57
198701,411405.0,3388840.0,31,360,9,6,2585.0,9.2,493,0,13,411215,3388880,492,0,5,-77.54
198701,411405.0,3388840.0,31,360,9,6,2585.0,9.2,493,0,13,411355,3388900,490,0,5,-73.5
198701,411405.0,3388840.0,31,360,9,6,2585.0,9.2,493,0,13,411340,3388885,491,0,13,-76.62
198701,411405.0,3388840.0,31,360,9,6,2585.0,9.2,493,0,13,411190,3388875,492,21,5,-84.33
198701,411405.0,3388840.0,31,360,9,6,2585.0,9.2,493,0,13,411180,3388865,493,21,5,-89.33
198701,411405.0,3388840.0,31,360,9,6,2585.0,9.2,493,0,13,411195,3388880,492,0,5,-82.0
198701,411405.0,3388840.0,31,360,9,6,2585.0,9.2,493,0,13,410015,3390910,498,0,5,-89.0
198701,411405.0,3388840.0,31,360,9,6,2585.0,9.2,493,0,13,411425,3388920,491,15,5,-67.0
198701,411405.0,3388840.0,31,360,9,6,2585.0,9.2,493,0,13,411430,3388905,492,0,5,-81.8
198701,411405.0,3388840.0,31,360,9,6,2585.0,9.2,493,0,13,411355,3388990,490,0,13,-76.5
198701,411405.0,3388840.0,31,360,9,6,2585.0,9.2,493,0,13,411220,3389115,495,9,13,-84.0
198701,411405.0,3388840.0,31,360,9,6,2585.0,9.2,493,0,13,411410,3388885,492,0,13,-78.05
198701,411405.0,3388840.0,31,360,9,6,2585.0,9.2,493,0,13,411400,3388895,491,0,5,-83.33
198701,411405.0,3388840.0,31,360,9,6,2585.0,9.2,493,0,13,411435,3388910,491,0,5,-86.0
198701,411405.0,3388840.0,31,360,9,6,2585.0,9.2,493,0,13,411515,3388830,494,0,6,-95.38
198701,411405.0,3388840.0,31,360,9,6,2585.0,9.2,493,0,13,411445,3388860,493,0,5,-80.05
198701,411405.0,3388840.0,31,360,9,6,2585.0,9.2,493,0,13,411470,3388865,493,0,13,-81.03
198701,411405.0,3388840.0,31,360,9,6,2585.0,9.2,493,0,13,411510,3388825,494,0,6,-96.89
198701,411405.0,3388840.0,31,360,9,6,2585.0,9.2,493,0,13,411245,3389060,494,0,6,-85.75
198701,411405.0,3388840.0,31,360,9,6,2585.0,9.2,493,0,13,411375,3388930,490,0,6,-71.4
198701,411405.0,3388840.0,31,360,9,6,2585.0,9.2,493,0,13,411525,3388780,494,0,5,-102.89
198701,411405.0,3388840.0,31,360,9,6,2585.0,9.2,493,0,13,411465,3388880,493,0,13,-79.21
198701,411405.0,3388840.0,31,360,9,6,2585.0,9.2,493,0,13,411440,3388855,493,0,5,-82.07
198701,411405.0,3388840.0,31,360,9,6,2585.0,9.2,493,0,13,411505,3388840,494,0,5,-93.0
198701,411405.0,3388840.0,31,360,9,6,2585.0,9.2,493,0,13,411455,3388850,494,0,13,-85.2
198701,411405.0,3388840.0,31,360,9,6,2585.0,9.2,493,0,13,411450,3388845,494,0,13,-83.62
198701,411405.0,3388840.0,31,360,9,6,2585.0,9.2,493,0,13,411255,3389050,493,0,7,-84.33
198701,411405.0,3388840.0,31,360,9,6,2585.0,9.2,493,0,13,411370,3388925,490,0,6,-74.25
198701,411405.0,3388840.0,31,360,9,6,2585.0,9.2,493,0,13,411520,3388775,494,0,6,-101.4
198701,411405.0,3388840.0,31,360,9,6,2585.0,9.2,493,0,13,411250,3389045,493,0,6,-86.0
198701,411405.0,3388840.0,31,360,9,6,2585.0,9.2,493,0,13,411475,3388870,493,0,5,-80.27
198701,411405.0,3388840.0,31,360,9,6,2585.0,9.2,493,0,13,411235,3389110,495,0,6,-81.0
198701,411405.0,3388840.0,31,360,9,6,2585.0,9.2,493,0,13,411460,3388875,493,0,13,-79.19
198701,411405.0,3388840.0,31,360,9,6,2585.0,9.2,493,0,13,411240,3389055,494,0,6,-87.17
198701,411405.0,3388840.0,31,360,9,6,2585.0,9.2,493,0,13,411365,3388940,490,0,7,-77.36
198701,411405.0,3388840.0,31,360,9,6,2585.0,9.2,493,0,13,411275,3389070,493,0,5,-86.0
198701,411405.0,3388840.0,31,360,9,6,2585.0,9.2,493,0,13,411390,3388945,491,0,7,-85.13
198701,411405.0,3388840.0,31,360,9,6,2585.0,9.2,493,0,13,411500,3388835,494,0,5,-92.56
198701,411405.0,3388840.0,31,360,9,6,2585.0,9.2,493,0,13,411380,3388955,490,0,5,-82.0
198701,411405.0,3388840.0,31,360,9,6,2585.0,9.2,493,0,13,411360,3388935,490,6,5,-82.25
198701,411405.0,3388840.0,31,360,9,6,2585.0,9.2,493,0,13,411495,3388810,494,0,5,-97.33
198701,411405.0,3388840.0,31,360,9,6,2585.0,9.2,493,0,13,411605,3389000,494,0,6,-110.5
198701,411405.0,3388840.0,31,360,9,6,2585.0,9.2,493,0,13,411240,3388795,493,21,12,-89.71
198701,411405.0,3388840.0,31,360,9,6,2585.0,9.2,493,0,13,411275,3388770,493,0,6,-90.1
198701,411405.0,3388840.0,31,360,9,6,2585.0,9.2,493,0,13,411255,3388790,493,0,6,-91.87
198701,411405.0,3388840.0,31,360,9,6,2585.0,9.2,493,0,13,411265,3388780,493,0,7,-92.07
198701,411405.0,3388840.0,31,360,9,6,2585.0,9.2,493,0,13,411280,3388675,493,0,6,-91.5
198701,411405.0,3388840.0,31,360,9,6,2585.0,9.2,493,0,13,411260,3388775,493,0,6,-90.92
198701,411405.0,3388840.0,31,360,9,6,2585.0,9.2,493,0,13,411250,3388785,493,0,6,-99.17
198701,411405.0,3388840.0,31,360,9,6,2585.0,9.2,493,0,13,411270,3388765,493,0,6,-86.64
198701,411405.0,3388840.0,31,360,9,6,2585.0,9.2,493,0,13,411245,3388800,493,0,5,-89.31
198701,411405.0,3388840.0,31,360,9,6,2585.0,9.2,493,0,13,411600,3388995,494,0,5,-97.0
198701,411405.0,3388840.0,31,360,9,6,2585.0,9.2,493,0,13,411455,3389275,494,0,5,-92.5
198701,411405.0,3388840.0,31,360,9,6,2585.0,9.2,493,0,13,411185,3388885,492,0,5,-88.17
198701,411405.0,3388840.0,31,360,9,6,2585.0,9.2,493,0,13,411180,3388890,492,21,5,-87.33
